1024 1536
0	281	-0.25917973257934285	0.12629386809467688
0	553	-0.23268444406285363	0.23647501764443241
0	870	-0.16617479907305774	0.01095883177136180
1	153	0.14820931896844788	-0.14149519463857865
1	500	-0.04692762330352657	-0.03722415145207257
1	658	-0.11853110487151136	0.15939194780064234
2	71	-0.07589538534524508	0.19650215173638394
2	99	0.36417794229779593	0.02149798474928752
2	267	-0.08788932992265784	-0.07085684235039126
3	295	-0.19442401280283494	-0.11810402633260295
3	366	-0.30561327894294482	-0.14083718295348985
3	929	0.20752904774122899	0.00710120641274279
4	228	-0.04977942786712224	-0.05995195547799526
4	843	-0.20926806214733831	0.09318506218849361
4	882	-0.23457795891827912	0.13873278682362652
5	125	0.11189561630516912	-0.10351391466417759
5	541	-0.07978221416033356	-0.05985050495316316
5	861	0.09048710712041490	0.20777697926366442
6	336	0.05669742264832146	0.04083053038719788
6	564	0.00704039434278766	-0.22008944902467431
6	775	0.05815747770356752	0.02951682780513121
7	361	-0.11711539890290934	0.03593867084982409
7	366	-0.13617729576535462	-0.07581689765364771
7	909	0.04640804757993790	-0.06179026322490889
8	346	0.31868547078212900	-0.14998014249451350
8	617	-0.00160752864387766	0.13780018960794890
8	761	0.11195579862207654	-0.05850385156808534
9	85	0.11936701079271923	0.23151694293372374
9	667	0.11778041526033138	-0.13847139029803412
9	707	0.04320489043367804	-0.01667177999176040
10	487	-0.10351967436984362	-0.04055468066951918
10	853	0.15041690420483853	0.01826507730010112
10	864	-0.08165596061189813	0.29128521449722161
11	149	0.01712364221562721	0.19238984559648312
11	429	-0.50380531062164646	-0.06410769897048306
11	995	0.00660715690934565	-0.01223807666311120
12	102	-0.11811422785955947	0.01489765441926371
12	822	0.12672295789819119	-0.19680216678817408
12	969	0.05957928953890843	0.06589875190331634
13	460	-0.23653789323472030	0.07940315769845981
13	705	-0.34088064009067648	-0.12943912940940269
13	795	-0.27134136849872648	-0.05983154641334378
14	253	-0.11970981504021393	0.30651161676244820
14	698	0.17326692463682841	0.15917375723289021
14	731	-0.07419568649403910	0.03869233911780142
15	31	0.01106952367236265	0.14460616248433225
15	504	0.21384767571823970	0.08223257096292659
15	684	0.00459562983135575	-0.14450756419316541
16	114	-0.18653392168010879	-0.08111503213469874
16	304	-0.10185927964975590	0.40088717636965504
16	696	-0.38056065938866962	0.10095743333734992
17	539	-0.19174733730626609	0.01144155238647164
17	639	-0.06122901820641095	0.08463507896391009
17	931	0.29762205751544263	-0.13943292157148474
18	29	0.01405172329232361	-0.00462691697113911
18	518	0.15893804929934507	0.01599139945311568
18	905	0.04057899626774884	-0.10049302651922729
19	132	-0.00389960382251664	-0.10221862669445590
19	525	0.22683277500251484	0.06636679065637784
19	533	0.13812800767108610	0.11374819225829542
20	159	0.01807261839030340	0.00030875353765053
20	382	0.09822633278465576	-0.14994693065101822
20	958	-0.01164764063254469	-0.10068263892566647
21	54	-0.10957738488398958	-0.06599040170565634
21	57	0.16108535719056963	-0.05888176551324198
21	861	-0.05899798157726374	0.29189660556898850
22	294	0.17807610425341364	-0.07540919041407325
22	425	-0.24244449563148557	-0.27802683981126686
22	911	-0.15293609912681724	0.20212911746574810
23	241	-0.09188385841511497	-0.25416882268828994
23	618	0.10570993790593856	-0.14551460909499475
23	659	0.05326146777927964	0.06530888222567301
24	705	0.10179778823933015	0.07255439074827240
24	851	0.04926438581455824	0.05649711143930249
24	871	-0.10698358768325032	0.13545821443053299
25	208	-0.12521838155636220	-0.18914671352226775
25	329	0.03263630417343408	-0.17216148291362024
25	384	-0.08442895936861090	0.02125387445407124
26	625	-0.22838636513865646	-0.12777955541199262
26	745	-0.02261778120830195	-0.16068689444545742
26	1015	0.14862623778856743	0.03165163150620887
27	827	-0.04180710060349924	-0.02544545705915409
27	978	0.07488816858980535	-0.01027353123948830
27	1018	0.02268800527670603	-0.18626440560297394
28	328	0.30310440151074008	0.16473343016793773
28	375	0.15412331834707862	0.13288592920017014
28	837	0.02641009159444967	-0.11221518288125439
29	830	0.18103009224577019	-0.10202968491932972
29	1007	-0.23943004968442055	-0.14228597432195006
30	208	-0.07916399423885929	0.03094633515987859
30	426	-0.27779663858984133	0.04110167623060972
30	856	0.00065341550392726	0.12499231243611303
31	849	0.21251888613823572	-0.08335141832424721
31	966	0.02177406222620464	0.13367306996235429
32	347	-0.26437439190339168	0.20331831094953254
32	394	-0.01627261638011173	-0.06562613811142837
32	956	0.06311250853406440	-0.07072890783934485
33	407	0.12650331603325410	-0.30074809005431441
33	523	0.03283025873707671	-0.16602072927633832
33	885	-0.08452471644568160	0.12583363033381303
34	206	0.17451494047741592	-0.14683211927442011
34	495	0.02958338663660608	-0.03600087299181628
34	969	0.26032805235465512	0.03484611855868448
35	603	-0.33614143420704046	-0.16202735515311420
35	672	0.22505201009452896	-0.12175190938024262
35	954	-0.07655825470481813	-0.05588861546981724
36	507	-0.09442685994203007	0.01077780244401389
36	687	0.12717755438578335	0.32780972611243908
36	926	-0.09428014052278118	0.13862672479923063
37	43	-0.15974378911447326	-0.15687601162035739
37	474	-0.01094010386384794	-0.09624855641060356
37	960	0.14774635451558293	0.08416403753428789
38	77	0.17239534243331642	-0.07796103403311312
38	136	-0.24309645266328356	0.03454958983969699
38	562	0.12012230597570633	-0.07818144241868226
39	333	0.01140505208415678	0.17954067169242183
39	685	0.03243406419750731	-0.18729808704217518
39	810	-0.04944003098398319	-0.18039728562660293
40	516	-0.32415572652168456	0.02413091037283845
40	553	-0.14772821851067344	-0.18584161798141621
40	568	-0.16548521794738297	0.06382532440652851
41	211	-0.02491495087583181	0.08687611716787505
41	214	-0.02096579022234671	-0.16495234302488845
41	613	-0.00646640110005164	0.12124506306312476
42	72	-0.31912188766354682	-0.08868100667945381
42	162	-0.17803312890888645	-0.09421502960579815
42	941	-0.06169355999428323	-0.12084929392383145
43	518	-0.00215904495459173	-0.00123895006812068
43	557	-0.04820959073716317	-0.08401066119895793
44	45	-0.10727772802447340	0.01902772306109184
44	488	0.17305136881434902	0.04860494835162735
44	581	0.25125398784662573	-0.01680315347567972
45	193	0.16194712038889722	0.01499177807500933
45	886	0.00695124406128767	0.09969554788604108
46	206	-0.05619471635426287	0.08698710735429487
46	274	-0.03265506060332247	0.02976180804134542
46	610	-0.03467369898041315	-0.24308166296685199
47	404	-0.05488000090493924	-0.15739226265586073
47	433	-0.02315210223332525	-0.05285306599992583
47	714	-0.32972782677664259	0.02247900669430236
48	136	0.04266602550909655	0.05243449008856585
48	509	-0.00737940839387218	-0.10317536089379896
48	554	-0.10861458542399305	0.03169024238910033
49	63	-0.16461581293327851	-0.29176841662143016
49	126	-0.18258601468426156	-0.00580947717733901
49	129	-0.14345587980101290	0.19276706041906871
50	649	0.09089073477118101	-0.09187661062229042
50	670	0.15012674189841294	0.19539761421132865
50	700	-0.01213227408483556	-0.04062380202062530
51	248	-0.11765446692739218	-0.00974964228733256
51	369	-0.09382897433563296	-0.08193162924256865
51	961	-0.24420861558481771	0.21172089555138807
52	104	-0.26239700960041196	0.18595248615766258
52	149	-0.12344087428814327	0.06770619465039678
52	967	0.18844804184413763	-0.04575396673210837
53	329	-0.10414803551306590	0.16247305769850900
53	355	0.12852331959418503	0.02172014061796449
53	770	-0.14370755913439406	0.17769252461243504
54	61	0.03370480847077748	0.17578576878073973
54	914	0.11450651696446199	0.02511716922663733
55	58	-0.08670375942354518	0.00571751655170095
55	109	0.08262857686007968	0.10070892833493911
55	484	0.18147154415510630	-0.02137264290842832
56	290	-0.04133686904060527	0.11921138133490680
56	492	0.19499132285333248	-0.26186532756466696
56	652	0.01977129036601040	-0.13497234518286538
57	440	0.20372499420674334	0.07423261510756049
57	451	-0.14580719413113649	0.01872056308025813
58	94	-0.20372284801839161	-0.04781723823766592
58	343	-0.05596023610803611	0.29186281719596519
59	104	-0.17087848912057377	-0.00571166829234848
59	240	0.27826937001576252	-0.19065820362535099
59	300	0.00867655583578768	0.21665083426918133
60	387	-0.03774035607025876	-0.02458933063034141
60	613	0.17334884751823873	0.05296806159417592
60	649	0.23240497742155253	0.08220666252222904
61	679	-0.04295932139385295	-0.01812947964579535
61	937	-0.03161724456978730	-0.16565407382757438
62	95	-0.18548604343116890	0.08211484634184800
62	832	-0.20418518913914124	-0.05868465501915917
62	879	0.05333571092527096	0.02824715951121332
63	189	0.21527678920663201	-0.19136079066225295
63	852	-0.11792174427980595	-0.21205422006693941
64	182	0.16684048024815337	0.12636063620344162
64	277	-0.12754497534985618	-0.21156648590978916
64	603	-0.14753922528760202	0.06526694481548954
65	462	0.04257333847736017	-0.05518500648648304
65	640	-0.01703167126597122	0.12464329035479058
65	834	-0.22626417260443052	-0.01811811910459976
66	110	-0.06546538713615806	-0.11060578465130927
66	609	0.02474899251978155	-0.15939116005699386
66	751	-0.01312375977601697	-0.08279854075332983
67	164	-0.22100154956935431	-0.12322001729309792
67	223	-0.04861556148183976	-0.03616836901162024
67	760	0.28529524269707479	-0.09699594992800083
68	430	-0.13928478241614273	0.11101630639961411
68	692	0.11326958169081212	0.12368921590732228
68	817	-0.11410397786642223	0.06261189168054623
69	170	-0.13379097495191231	-0.09228207003295062
69	473	0.13375233582965509	0.21783936773384749
69	976	0.16380355223854884	-0.02805660718828464
70	794	-0.35339193035026828	0.09364430877727836
70	876	0.10846711849235781	0.09162550734926679
70	889	0.11756299821046975	0.14947834875326244
71	205	0.08772381634864101	0.04130630678836147
71	671	-0.04469852846683978	-0.06921789457330330
72	144	-0.46301788573662128	-0.00076257325507547
72	150	-0.05717073260774824	0.10876145706643313
73	230	-0.05491561427521945	0.00265320422618786
73	298	0.10785092083173596	-0.04305695400226959
73	844	0.01766168561292036	0.06205721746851930
74	257	0.07204847471668790	0.24085985335073712
74	420	-0.14351618913768124	0.21743575185608813
74	612	-0.00877671755407545	0.01434588655320899
75	251	0.00964293195374684	0.00622787229155650
75	625	-0.12839840706144598	-0.33740760452222518
75	707	-0.21723023379437562	0.06509564977533301
76	205	-0.19997546042109238	0.10750488558818444
76	333	0.02842520955926571	-0.01538685707794146
76	553	-0.03765349855443398	0.19883534263143435
77	200	0.08962093584895628	-0.21671423375772250
77	204	0.24391502465926271	-0.11302632749540240
78	125	-0.21976826556716386	-0.08351481662541398
78	494	-0.20351855150568005	-0.07858786851032741
78	785	-0.24859172620522191	0.04651270886009306
79	236	-0.13205190807383899	0.03039602026378911
79	384	-0.16688647957479893	0.16792904779487844
79	1023	0.11281694179982513	0.02441924479467064
80	415	0.05968403605651838	-0.01122198380765041
80	578	0.14128688342254697	0.04034464176506357
80	961	0.15381808765555113	-0.12788000401559893
81	345	0.05301581225523145	-0.03706496254784257
81	490	0.02247044333030324	-0.02637555591867988
81	956	0.10249682290717346	0.23843740113349302
82	663	-0.20841093959775089	0.21041461483432758
82	716	0.12286237417729455	0.33915840385544344
82	766	0.06995495527581548	0.00689699304896353
83	306	-0.14019010376234911	-0.02443481801479733
83	542	0.03505357036228247	-0.16941219302293273
83	623	-0.01414373060637064	-0.03707928078440983
84	472	-0.03193050960608951	0.10558326244325103
84	741	-0.27730242953404166	-0.07248369128740437
84	831	-0.12055387218966732	-0.09007810626433642
85	288	0.12691977410921218	0.10261883298056035
85	330	0.10637455231376040	0.24591098367928005
86	376	0.32363774427311570	-0.19656909239249104
86	563	-0.09285097208211089	-0.19743093996214495
86	657	-0.19468423731379692	0.11334220866331773
87	533	0.05511345462432542	0.16598029556118074
87	746	-0.09166139346517664	-0.09320259643025773
87	961	0.13647143508121110	-0.11823268195863021
88	827	0.16440724456099956	-0.02861630697773282
88	963	-0.27847691984835593	-0.22665869271604300
88	1021	0.02803377495010316	-0.30257282756453963
89	550	0.35315022781451877	0.36847592997818979
89	677	0.20545037797276508	0.10368948827484004
89	1019	0.14149789109723629	0.05200062217190185
90	447	-0.00149353336774521	0.27425392118682385
90	792	-0.05742023473144342	-0.00760001493952009
90	1015	0.07899141044980580	-0.07580137320936535
91	286	-0.08798083559469298	-0.11906122952931399
91	555	0.23916783530348495	-0.02412996711382518
91	907	-0.09955263411383142	0.11359087966055949
92	398	0.04579779524699612	-0.20187534439757454
92	414	0.11822828992426258	-0.02951099373801145
92	888	0.07801954490485190	-0.16440340819870916
93	116	0.04862649493066414	-0.11029151371409471
93	290	-0.05026889087200500	-0.00464949266924436
93	942	-0.02394792724727064	-0.07147487772664389
94	195	-0.09544689859328458	0.17305306546808966
94	705	-0.07872603071039612	0.15240701608179474
95	174	0.00104638492650712	0.05636202772042333
95	249	-0.24503803536269431	-0.09354578081509343
96	102	-0.17247420486943144	0.01781457574838790
96	643	0.07739977537908635	-0.03307480335082417
96	987	-0.08728234365444677	0.00395274461036370
97	197	-0.03411944564318829	-0.01429449353235676
97	868	-0.27342911947703602	-0.19702755210143083
97	901	0.05948576593190158	0.04294748641115122
98	450	0.07659259650783035	0.31263369628571996
98	615	0.01836695810276566	0.00312613690412593
98	790	0.12127136655951776	0.28214033789816712
99	126	-0.17409427855279114	-0.05022686384365092
99	704	-0.00320415921288915	-0.04064723114226124
100	109	-0.19453710207468197	-0.20848406963897173
100	217	0.31370054291894273	-0.10285895809484133
100	852	-0.05876780957058719	-0.02614236567095833
101	240	-0.11584323665699964	-0.23674290123544051
101	417	0.04332475533828977	-0.11920717074301712
101	760	-0.09885189369982408	-0.03330483839070326
102	737	-0.16218811764967486	-0.10150704141401026
103	411	0.08735410611912160	0.00869897319239138
103	596	0.19106865644428095	0.02568261262624780
103	981	0.03550367368635470	-0.12619924222489454
104	676	0.23667222554804151	-0.14216764298494455
105	395	-0.07713111798501358	-0.01298099403772334
105	863	-0.12198696006142505	0.10215119521203474
105	1002	0.04720862839076743	0.04172543289550115
106	167	0.16928195320377590	-0.01183879070273418
106	409	-0.13661669168372886	0.06970582352611447
106	437	-0.00249124592822522	0.08197426435070460
107	438	0.02145292698057352	0.20701765580838152
107	616	-0.00922932396260055	-0.17025744420586406
107	770	0.10425865045155440	0.14187444567900293
108	502	-0.14984301917646783	-0.12923030063745414
108	671	-0.14187217501914146	0.20209463905966277
108	889	0.00410149863800192	0.10485278843854245
109	309	-0.08948242412256938	-0.32355272425861975
110	475	-0.15635540939412629	-0.12425453507712360
110	913	0.11564903417556462	-0.08430902396029753
111	125	0.11096370368974651	0.06558253342226988
111	349	-0.00361658819669388	0.41640145409254964
111	924	-0.06898015533445173	0.02399572514321586
112	211	0.12976339681124346	0.21351061854222314
112	742	0.03191012639866778	0.25917416819784445
112	974	0.06870867676169226	0.24199950972092821
113	182	0.08608547772463800	-0.08858652402689655
113	270	0.01585805881083084	-0.19189455520893620
113	854	0.09194516063902092	0.28244690528844396
114	245	0.14332742318693803	-0.08947204335356400
114	900	0.20905104646553441	-0.00278669102590018
115	262	-0.08027829115062048	0.22061048811763997
115	274	0.24591811314884882	0.29872667801740321
115	798	0.07636250626236130	-0.38055501206188241
116	341	0.24193749322331726	-0.10157838355758217
116	697	0.12522328727317636	0.01199335403373376
117	276	-0.06966892596409882	0.03700264321021750
117	653	-0.02368609087331316	0.01211933204692655
117	784	-0.09667109584501186	0.19592708385460342
118	738	0.03537026015320831	0.15325209456353472
118	774	-0.18519504073871038	-0.04643898239634988
118	836	-0.04673962348227608	-0.13672334117275878
119	260	0.09239051408758642	0.15586090490446261
119	449	-0.32631267255801577	-0.26064900453502793
119	602	-0.11087660404092362	-0.15724068679105196
120	202	0.07441195615674734	0.13698152894518908
120	469	0.09772396757747533	-0.05378433961898271
120	778	0.29584506153918472	-0.25499125489245150
121	162	-0.10802010442436814	-0.16821666755080131
121	173	0.05303424955760505	0.17829113467992699
121	783	-0.06900217333911245	0.12950620260746756
122	175	-0.21192225239363643	0.20660121021374928
122	366	0.01846133642260293	0.09287088499017727
122	404	-0.20361490586437517	0.18271014757726364
123	157	0.07809222983397629	-0.23491384694848397
123	264	0.02088136192988390	-0.01551135583379720
123	266	-0.08390314460357683	-0.26395789341313619
124	551	-0.09408023562621307	-0.05715165395888045
124	818	0.08963237329537076	-0.07145578087530237
124	939	0.13726678995982533	-0.06818556602163607
126	718	-0.02130090722676739	0.08127719270381048
127	260	0.08472196741915548	-0.27508945718948458
127	599	0.10476734081572046	-0.07688654830919335
127	759	0.07781025936231810	0.46395666103707067
128	502	0.00847188248198282	0.12598075721358720
128	885	0.02349883444496075	0.25478459563799161
128	897	0.22190940451338531	-0.10117802143214309
129	573	-0.06012045456213257	-0.37674511031396424
129	735	0.17774091177492821	-0.01759768183469584
130	417	0.24250029805005369	-0.20436931574252851
130	620	-0.17658405910589436	0.27266028940642451
130	976	0.20536619773132672	-0.07589835502115774
131	331	0.25208683085756689	0.00650042432265111
131	411	-0.04324650654641760	0.04006887168539641
131	460	0.01216411141549234	0.25367083745914887
132	722	0.19648815291957275	-0.00229407083208596
132	919	0.24226373255846337	-0.19170654458365036
133	183	0.03815664676066120	0.04352501225452320
133	751	-0.11484677807652192	0.14543683965337340
133	876	0.31476032733015147	0.05921057254398956
134	153	-0.05539397427883490	0.05025316189128790
134	405	-0.03226940700264166	0.07217529184527798
134	993	-0.10754606394411759	0.01844830433393576
135	275	0.24270482963753917	-0.20777003959268833
135	656	-0.11068980349379484	0.18605897778927141
135	970	-0.10119381466221926	0.22956037341215485
136	655	-0.21739212417392828	0.09186114907489239
137	929	0.18390312882005924	0.04368310448998037
137	933	0.38293042107962566	-0.17177924237778644
137	939	0.10790171121736744	-0.05348147830521600
138	281	0.15801989050315465	-0.00355255962358983
138	467	-0.14601499798811451	-0.09644695156991832
138	709	0.01850284017836406	0.11449991518274845
139	264	0.11583567750517793	0.18769206643183775
139	273	-0.00023543100290660	-0.07752949796848413
139	761	0.18541066030434833	0.10298782199788002
140	594	0.04658497153493696	-0.30975050070890497
140	672	0.12336950800615801	0.06882502235492911
140	956	0.22187987163100620	0.12598498283859205
141	537	-0.01198359714159926	-0.01485879508627386
141	555	-0.17246198412467195	-0.04877389478249126
141	806	0.01633417211915643	-0.08016748983853254
142	704	-0.07496357166895672	0.01783485318840119
142	749	0.02916608646371823	-0.04159050964724042
142	756	0.17927134269545569	-0.21054660136941017
143	391	0.19377352576039933	-0.32397146910303598
143	591	-0.21971786339150037	0.04743988578786255
143	951	-0.09283688533435938	-0.01370472066382101
144	414	-0.11910207110641799	-0.18657991303385782
144	980	0.01423773384912400	-0.01291763743590440
145	259	-0.03033599677098577	0.06012728389337374
145	793	-0.24017573506546511	0.20954672464078894
145	853	-0.01306981786844595	-0.06308203604136153
146	264	-0.00730214227180277	-0.12317501551096602
146	541	0.00061206502335219	-0.14629224580391176
146	946	0.09684479829931993	0.15928538273019174
147	211	0.04482586055539204	0.09449731343167901
147	536	0.17077648131437742	0.22268324057204711
147	727	0.10822320304397069	0.01404274957193277
148	194	-0.16606180648327090	0.05938564543537084
148	409	-0.15927570637193453	-0.15048139580881545
148	861	-0.17051024271583046	0.13436912113083244
149	654	0.35597004485736811	0.02089078966651215
150	519	-0.04467652446674202	-0.10279162026320590
150	892	-0.09079724192676532	-0.23192225173326350
151	561	-0.10044628294380180	0.03404798008406201
151	702	0.29899937083440947	0.16063230935055620
151	813	-0.04000561906305365	-0.01688267776904503
152	165	-0.00179741915376197	-0.04434191886649314
152	527	0.11258654020386412	0.05188860690936024
152	886	0.13812398645264470	0.08702964857384493
153	932	0.02649084914939431	-0.04733838308329488
154	268	0.04718330449642486	-0.23380264265454881
154	343	-0.14114745915619875	-0.11976252071350191
154	770	-0.40566181701874965	-0.03389894034926665
155	534	-0.16676604167402148	-0.30520853451597846
155	858	0.03059762336364373	-0.08468112477199807
155	896	0.03981503403656183	-0.17739516648420206
156	418	-0.24648887516768775	0.20476280854671383
156	633	0.18575192219959516	0.12814096687825094
156	650	-0.18513276609177398	-0.09920126408661147
157	234	-0.03754023722439178	0.31214658577726184
157	576	0.07909578674911059	0.04799486792144029
158	279	-0.04340154193840373	0.21818728771207743
158	382	-0.07307660050996879	0.02004285710705406
158	385	0.18457674895221723	-0.07647403067981436
159	388	0.06081811294711924	-0.03829391149402531
159	835	0.03378938882100850	0.00514272782969305
160	455	-0.00768745822888008	0.15668282776628187
160	498	-0.22796386246340672	-0.08704846352558025
160	855	0.03217963920403416	-0.17079134841490407
161	363	0.27509934725399310	0.20945587953736944
161	556	0.15311166969197024	-0.06914701194405398
161	1002	-0.17714264652500988	-0.14553771174571631
162	825	-0.12508746994291906	0.25653241642809438
163	203	-0.12475692476450598	0.12642200741262524
163	515	-0.15646835188770855	0.06353137479079998
163	690	-0.06223349918236545	-0.18952797575772592
164	358	-0.15318177240796294	-0.07143765949328058
164	752	0.25503248552731206	0.15692895158729944
165	581	-0.11976488796889187	0.14548772327638296
165	763	0.07286071253377545	-0.13744734171792036
166	229	-0.02729825554817532	0.02288112858739765
166	414	-0.16870357434517350	-0.01359585399772773
166	467	-0.12173290904231403	0.36558737248069834
167	543	-0.21434687440700365	-0.28241718236692764
167	794	0.09109769523422430	0.02617837894262005
168	397	0.08677939048075480	-0.13113613744382158
168	411	-0.19541841036135280	-0.06946177017940003
168	672	-0.02996108917263487	-0.05906053619518706
169	174	-0.05830214519586654	-0.00634145822197477
169	450	0.22400836848537622	0.16667028357073599
169	713	-0.14592845073379265	-0.06562060714841468
170	282	-0.12562672572243763	-0.07221173155348182
170	356	0.18582380194961826	-0.18591529701228146
171	314	0.03862017103903424	-0.00749933637712469
171	613	0.15361169998254712	-0.08888958624619513
171	875	0.02873821366074909	-0.25260312886484881
172	269	0.12726672467976510	0.07422863835264561
172	644	0.14076294568311021	-0.08866197615447388
172	952	-0.00973847343050464	0.24867040244216551
173	323	0.12025713980194097	0.03620946689022406
173	479	-0.12697200965578315	-0.00761200999760686
174	187	-0.09884927987375497	-0.02180126261156122
175	361	0.11272077686024928	0.23795923930562651
175	734	0.01625947233701163	0.06949016912339584
176	384	-0.03880109010163659	0.02081791972560826
176	688	0.03183540745220903	0.17140785043877765
176	819	0.35066240468692428	-0.00761802945689959
177	546	-0.04448209532274183	-0.00851910373026103
177	890	-0.08069935895977808	-0.01955547436597065
177	955	0.10357398001981336	-0.14859205755579855
178	208	0.02269020512034644	-0.00108405020370946
178	218	-0.17283352460084866	0.10440660116947835
178	331	-0.16471452268614434	0.10001216855380385
179	308	-0.10347574464987987	-0.17500130534688010
179	646	-0.16350851157187893	0.17409997104938937
179	950	-0.07794221042012668	-0.20564894997543540
180	375	0.11637878297797810	0.08591596397625904
180	563	-0.15783744506420691	-0.07155731699317791
180	695	0.03763313590002500	-0.02457023235848369
181	421	-0.35775596653530978	0.10002928717916047
181	503	0.03198767270967416	-0.13804577876715229
181	784	-0.01654365562000130	-0.25906144249200980
182	245	0.01400869920308445	0.09603485372365668
183	393	-0.02916938119373145	0.02861113343802294
183	459	0.24850803688015927	-0.12066423509478702
184	449	0.07815375176739865	0.01522231986036838
184	580	0.20085632443923299	0.05740733776265067
184	897	0.12434280508409520	0.08399868245804745
185	504	0.00883001376506535	0.16397525808753291
185	723	0.07192141811658770	-0.05969838869017685
185	836	-0.21356073974931564	-0.20163250388438789
186	299	-0.21732933157580162	-0.13855528313348905
186	709	-0.02045711230506096	0.16221042174464936
186	993	-0.08865657593080888	0.09302322395641431
187	619	0.21159139492815379	-0.07039760338211484
187	844	-0.06233311986461568	0.16448113794752328
188	690	-0.14689238911674832	-0.13161344307512746
188	746	0.24563942030739985	-0.06300644187762527
188	803	0.12713262638468750	0.09553743156869250
189	511	0.12210297815392784	-0.16523001027134582
189	822	-0.09548863676136683	0.12725431143023150
190	262	0.32281779748826689	0.17899653974634466
190	292	0.18412428504234485	-0.11573653883600193
190	909	0.11901622817383078	-0.11639900940337164
191	348	0.01573409518140295	-0.13703374353695597
191	816	0.05964273031624814	0.04216488295908258
191	830	0.10434683195225322	-0.26861530717074200
192	222	-0.10056069792690009	0.05022734178220479
192	574	0.08464290281877813	0.19040977156696423
192	614	0.03686179137421066	0.43389968429054671
193	620	-0.10995770176491770	-0.03000829397833475
193	771	0.20646093979804173	-0.06645026826247831
194	291	0.40389033146904263	0.08713667913749097
194	720	0.19106696362345824	-0.25054711038483257
195	477	0.07716772527175522	-0.18147851052816721
195	590	-0.03839037407984897	0.05711093241851170
196	372	0.17250221988400199	-0.04789076580570458
196	987	-0.29527556220307427	-0.08098448965289723
196	1007	-0.19683580997858396	0.23088582496720225
197	397	-0.00776836078536894	-0.27958670021284820
197	418	-0.38201941749912044	-0.14884151649831942
198	593	0.00106635174860639	-0.10472409131438053
198	752	0.15671291044216704	0.10933666136405408
198	778	-0.02783578308746704	0.23724441199331009
199	499	-0.18514780348533574	0.13499561152471501
199	568	-0.08987874637839530	-0.09657034479724809
199	838	0.13143664692604218	0.02111636707363796
200	251	-0.08977442087433801	0.21026473617515376
200	844	-0.11397156562730780	0.05659622271858118
201	250	0.00192226778998999	-0.04896300113608340
201	395	0.11474167267852281	0.26435653750425381
201	972	0.20124161517157343	-0.01998260639773426
202	315	0.00557760917048670	0.09284703564506798
202	669	-0.15679675123902082	0.33733584130674832
203	219	-0.01676684893031487	0.19174619855300468
203	840	-0.31608994215422170	-0.29626114448026564
204	241	0.15933665084410462	0.15800129622731249
204	883	0.09388959227611796	0.24038449554975538
205	792	0.11139559449224445	-0.10029704331659707
206	857	-0.22182446591259358	0.04053109508188703
207	221	-0.11061019416800223	-0.05051451792867790
207	266	-0.05271407988313314	-0.10298953765749470
207	1013	0.10171483024580676	0.06785375436707923
209	389	0.18200970400014468	-0.02644044178981350
209	781	0.12012564639616380	-0.12923718851883406
209	837	0.05633230684089890	0.12555718922258913
210	422	0.07233134001242748	-0.02255124026846273
210	843	-0.03112388102882650	-0.06438772581951645
210	973	0.18185049631587322	-0.32353494526887033
212	492	0.17539016877275679	0.11770275337593314
212	842	0.16013594601281675	0.12815837799337493
212	924	0.03316939382581433	-0.12752950627671419
213	263	-0.05424455493362538	-0.14697604918336732
213	539	-0.07846510293719758	0.09014858403703768
213	889	-0.20998138732687757	0.06054395017855978
214	308	-0.07298262523536904	0.31896972299664345
214	828	0.25071522875802210	-0.13421041214681820
215	338	-0.12127808970785661	-0.18483044853031438
215	423	0.02251377701743661	-0.00076005739309892
215	745	0.12951264452843009	-0.01818846932790141
216	238	-0.09142558629317860	0.41679474776232733
216	632	-0.03094375335957601	0.14850686160235277
216	689	-0.34479921929077534	0.01147845783945203
217	328	0.00018077996347689	-0.09436954469780981
217	562	-0.05341731627098956	0.09643617845562576
218	296	0.17164820066482264	-0.12981048038012932
218	334	0.06708752701386317	0.04901986130468562
219	511	-0.22531714879608800	0.03399849377551430
219	823	0.03981937280564907	-0.08771302663152730
220	310	-0.16332183725308810	0.16982671261338914
220	806	0.25559714331698297	-0.13479442122737592
220	854	-0.16380675514049556	-0.17283907275371693
221	371	-0.03742285256773062	-0.09154744963988005
221	768	0.12318981894610452	-0.26085441523177327
222	638	0.00316520224903060	0.09607580189254877
222	791	0.14397177144340206	0.04130387126164786
223	435	-0.15033488540640574	-0.03947786197803908
223	525	0.17131882090543413	0.16726225037888584
224	340	0.06250422085776997	0.02441344481462139
224	625	-0.05869926540479777	0.10704686941867590
224	946	0.04050521576622265	-0.13571061237028575
225	238	-0.05263432726693194	0.01378688142973019
225	601	0.07730448420313248	0.32728887653213995
225	834	-0.30964537864998881	-0.16799432467601044
226	271	-0.06543022414299710	-0.20327762015021689
226	779	0.00642513738964244	0.09438238543839157
226	835	0.07962129920030828	0.06777038185072137
227	559	0.16664027836312761	0.05775907278941260
227	659	0.04120533910411345	0.05110988775318813
227	1013	-0.15923335137312838	0.16113917216486742
228	743	-0.20537906617527341	-0.10375282098423387
228	997	0.12343075776504459	-0.00520667111509247
229	452	0.04488334600396280	0.06070160765348014
229	748	-0.11901897879161838	0.23776569376333584
230	694	0.05657350830630537	-0.14900474537859004
230	989	0.05163556845315073	-0.01911962192325790
231	258	-0.11871244783771057	-0.08742502469359537
231	363	0.02927052430292690	0.10023277877226097
231	695	-0.11722864306014269	0.18886832256354424
232	390	0.09287858447970376	0.08159103553588656
232	541	0.15491841215274563	0.01419227560401524
232	642	-0.02984339790321372	-0.25886110510608235
233	403	0.27397266377390339	0.07346060769531496
233	473	0.15866833902476365	-0.08643134269124120
233	708	-0.04410729559682789	-0.31142742541748242
234	238	-0.26040100045485992	-0.03875332697362135
234	239	-0.05679732795188306	-0.24420396070423375
235	718	0.01282853121189988	-0.05403821030452290
235	949	-0.04558338944172222	-0.34589674830823836
235	1005	0.01725978336739035	-0.04385966908499243
236	298	0.10627432760566560	0.06215624224890563
236	960	0.18112979369825130	-0.27826668722308379
237	368	-0.15716377882642024	0.23630193452125697
237	738	-0.21343430995474008	-0.09583168389719178
237	774	0.12836775428518821	-0.09510467494627238
239	493	0.12246176190520398	-0.05566188352184426
239	505	0.00762430171820532	0.09564557162068123
240	833	-0.06270097865642120	0.10055369443727522
241	903	-0.09720030091713908	-0.09977408689967157
242	321	-0.09364606498906493	-0.18136808594421783
242	444	-0.00422592258748020	0.07510253597216543
242	990	-0.05430688357517839	0.20627800394167758
243	522	0.05012437191471042	0.01121827690538583
243	787	-0.06457162025331076	-0.06533554985275540
243	1008	0.27767944747359252	0.07320709555407019
244	421	-0.08211501082779690	-0.13489128584138885
244	606	0.01480537757402624	-0.09640764183442514
244	775	-0.25182727125437648	-0.01478079807627394
245	714	-0.12722294111069934	0.14502984973696742
246	331	0.12437204629134543	-0.07890505054109263
246	591	-0.31654010507568231	0.15417880742332596
246	979	0.05451967321267642	-0.02491327171806755
247	294	0.11900084566294264	-0.22218734694114969
247	736	0.08771868507309027	0.08901227688604756
247	836	0.09234730668045030	0.12484388365888403
248	393	0.02035539213766424	-0.02211830431853232
248	451	0.10758779763790584	-0.03001731279332484
249	524	-0.00444371830127108	-0.00468682428533939
249	964	-0.21180256858154109	-0.20805596451860725
250	421	0.17484262365288636	-0.00771572153272991
250	855	0.25684919541734319	-0.24609694892157413
251	711	-0.08157940759137140	-0.04905405186300974
252	509	-0.14032987712015041	0.10764810102530821
252	721	0.17491780867257670	-0.03350617416555374
252	982	-0.00223938701449015	0.02802955050203607
253	532	-0.04197481698428247	-0.04748796683823459
253	992	0.19496764703894337	-0.14869393845208650
254	501	-0.06194095291546535	0.05344022605298384
254	736	0.00545661799656246	-0.09134004189455902
254	947	0.19349874803748304	0.01729171150110873
255	486	0.15054006918383536	-0.08282218581867576
255	622	-0.38987555854097300	0.07763416526272948
255	922	-0.08866667140618112	-0.08008725762426305
256	302	0.10257191321876745	-0.06116006036738166
256	890	-0.07853722702456352	-0.17672556795120312
256	895	-0.03391211920488794	-0.09516518603735495
257	497	0.37025956527101062	-0.31803788275403472
257	764	0.18418699795334545	0.30270058033729291
258	365	-0.04618389144715666	0.04015066507842803
258	953	0.20618644933302274	-0.46761171662494194
259	520	-0.14114236954374931	0.31152440203175458
259	826	-0.16036598880515421	-0.03053730173946424
260	481	0.16024213861825010	0.22367747250050538
261	311	-0.08869992427821212	0.18196249610854642
261	317	-0.17738090314815846	0.32863962306598909
261	399	-0.19021604261038383	0.25114651757307532
262	720	-0.10505063659498168	0.06450062467787736
263	676	0.48317019652567478	0.25237496870168175
263	891	-0.09603798307993813	-0.12890469758981651
265	440	0.00306068449097717	-0.19437679051190515
265	804	-0.08440628740287753	0.01137786915170749
265	977	0.00726961600557006	0.16330582681692785
266	594	-0.30566785045783545	0.15159685096289374
267	506	0.16697565222050012	-0.23614310574201003
267	987	0.05212178169471721	-0.31211714652181172
268	368	0.04181340423318241	0.14724398632997482
268	652	-0.17910175318323948	-0.15830062198030387
269	459	-0.23134088281749804	-0.23276726816946228
269	825	0.20250363677988609	-0.08191262128618025
270	444	0.21966931495202732	-0.10688900388645368
270	560	0.16722492845771081	0.14296859206869630
271	575	0.02293258914864791	0.01084470490175396
271	907	-0.25297397620274176	-0.05034853168448745
272	301	-0.01872934070872422	0.07646090077632678
272	716	0.12599963374482515	-0.31112441773136490
272	832	0.17396639818624252	0.06013875075606986
273	407	0.03340694940652251	-0.01558097324274153
273	571	-0.11197228459415642	-0.06444847969287203
274	601	0.31711584220021721	0.08096453652001598
275	383	-0.04775464696796564	-0.02836974775103790
275	823	0.20201191472576710	-0.02208098923140924
276	730	0.04372441871128287	0.17708778189122662
276	899	0.07056969699249442	-0.05760208184402301
277	748	-0.22695279909271493	0.05091760038701346
277	989	-0.12425788367524514	-0.19598889368380540
278	295	0.19742110218942396	-0.13045777924879198
278	812	-0.09642792278226146	-0.10442285522200531
278	834	0.23615350542708061	-0.29305509584035788
279	725	0.25255212845240760	-0.05930912762038012
279	808	-0.24951159063325085	0.04675699227221460
280	438	0.11617373184651943	-0.05738212739560521
280	502	-0.03811669170000930	-0.07669421780243042
280	816	-0.32452789156358297	0.06042037216241707
281	641	0.02763080403696805	0.00011405037577594
282	810	0.05944710846239216	0.11795065932309126
282	975	0.29532679683565227	-0.15394464467974942
283	377	0.01079273215519958	0.09541454347137439
283	540	-0.02253928597240554	0.01949448692873719
283	975	-0.15575815097713849	-0.04090311998198008
284	378	-0.08489192450866197	0.25506929032512449
284	543	0.14514003723990151	-0.18677006665178270
284	611	-0.04153797168383054	0.02303491077446345
285	339	0.01581460321017460	-0.07502105186284205
285	350	-0.17044088054004375	0.08696887427298776
285	913	0.27980228595513823	0.09512147182574485
286	349	-0.04335345128742176	0.14164766354252298
286	687	0.05043206894011691	0.07996183492499163
287	394	0.28577229150213201	-0.13567503423883132
287	747	0.15837781012807925	0.09758175057360645
287	872	-0.03398787568569750	0.22352042603670197
288	337	0.06661206500324031	0.17763465983284196
288	805	0.05212836039826637	-0.07650766356454168
289	539	-0.00111821125921599	0.06275948082681668
289	710	0.08332259754977515	-0.24019689489759702
289	838	0.21900542528257910	-0.14963758919297701
290	394	0.10818186319726250	-0.07202980872303348
291	506	-0.03573244470265846	-0.07562660861000410
291	817	-0.01673136279757177	0.28553153992981573
292	747	0.13657544432028715	-0.02109460879219914
292	967	0.02748532854896537	0.30958516277862713
293	508	-0.09700281708816841	-0.02484494716488335
293	585	-0.12917132180088114	0.03551111135431212
293	596	0.18053544723942280	-0.28499231101500333
294	796	0.16442984220648751	0.04591726426223859
295	943	0.00481492667089077	-0.03561228596988935
296	324	0.47626096281322239	-0.24822006633917304
296	775	-0.00577050356095117	0.07725740829873499
297	354	-0.04423172480860716	-0.16540875787781747
297	360	-0.08118246639136657	0.11156456579752291
297	766	0.20796518407544864	-0.22708437351022720
298	343	-0.01128296893486171	-0.21446452498266755
299	534	0.21886655388532925	0.02805095375090880
299	935	0.07033618907912063	-0.16886445457654095
300	715	0.08928019286130881	-0.19042966157296529
300	753	0.14682610644785624	0.07417569048305767
301	330	-0.00838616133230593	-0.03839981528784733
301	352	-0.04845481590696749	0.00225866457148795
302	536	-0.05907870541020049	-0.22096290536883936
302	587	0.04746542841388453	-0.05277471488871906
303	661	0.57468132855099319	-0.23418334113714889
303	944	0.11030270214550740	0.00274987158043206
303	1009	0.19497505309223986	-0.12398613932819511
304	534	-0.34664510586739433	-0.11146529456474574
304	762	0.22963634641453914	0.12691404803861070
305	357	-0.08375823506982685	-0.24470682587467335
305	455	0.04285215608820037	-0.17878673151275495
305	805	-0.23951816817281271	0.10630414794975608
306	402	-0.25039536896582337	-0.22578078683885827
306	464	-0.06044519199640679	0.11676038412477677
307	372	0.03845714504377715	0.15026008321260362
307	402	0.09383544029240387	0.19562646994555247
307	754	-0.35050801936937942	0.02399821137924627
308	749	0.07534918782837710	0.02910824877273499
309	713	-0.12059170024417365	0.15307405003169949
309	766	0.11585654960700036	-0.11462749851561864
310	1000	0.05563683658920608	-0.03610476413857859
310	1022	-0.04006504392021792	-0.26187405863946428
311	320	0.00227408465312948	0.11460168221010361
311	903	0.10860550512868992	-0.16214146201135571
312	507	-0.09866000318633414	0.03902061103721793
312	617	-0.00392796225177999	-0.33892344142049163
312	903	-0.30029650192335527	0.07177171562818731
313	538	-0.01194689242345127	0.36940648218958588
313	957	0.05061060609111519	-0.21986660924425644
313	977	-0.30470622058653563	0.10641924381039357
314	715	-0.01021681087155929	0.08939351984022981
314	719	0.16196223927819259	0.01400694735608755
315	356	-0.26906642208864828	-0.24107902386772004
315	896	0.02907680576167926	-0.21842302602981514
316	643	-0.19067232643472395	0.02332515239541280
316	795	0.05174383184004085	0.25971919706666452
316	950	-0.15726678270915828	-0.13966917478243362
317	754	-0.18148556987806613	0.08469387059969863
317	831	0.17111503625426480	0.01033640697700924
318	631	0.11056968031183882	0.16364015239675747
318	718	0.08777363051285231	0.05305039087951460
318	815	-0.24284261930375900	-0.11606599658177316
319	408	0.26085300388687921	0.04719177549170037
319	904	-0.02556550549378639	0.00512493084492450
319	962	-0.11841751747985632	0.04505016893637328
320	504	0.05395045912606602	-0.01652471953817254
320	671	0.08919523378372264	0.14363475822745933
321	769	-0.05656875912932286	0.25992758152430212
321	898	-0.09079737721523939	0.06475399865910304
322	704	0.18909556078170958	0.14542436101326386
322	806	-0.04974028540604829	-0.20699907100403572
322	873	-0.06287732457715807	0.10368636861187325
323	639	-0.08503253714677321	-0.28350006684002410
323	688	0.12981530761301019	0.10054615070760502
324	572	0.07356779042427911	0.00403251241156796
324	733	-0.06956168371080028	0.18566774049522539
325	457	0.26974020949994809	0.00743399510215131
325	741	0.17770519715797489	0.05218017464783475
325	1012	-0.00333007085942913	0.02969587294218917
326	740	-0.07875339206094552	-0.18109874735292616
326	866	-0.33610053490778868	0.07429348329832808
326	927	0.09357561241345524	-0.14982919813333656
327	353	0.09013459717810315	-0.07510959899309855
327	529	0.25378177801712598	-0.01913372513266930
327	1009	-0.08556221432174967	0.24171750750570245
328	923	0.21099153119626396	0.02351996897747682
329	392	0.14175598680175375	-0.01458416656601126
330	668	0.03892914058778622	-0.15422133972885546
332	400	0.10561973478365901	0.18708307445011332
332	462	0.00248210266985620	0.13746812814240331
332	489	-0.27415195969423178	-0.12039368565580608
333	416	-0.01433030440675678	-0.14793245213236456
334	407	-0.09273447924967389	0.24300540943875448
334	857	-0.16035789255041108	0.02504269336950958
335	412	-0.18970682000313971	-0.06368483807430937
335	824	-0.22044771110576927	0.02818038982494507
335	976	-0.04150969589313781	-0.09811846652177393
336	527	0.06393379593573334	-0.01831996704106806
336	947	-0.02168061879015884	-0.07686565585857415
337	585	-0.22971526000945797	-0.14602660846180116
337	724	0.08437637429733720	0.25713119028115183
338	531	-0.13538534427783946	-0.04934606430629569
338	720	-0.23233934133426445	-0.07385436093970729
339	757	0.00934237712045306	-0.17453002362898823
339	938	0.11693429831135563	0.12890798717565277
340	758	0.13651762423995420	-0.11014589468770554
340	799	-0.14899463097665494	0.04595768404541195
341	723	-0.05992992431722871	-0.07577820666133024
341	741	0.20659901652870216	0.10032767904262778
342	385	-0.03901477198120272	-0.23263504628228820
342	521	0.45247181867750869	0.06643140175111255
342	914	-0.15640383633903801	0.04474091741571493
344	699	0.00697422054065437	0.12795914432241443
344	814	-0.09964710969206271	0.07717629968368996
344	1003	0.01540435760126405	0.14152687193526858
345	464	0.12866307920427411	-0.27430109506455269
345	747	-0.13269191085657331	0.22726514894348360
346	585	0.21667024743096336	-0.09550835008048862
346	862	-0.39843627376890600	0.04889885678578936
347	348	-0.02219187141040080	-0.08768353632388430
347	425	-0.10198683681615432	0.07522350809298423
348	598	0.14360344792252508	-0.21147179748431252
349	641	-0.19452903081937548	-0.15067477494728426
350	529	0.03188033325838422	-0.16521482684544342
350	653	-0.12381787394685490	0.29206750395730924
351	471	-0.18854501538237003	-0.12564113318767886
351	636	-0.12251108568920277	0.03437682611074225
351	712	0.14809199456259564	-0.13104683333725231
352	500	-0.00756270588670279	0.14173041364676975
352	949	0.18587305945377350	0.07457608650636016
353	480	-0.04824400967786865	0.19146697930571049
353	934	0.23687529753193032	-0.05334437434810236
354	640	0.11417116112928316	0.18234729805466596
354	938	-0.18246496554358727	0.04657372867695581
355	491	0.09924787616553896	-0.19774122315293988
355	546	-0.10782173302648664	-0.00992505318336707
356	673	-0.26810485018793218	0.05928822436575943
357	434	-0.15911233659640389	0.14470590546235662
357	823	0.08752527997796125	0.11654209683881128
358	619	-0.09341455312457285	-0.07979195895260889
358	939	-0.00022937362359938	-0.09897516262796130
359	473	-0.16030819596398316	0.16346853905819764
359	605	0.04153116580992845	0.13422521076362540
359	804	-0.05545620609993639	-0.17266679091555157
360	734	-0.03012625760527056	0.29681666121640843
360	905	-0.01896669795662584	0.03190187164473844
361	842	-0.28032302464878672	-0.33411988466523929
362	426	-0.19592506202360702	-0.13250610148160757
362	805	-0.07999037329511813	-0.13432041788054547
362	828	-0.08402566596918778	0.10688575812399244
363	777	0.16583869835861831	0.07028852374541261
364	373	0.03877283600803811	-0.11718992305382077
364	628	0.11066354377022884	0.02127744414695340
364	712	0.01150340017112030	0.07225888743755410
365	880	-0.11877868886482798	0.16829013194182055
365	912	-0.00931001150048607	0.02414081384445229
367	600	-0.17668998278912865	-0.09590616251400003
367	858	-0.03313525559695275	-0.09860936029202795
367	880	-0.14192560898613496	0.01560011236177986
368	654	0.04639124203702494	-0.03028370747069793
369	691	-0.07180777342881775	-0.07579977259786076
369	971	-0.01197324001849268	-0.08542652114398755
370	381	0.07306793842372582	0.01833536181181064
370	578	-0.12672337487278401	0.31075838591980443
370	683	0.09016313703857466	-0.04927798642249862
371	494	0.07444527488022790	-0.01222123114059397
371	791	-0.20062140443920248	0.17179164386590354
372	915	-0.29330589163869752	0.13386879753599959
373	560	0.02874161264687900	-0.00272569824858537
373	930	-0.03032574853807577	-0.33662167206985122
374	693	-0.15982816448769416	-0.02845737709942050
374	883	-0.08950535717099857	-0.24018312613530041
374	927	0.21847670420643178	0.27449043114224803
375	886	0.12439723833741752	-0.01786667138582755
376	443	0.19212248217058206	-0.05101044017355780
376	977	-0.11543991978950659	0.19173251767744567
377	434	-0.13135852147358765	-0.02550972654065099
377	577	0.05913978023819044	0.22517799103938280
378	631	-0.00041818287526915	0.13546981922005144
378	662	0.16718799641026996	0.01521227076467945
379	554	-0.19249708060580312	-0.17680120836917332
379	851	0.09470995545293158	0.26863252181471625
379	972	0.11807892812666589	-0.03561104375232955
380	554	-0.04733911895754484	0.05086437107918493
380	880	0.17618566791664167	0.01301146491308314
380	999	-0.10443944117674184	0.22027458455257282
381	417	-0.15724369920291489	0.11773631083258650
381	622	-0.07932039298443171	-0.04038723726714751
382	491	0.08488896832597019	-0.22219370166467098
383	612	0.05089307115131902	-0.11127965281092179
383	933	-0.31443356836337449	-0.03850818926991326
385	771	-0.39822606794218379	0.10698940064071272
386	431	0.19014376494654947	0.29149180911251793
386	446	-0.12856108748093054	-0.20469258167766491
386	547	0.12439150823972822	0.18371964788711309
387	866	0.03395496891479131	0.30375764458103605
387	894	0.28137149018855767	-0.09033249600636759
388	593	-0.01571274727345668	-0.13516148804398095
388	945	-0.19537660046740096	-0.00876889923503503
389	812	-0.04900279510925502	-0.02229901749696226
389	934	0.06970825623329500	-0.06512186525243222
390	428	-0.01915606228557876	0.01219072169830864
390	699	0.14081601174112474	-0.16534404943188741
391	732	-0.20161078226101434	0.18494816824970720
391	839	-0.04478027135044700	0.18227056080319223
392	495	-0.05315083152940674	0.06404502968593924
392	673	-0.14022896141845020	0.25381174446635613
393	999	0.10174546114572397	0.18453488402225118
395	923	0.11824769868572353	0.03273267747998399
396	408	0.11920157749421680	-0.30255115334351529
396	423	0.12848495515036129	0.20231054336568075
396	604	0.37282696503653118	0.03597717680586011
397	966	0.10171574565280932	-0.03158434990505402
398	635	-0.08415377942221082	0.14906255925755871
398	902	-0.01954062791439220	-0.18073147723594801
399	478	-0.03639531918412126	0.20459610458570721
399	584	-0.16853778921109866	0.03850668668701178
400	498	-0.01701073911171103	-0.17051776859512000
400	988	-0.22113539085694983	0.09793943409592772
401	497	0.13902328923150728	0.10670572358683693
401	663	-0.07399304997123984	0.23527913376466403
401	968	0.14668050111153588	0.16149578418120328
402	619	-0.11964354336224872	0.04792241739763052
403	446	0.15593386551849869	0.19752846388305548
403	632	-0.07360708594128304	0.08152599476914617
404	985	0.35280648473516529	0.20232304434790974
405	674	-0.10462452753853922	-0.12578128906800390
405	908	-0.01959511406009989	-0.10185331851065331
406	444	0.00918801575768144	-0.15759302841181808
406	527	0.07027673714597094	-0.01322602220484053
406	813	-0.30888245908357986	-0.02683758950113475
408	457	-0.29878928283624845	0.12805638461743607
409	965	-0.19295665414090360	-0.13730794271517413
410	839	-0.00640674586305062	0.03517831298096551
410	865	0.21648156620083456	0.17616811385674180
410	979	-0.23765783871119855	-0.07413489488992506
412	471	0.15711312694521049	-0.03101781969652548
412	668	-0.22494433798532143	0.09840092444078560
413	456	0.11037331494218058	-0.08451857215398957
413	528	0.18087449899007654	-0.05420678546800142
413	789	0.10057279420390107	-0.03685863375288022
415	670	-0.04555994355330512	0.13798324820497188
415	906	-0.17232058164779215	0.00835275766482041
416	468	-0.08337707461534115	-0.13387152721776546
416	696	-0.09749616972986665	0.14904343165721792
418	724	0.19201606216683895	-0.06134607768204900
419	498	-0.32335617513695275	-0.22452533312847042
419	592	0.25662127943161084	0.00590511573099158
419	679	-0.08223266390547170	-0.07875440429423748
420	514	0.02909684374154332	-0.26155826802831972
420	772	-0.31012298387163056	0.00152989286204598
422	872	0.09224818572436776	0.09992824680614046
422	902	0.04313064253272906	-0.28890168271459993
423	902	-0.01590637298418552	0.05056990502851225
424	565	0.08582710586213990	0.07212182666944644
424	683	0.21911705145800775	0.12781110915422614
424	798	-0.03575329907294659	-0.12135395922636208
425	577	0.16401900362470684	0.00261185705712807
426	828	-0.17174174406713008	0.12690922026022158
427	628	-0.12152625529956432	-0.08605225579518151
427	768	-0.05729724131712502	0.03850686967944165
427	1014	-0.14834842575175369	-0.11496065360314076
428	474	-0.23198541055122701	0.21608879716582466
428	608	-0.26616076681502798	-0.29660149256152202
429	503	0.11962624197592436	0.12899623248485129
429	878	0.09428284567816178	-0.16317022920683222
430	607	0.32959720789728830	-0.03364325123797871
430	727	-0.27837432139032997	0.18349506484926154
431	618	-0.02334697269115312	-0.00642047456673412
431	790	0.10552328178708070	0.36701879606721627
432	476	-0.00153371940163531	0.05274164823358284
432	710	-0.08541597511103009	0.13294446403282414
432	878	-0.22087887939953058	0.15455121777304329
433	573	0.32767221284239539	-0.11819769136188900
433	900	-0.19673105580405845	-0.21648026163332026
434	463	-0.16508887572470118	-0.05443222485858362
435	589	0.09632685618474639	-0.11030280515482546
435	630	0.03061919455502488	-0.02474909962720585
436	721	0.07661772327227138	-0.12936827710852450
436	802	0.06167001419939043	-0.23099548467074613
436	803	0.01982242672904914	-0.01636234702338527
437	676	0.30548145095750617	-0.09085356221774678
437	916	-0.15652517047904410	0.00971845637558182
438	1010	0.20140025061788888	-0.19156297844363265
439	455	0.05947721403365274	-0.07900367706979998
439	592	0.03153741930359533	-0.01729661233768158
439	940	0.03756035834538964	0.20805568662153429
440	993	-0.00313833551353513	0.17669267710179412
441	454	0.05011860949929316	0.06422521094335665
441	649	0.19571222190232077	0.00541530127909141
441	1019	0.15162890383941371	0.16934113540184689
442	652	-0.03841077232062416	-0.04323889680362245
442	859	-0.23495295428820745	0.02522905878415285
442	920	-0.10421881780320640	-0.17559520198166870
443	535	0.01654062417991581	-0.12870986055871539
443	814	0.03466866733171858	0.04334478848528658
445	789	0.28655411324142416	0.34235973197516967
445	877	-0.04371359098719033	0.02888311650190838
445	917	-0.09287833168902994	0.12531759568498532
446	646	0.07392805979936490	-0.09677292353400826
447	793	-0.04513188661420681	0.17997810216098573
447	833	-0.05640700144660141	-0.08095718459595998
448	566	0.06516988555389999	0.02876536986636267
448	630	0.22441505055494457	0.05696551873814489
448	633	-0.04227044230527915	0.05548015389388136
449	703	0.16804670757949242	0.19770916344878578
450	847	-0.12322576708868868	-0.13133462256741205
451	955	0.01859315273669253	0.15374672687694588
452	497	0.30316151096839056	-0.27051149734020469
452	931	-0.09178612344226621	0.08844573041334251
453	465	0.18303218603499408	0.13201036149907666
453	750	0.24251940742491795	-0.01201417888353948
453	895	-0.35044966517075848	0.02452535055218947
454	654	0.22036993307327152	0.05662198747995158
454	892	-0.11619080844294451	-0.14034471721349018
456	564	-0.09587996620414019	-0.14830486349913050
456	706	0.01562099470106213	0.05062288898147602
457	576	-0.04157431794230355	0.00820038411508389
458	669	0.06323357675279068	-0.03887977407881264
458	706	0.02444498548030255	-0.11925829021702010
458	807	0.09304188034630151	0.21007785412582072
459	920	-0.22879691918701042	-0.22171335746025281
460	1017	-0.03381657848488966	0.24514679761601699
461	728	0.14074480151189595	0.03360329679097605
461	863	0.02400235702336160	0.10994327451272300
461	1004	-0.06774709235330703	-0.04389792555699909
462	477	-0.42727935907893538	0.13777861954023360
463	662	0.07549223616573589	-0.04632916347122539
463	974	0.19575863534728313	0.05920642736847263
464	971	0.10776871911685081	-0.01534034506185607
465	749	0.23073693343705171	0.10321550016887437
465	820	0.13977215853427222	0.14526146145186969
466	821	-0.05838818010486682	-0.16037431280535763
466	917	-0.16411929232274758	0.12814622869031916
466	1011	0.20106261557150795	0.12656912286395552
467	598	-0.00768003438719684	0.15933346035666374
468	511	-0.21777468686090287	0.18438130558416840
468	1018	0.17028354576142257	0.19441060165832488
469	640	0.01799199176631740	0.04379673654788667
469	767	-0.05671872574821796	-0.05088351111661369
470	477	0.01190612187841697	0.14881213777986071
470	758	-0.13449301858577567	0.10088920178732889
470	850	-0.09379649092734932	0.01753645945144022
471	769	0.33682156060708257	0.11984172946815569
472	485	-0.00459796143588997	0.02308023921170580
472	724	0.19647538451158278	-0.01730069602985740
474	801	0.15537908482864374	-0.18875802987445103
475	938	-0.04773164672188276	0.40266477621699875
475	945	0.13060521382926710	0.05565615092220087
476	494	-0.10439630298650227	0.18335743737959170
476	898	-0.05007705782037241	0.24087815445815730
478	516	0.00520926079693218	-0.00201563577725455
478	932	0.05914231597349653	-0.11428837562612690
479	629	-0.17810927129165111	-0.05853032642947301
479	888	-0.03052897471459175	0.15272322819125067
480	556	-0.32193670620676196	-0.19311809609949679
480	915	0.18705645837634227	0.15690341287666817
481	700	-0.06346159887242808	-0.10778589626745362
481	936	-0.13662290856030251	0.07989682514004551
482	572	-0.44230466376713418	0.11619811424323405
482	686	0.07339823543466929	0.17364849387102366
482	906	0.16975526441217012	0.13869770406599893
483	624	-0.10676094785491397	-0.00959355951434987
483	648	0.12096349053710598	0.08123970483384754
483	928	-0.32357563644513809	-0.06575466085299973
484	727	0.01806657920438010	-0.00091376881279695
484	780	-0.07363226737302120	-0.40876920651125642
485	653	0.10289735452418065	-0.37745797934373426
485	1021	-0.12979315107251768	-0.13167105843570071
486	729	0.18573305319962960	0.16027431983766521
486	789	0.08491445438286697	0.24098260158660817
487	918	-0.16492659132431794	-0.01874262799885649
487	979	-0.22888061302148754	0.14969305151015930
488	670	0.08779054672974561	-0.15733446032104986
488	910	0.05848727177477138	0.10398359205758236
489	575	0.09154128782058668	-0.01788343115040494
489	991	-0.04066128178562487	-0.01631890348782904
490	738	-0.19657216129822919	0.16072116502712444
490	772	-0.08322624595841248	0.00149612187361500
491	530	0.08164043739940595	-0.15952674760018784
492	732	-0.01575375302069057	-0.15326894677063518
493	644	-0.09894649297664167	-0.01586146371102159
493	818	-0.12897437161255940	-0.05952720109946578
495	925	0.00469092714487937	0.37208832113119866
496	579	0.31733287277939404	0.06839253843026824
496	744	0.05476904577023137	-0.13660330561252634
496	1016	-0.04555745648586996	0.02727108427911648
499	537	-0.06201363700104774	0.05383907322555212
499	981	-0.12384581991733686	0.12900075666920582
500	981	0.01578048992962339	0.23243231156406080
501	517	-0.23243165159550019	0.04212880113095573
501	833	-0.12990769697887183	0.23700961491140238
503	681	-0.02790152768939795	-0.01347209807182710
505	561	-0.06999403649764539	0.04680743683428942
505	854	0.20779320491680336	0.10133756749102092
506	558	-0.06916307357743232	0.17738469010077856
507	900	-0.04722490991802704	0.12235292435593267
508	647	0.20561113870669637	-0.11097108183766347
508	1010	0.04352073206988443	0.14465676026389973
509	1001	0.14834301410649062	0.18769782479606426
510	582	0.04127486543893876	0.14103411978951422
510	821	0.06764929101106890	0.43260590772196694
510	1020	0.02017738049280624	-0.28728338246490248
512	570	0.14102812774185305	0.31082438210345997
512	849	0.40306311412512402	0.23692180942060340
512	982	0.05555615972887789	0.03523799525659902
513	868	0.00214242213882478	0.09131778043742751
513	877	0.14415961159605267	-0.36322965231509663
513	966	0.18767053250835561	0.02560813898267596
514	639	0.08545524109756501	0.20306986832851240
514	948	0.11506529160959780	-0.18522626686545399
515	656	-0.08710072774728277	0.23766031691723893
515	847	-0.13266372281531336	-0.23906153728464319
516	648	-0.09628993711146290	0.04094132980408551
517	930	0.03730574594378681	-0.02254519061959133
517	1018	-0.23715007988130787	0.03903095023835249
518	550	-0.01681924963442135	-0.04278988137322664
519	633	-0.32356344851974767	0.13340122597688794
519	744	0.08074286468642081	0.01230003427427298
520	569	-0.10528261836780008	-0.19995740970113282
520	853	-0.13572644396367009	0.07026486059255851
521	551	-0.27804262609976022	-0.00528049442996125
521	1005	-0.20528265656240352	0.19491228240384792
522	586	-0.13714558962502774	-0.02756720866071212
522	1017	0.00336391863260439	0.24954792063192469
523	567	0.24050104620463109	0.02896084126282281
523	812	-0.00003272047291833	0.01393023529367640
524	804	-0.09621282408500983	0.32238965612776416
524	820	-0.15140919391081165	-0.04670403813440373
525	781	0.17381798779063906	-0.21214264458644913
526	588	0.03557755842510943	-0.04972741900694440
526	634	0.10163075085218193	0.63137697771493129
526	931	-0.16313081323432860	0.03481954178924181
528	695	0.00614390033852957	0.01507802022375514
528	759	0.03220103073258469	-0.08014436064688646
529	538	-0.07350395425809857	0.14964380352824869
530	709	-0.21872739640751421	0.15114568189771119
530	874	0.28367750371189615	0.28329294970649160
531	588	-0.14966891102809030	-0.07012653214651617
531	855	0.14341055567310396	-0.12783489346296209
532	951	-0.21899010390805421	-0.21510639481538651
532	1023	-0.05338245348676209	-0.18914595778469623
533	552	-0.21359806409826895	0.11564676280320521
535	577	-0.02045895260459375	-0.23137102905367898
535	742	0.10669016247797559	0.10896958727169351
536	893	-0.05157223074141558	-0.15206215303885515
537	998	0.31978580172024068	0.06666022444908534
538	957	-0.17356887321670803	-0.01796767002204329
540	578	0.28763936910873178	-0.15130132180330105
540	774	-0.20515038663248092	-0.00470626684358338
542	753	-0.03567744533069592	-0.20335693979580974
542	840	-0.03438453115275769	0.03643637834921196
543	990	0.08786971082823919	0.04598064647414474
544	565	-0.01494270206451814	-0.07892071690356789
544	580	-0.07910444447894073	-0.01172781604340791
544	870	0.03399796089805861	0.18303038710260849
545	643	-0.10620194578319257	0.02475781642098868
545	792	-0.14766879752592363	0.01974886858348067
545	800	-0.24326316239073498	-0.09290576105014881
546	852	0.09061831062995579	-0.44689214437057784
547	651	-0.03310062982359344	0.25377054578019648
547	756	-0.31469578512294794	0.17251160511380559
548	552	-0.02815488065645562	0.10101841998578311
548	826	0.22828194171092192	-0.05129579892055255
548	848	-0.08547429247218465	-0.18067206677470748
549	583	-0.00938087208323406	-0.31099130754586790
549	839	-0.08066734667046140	0.02309003144879131
549	983	0.02415272162894297	0.03393571524593546
550	935	-0.01680729647974570	-0.00489531599868870
551	669	0.02978865939648447	0.19064125192041734
552	665	0.33337447122274050	-0.07997503333879158
555	708	-0.02545378828245274	0.16882119840074608
556	802	-0.15407425463127516	0.00056088568395123
557	667	0.20369952215024184	-0.02550559666862533
557	859	0.07565920074636820	0.07504993294033920
558	811	-0.02415823910160167	-0.13370656897468217
558	822	-0.02393540712930902	0.05216471707820878
559	921	0.06289412718600924	-0.07231926066032493
559	929	0.00859205270570193	-0.10887321040604418
560	703	-0.18652319971064149	0.09938514622522841
561	698	0.08253542100073964	0.19911451931738192
562	916	-0.01980591202689381	-0.04241560293997557
563	845	-0.13607174016303589	-0.03915447471702964
564	857	0.19782923648328746	0.03980915079569817
565	1011	-0.02462040288201220	0.05503863027378138
566	739	-0.12022410434258463	-0.06929394510363204
566	940	-0.02298877092397607	0.17602773597129126
567	677	-0.14152940162075642	0.07173952198143807
567	975	0.06221490810326667	0.14281846238382293
568	784	-0.17550745947579238	-0.34380586708233835
569	624	0.08059911366128232	0.02855012822240712
569	883	-0.12661720690426631	0.06822465654683886
570	615	0.12596185934881618	0.15232588371529618
570	1010	0.09427032613085809	-0.17954569607020729
571	657	-0.02414106415213690	0.04595259879455882
571	1005	-0.21477763414740411	0.05251816504555144
572	685	-0.21984834394709638	0.11187967061497561
573	869	0.07079803752283061	0.04931891565297786
574	609	-0.01280364577693305	0.04815598578434179
574	928	0.06461002377328269	0.06764501998581687
575	744	-0.25221345772749593	-0.21757891568109464
576	874	0.25233877400943000	0.11343830997955134
579	797	-0.13857452419211169	-0.17084361518177402
579	1006	-0.12180303215238279	-0.00518860210923616
580	668	-0.09476008415517863	0.22240051390752935
581	662	0.03701689502553636	-0.12540080950284310
582	912	-0.37220729586116325	0.30472250451760097
582	970	0.21262038332261682	0.24817562841263685
583	835	0.00648061587857598	0.16196221628273846
583	946	-0.01790848168581199	0.02066562061239824
584	650	0.06491585260383080	0.08624816162109002
584	882	-0.11598493831490696	-0.18247355287116779
586	692	-0.20655276983731011	-0.14993981701140496
586	843	-0.18024254175606755	0.14664284026218702
587	600	-0.33345554657882465	-0.19756645481032667
587	728	0.09668015593314884	0.07922683279896602
588	997	0.01746323485047857	0.30209428774170227
589	686	0.03351856529849193	0.25038383095198480
589	990	-0.13122354675881706	-0.51652087646167633
590	621	0.18610412685744160	0.34654078241061848
590	660	0.01988157506600613	0.09252257850814995
591	605	-0.12340007057585890	-0.09631301774103637
592	682	-0.16189591061793948	0.48708740313895060
593	702	-0.13422574060679632	0.12878752897761342
594	968	-0.04044315056904912	0.05900041969605052
595	637	-0.08184452428437997	0.20055859656268393
595	778	0.26449719712003400	-0.09755377566206250
595	934	0.19153286295322816	0.00054784764777370
596	901	-0.29398363991864079	0.06935781120189558
597	661	-0.02253330918096760	0.08430936768087437
597	765	0.23682227223635169	0.15300939984762166
597	996	-0.09779323362212533	0.21760156514142978
598	958	0.04317518618110735	0.14249300047988309
599	629	0.23281212041500707	0.02790831177858188
599	650	0.08737061143795834	0.24160845652744720
600	924	-0.12497522098743778	-0.08222236465673609
601	815	-0.12220231297499599	-0.10457137646800575
602	891	0.08191078813778177	0.05984431278110214
602	1017	0.00551648803290381	-0.06942525031251846
603	1022	-0.00544155140107435	-0.11613902189372940
604	788	0.00391592549454993	0.14023397660527898
604	978	-0.11359586585263429	0.19300980801947504
605	838	0.09544555328215783	0.12897905783799460
606	698	-0.06968819574275475	0.13558551375619954
606	732	-0.11427572037958197	-0.03114389331264286
607	610	0.14830730030703812	-0.14549393821256271
607	829	0.22943604519868546	0.22319122357918803
608	637	-0.01327341993600119	-0.10055200098823681
608	909	-0.13383315071351021	0.08947808712101030
609	907	0.14402128049857502	-0.12170200454671322
610	841	-0.15258024864632797	0.00648127434667282
611	742	-0.00997012076468079	-0.17811484880746328
611	915	0.29626044922136568	0.14106940642852062
612	755	-0.33346769752384114	0.19105348819152959
614	722	-0.05736648234366669	0.05947927466784951
614	769	0.10671960560274342	0.07192776827109690
615	851	-0.03987157405811211	0.31271488431082223
616	626	0.11011641020861292	-0.22688998329114171
616	982	0.10052951643289405	-0.17842072623236427
617	849	0.04700900520244532	0.07373978122161123
618	892	-0.00967738748805642	0.02757057295195398
620	726	-0.09168495193052589	-0.17743869655581918
621	641	-0.01205125722402180	0.02959680516471979
621	928	-0.01176806231146147	-0.05275892315827165
622	655	-0.11832287722971169	0.03481192816431448
623	703	-0.32738553593770553	0.01581467112362968
623	1001	0.08239269585220765	0.00559548058547878
624	707	-0.16131268888838532	0.26741601752992739
626	899	-0.02025857418198421	0.52562046861099410
626	941	-0.12303990107852224	0.07692068803338353
627	648	-0.00447271138325811	0.07568217873484415
627	782	-0.00161430235965221	-0.08869548241750473
627	786	0.15443758825998388	-0.20228026422973067
628	995	0.00059503041768850	-0.08076568290941358
629	1016	-0.03366176855390429	0.15173803861130897
630	767	-0.07009888051043627	0.27957837067069641
631	755	0.17357946350179471	0.09736025071365961
632	693	-0.02030513273280894	-0.12971389595107408
634	772	-0.06958827791769413	0.00082766600062819
634	879	-0.08044178288870099	0.11854204406964043
635	890	-0.07925591451964727	0.09989342732378366
635	1006	0.04977719274472253	0.01246089737450058
636	958	-0.00711211984979223	-0.00785224513597146
636	1015	-0.12888106153982826	-0.08211037979464132
637	965	-0.05974846999564629	-0.02153223241824819
638	873	-0.04077984202525902	0.21625121905502065
638	951	-0.04237327359260738	-0.12356816943083047
642	674	0.16228635099351926	-0.15220938746561333
642	996	-0.20678294419478535	-0.03194702996993604
644	731	0.02211845860190018	-0.09860729628286245
645	710	0.03575357912769361	0.07799678515359698
645	923	-0.22465243505430690	-0.05492303050421146
645	986	-0.01405267051842691	0.19858704009332803
646	803	0.23331404950836324	-0.27908652949472934
647	776	0.00329692203999413	0.25477245154512479
647	911	-0.01254440919272670	-0.17646460914513451
651	991	0.02326886939895649	0.15352451404417322
651	1001	-0.17299082875464669	0.01444831884104822
655	666	0.12388777283717631	0.12706868642675279
656	918	-0.31776858625205545	-0.06562858564853498
657	688	-0.08340035528320063	-0.11175110969723406
658	675	-0.16220734115607033	-0.17578837907045569
658	740	-0.25357466784996885	0.07982996219120617
659	801	-0.09448352554604199	0.09385786846235344
660	790	0.02927017777395399	-0.04798203758495818
660	846	0.14653817619500317	0.00976714642642123
661	795	0.16238870617248999	0.09778145817936031
663	777	0.01564763346199755	0.36373390161305269
664	752	-0.14161742380222517	0.19155715874250839
664	912	-0.13537857792018695	-0.25785844554164028
664	937	0.11407463984104244	-0.23573040033536316
665	701	-0.08419219184899228	-0.03711089000288605
665	959	-0.31966351808817806	0.00582512182752615
666	739	-0.09580331716495034	-0.11669319678176032
666	916	-0.06645085700227865	0.05346857527551399
667	686	0.23739762207517787	0.00858950400898033
673	761	0.05290635916152276	-0.07155204027687675
674	845	0.39945591479831588	-0.02987378098646766
675	973	0.20178463526561619	0.06072783374594472
675	994	0.12106385835711482	0.15566776741829252
677	786	0.01663593460344549	0.04841103900912777
678	689	0.05364132481016811	-0.15686451807792687
678	708	-0.28295108217543274	0.10772630473766044
678	818	-0.27928524477149697	-0.30395388301519649
679	947	0.15889906780495081	0.02489813939999579
680	717	-0.08681603666657060	0.03950601926786979
680	728	-0.09234691004217536	0.11091321100229364
680	955	0.03663613039119825	0.06094542014290760
681	693	-0.02716324267951436	-0.06407759653784412
681	729	0.07261309742646237	0.05425345418435370
682	736	0.04137555399460609	0.12059959880923646
682	986	-0.12679094650956471	0.11627110170629909
683	881	-0.01841962850552014	-0.01335518886507625
684	1000	-0.08335624343728248	-0.07666286580738542
684	1003	-0.03322941343057259	-0.03369520511561823
685	808	0.10516770363378555	-0.18659161369994362
687	841	0.04748591664982481	-0.09581856498108730
689	1016	-0.05266731433653556	-0.06284007513317044
690	829	-0.01647571686170619	0.01384306355948589
691	811	0.26492568100899611	0.02649756433475954
691	869	0.14582199804690765	-0.17688938160291376
692	1020	-0.01417771046958579	-0.12520724057072757
694	715	0.12266762084368978	-0.23224535543883598
694	830	0.04903240454813654	-0.15510975800084231
696	962	-0.16840524317974445	-0.00422888097863304
697	754	0.06210766200880811	-0.13642507423522227
697	949	0.02304411645621161	0.05162046039546840
699	773	0.05481352243901821	-0.14586520953907686
700	868	0.11589414975649970	-0.14133099771013141
701	737	-0.01938531106908035	0.18675320914613081
701	964	-0.03612684916991786	-0.23357789114734034
702	779	-0.08516391822621242	0.12210414967807320
706	714	-0.13464607555565075	-0.36033906070338406
711	765	0.18692057511303897	0.27211177719265039
711	867	-0.21640563376596153	0.21582014655161483
712	913	0.26435945632746527	0.08737205237873372
713	997	-0.15060640655898175	0.27740416140622898
716	943	-0.17799899060603402	-0.23388021226512973
717	826	-0.09838465457623015	0.29366058089331587
717	884	0.08451273124140046	-0.14909494735359372
719	820	-0.08962765000645638	-0.10184748936266881
719	875	-0.19095784113302539	0.00689783796107237
721	827	-0.04224112123390952	0.17638178004483632
722	888	-0.09422947151668205	0.19970470322413961
723	840	-0.19165770387607375	-0.17955373857803092
725	910	-0.13114172974255542	0.02406555548751977
725	930	-0.31404879574980182	-0.11431509161209485
726	881	0.12140968259679241	0.15202324980894008
726	980	-0.21435584297352139	0.08551098943656410
729	859	-0.07484233938798758	-0.05408456313766078
730	936	0.19391787469637992	-0.07761148347003298
730	1014	-0.06238494575912221	-0.29295670057895162
731	937	0.02008800877687488	-0.11390801275468806
733	848	0.02080869608848358	-0.10152149830823630
733	1013	0.15288466326463712	-0.35398179681229813
734	910	0.03422179297645631	-0.07275131637629496
735	921	-0.05318609603335763	-0.10082669802526970
735	943	-0.09914357483311302	-0.07465602210486122
737	810	-0.11822695247260268	-0.20613919302202741
739	963	0.08250540954469078	0.10999807217956528
740	944	0.01261940711696063	0.01558972714372909
743	870	-0.13454462420036215	-0.08503163373688317
743	911	-0.12588497794080744	0.00463248672822216
745	847	-0.01869366724977551	-0.13738882462386226
746	893	0.17648637126718864	0.04239909339063067
748	787	0.04816525138504347	0.11435966496880903
750	799	-0.02329811021559751	0.04100766543976467
750	965	0.08813857525992172	0.16548895936839647
751	959	-0.01939235775444633	0.16407074888870452
753	999	-0.10549405448039458	-0.05154759075241178
755	908	0.02498843055457279	0.10520576215001969
756	925	0.11061182250429638	0.12162205391334938
757	846	-0.03578234831762424	0.17151342081743623
757	968	-0.07053689521335112	0.01112174726990939
758	798	-0.17612162660161987	0.10912245694320220
759	782	-0.09265046900971573	0.22522518563227475
760	908	-0.02537878689128180	-0.08674369288374144
762	884	0.07194299560040109	-0.00435140888113748
762	899	-0.21547512298571520	0.14215165438160743
763	777	-0.20764992091213674	-0.20852915324975460
763	952	0.09444110594081503	0.10929990035718322
764	941	-0.12265966674788556	0.04945594032554621
764	984	-0.05269200206902652	-0.09454199472788206
765	773	-0.05951663161187176	0.04282270444608951
767	782	0.16702947809638066	-0.31124808286660605
768	813	-0.12399485238354975	-0.03140881906070623
771	808	0.01945301880026929	-0.00797521774629226
773	980	0.16257902490822021	0.03483475743597684
776	809	0.06366473800167320	0.16763867092446016
776	964	-0.18324231151838685	0.08803122750686000
779	1002	0.04143388645984033	0.16252306024037563
780	794	-0.06165517835687179	-0.17376121540618797
780	983	-0.01177505938904523	-0.16042141452143613
781	891	-0.16128047397786102	-0.09388526621190400
783	904	-0.08598634532042107	-0.10762516068474111
783	957	0.06350211094522913	0.13489164423790664
785	998	0.01551278589824367	0.00105338483840878
785	1022	0.00303669694926414	0.22089245983429720
786	842	0.24931829086603782	-0.01305082155233300
787	927	0.02719120655015883	-0.05627390779534454
788	846	-0.07733256789497429	0.19213551162021347
788	945	0.15610994307777729	-0.25660441433018161
791	887	0.06748630743554264	0.13777487135757008
793	815	0.18885531575902439	-0.01007727097814668
796	797	0.14650205813807354	0.02713024366777142
796	837	0.21595061639575422	-0.09359973085393120
797	952	0.09585768488656536	-0.07870258173475031
799	874	0.36540743896155908	-0.00125762085147886
800	871	-0.11383297467716713	0.09533570169950173
800	897	0.05233486922356330	-0.02661876736567512
801	978	-0.39307369898926064	0.01788061045859301
802	816	-0.07325511541831398	-0.13760511831459796
807	860	0.04130155733883263	0.18139962664768947
807	864	0.10076166003160573	0.37974191058915974
809	998	-0.02072689322143013	-0.29541818355281618
809	1019	-0.16238885826814872	-0.04523714347449841
811	821	0.13840495115616122	-0.00117819636410687
814	1012	0.00659766269258666	0.06333992712515296
817	877	-0.03416845549104515	0.07593384461816818
819	867	-0.13637500145412276	0.18085731933611202
819	1009	0.27595414589373779	0.07719118172028233
824	935	0.11433074224633827	0.17637491965824179
824	989	-0.16569435542502797	-0.18106487326625748
825	866	-0.08130145564138062	0.28783341218288072
829	973	-0.18373778454347975	0.16770402499467099
831	920	0.04160254093624747	0.34358185845890882
832	940	0.20177276935739560	-0.14727907804304047
841	864	-0.02733136054729388	0.26864826500900812
845	856	0.08154629336937445	-0.04442014015247761
848	1004	0.03011893293061516	-0.25972107652080517
850	921	0.14032885057355446	0.11672769091920110
850	1007	-0.08900163947275695	-0.16578000433411258
856	985	-0.00901050115570581	0.14963046722049930
858	901	0.17425133313160820	0.32925737833605384
860	948	0.10952134017890859	-0.17961940924351233
860	953	-0.18198170649070458	-0.02850184919820046
862	922	0.41216514975096874	-0.09311027810169621
862	1023	0.04415806315506709	0.14865577883736741
863	942	-0.08576531240720457	0.03659685570379591
865	875	0.00816888880757070	0.06060520505100390
865	963	-0.25923836556693058	-0.25149980445196957
867	893	-0.23549935652439802	0.02191065641361991
869	971	-0.02725842020379648	-0.06766984850053795
871	1021	0.06081429978839025	-0.22169545303170476
872	894	-0.41480992489686075	-0.17317281271412546
873	1000	0.02948277809285907	-0.15110176657386462
876	992	0.22045613440794307	0.41011028728109372
878	932	0.18444148069353572	-0.09083902456260901
879	922	-0.29799280271579531	0.06678752063130651
881	919	0.16154126501855043	-0.11443838395410193
882	992	0.24365428764294539	-0.07475712722166711
884	885	-0.22484037857210551	-0.03846694415783291
887	986	0.12124835554988339	-0.04100142523591675
887	1014	0.04991630707136133	0.31142322345493256
894	1008	0.34067633967701705	-0.07876874663142934
895	991	-0.25686936794223131	-0.29111904631338092
896	904	-0.14553035506600590	-0.06352212872357973
898	984	-0.08920718324599372	0.06835841740087818
905	994	-0.28207168831507456	0.12685539688621300
906	985	0.06174508568729727	-0.11066448245272256
914	926	0.06351012435909167	0.01365055027152021
917	959	0.19066195889649190	0.03944107154498500
918	954	0.05167155486190329	0.00626328006642063
919	994	0.03781468249885318	0.09556967844107032
925	1008	0.02308371765439785	0.08054842910590394
926	988	-0.02514227979820870	0.18852152592880916
933	972	0.10247403947537373	0.17255711066704596
936	1012	-0.05417683976754129	0.04251301932036095
942	1006	0.33652784227579363	-0.19435160990723657
944	953	-0.02214821733417997	0.13768084135886002
948	988	0.01471697098362739	-0.19407234621329206
950	1003	-0.02338692962151255	-0.13775801018079686
954	1004	0.11826846282512400	-0.03260484915223147
960	983	0.20519239101332334	0.03449525350830324
962	984	-0.07036537442672371	-0.14258877045948856
967	995	-0.02582174908067905	0.18808440911484306
969	974	-0.13143039043421381	0.01453227580413403
970	996	-0.12041816675359839	0.01064874826447263
1011	1020	0.18998913065891818	0.03005834697176375
