# N  c  mu  sigma  av_time  av_div  samples_div  prob_div  error_prob  av_m  error_av_m  runtime(s)  std_runtime(s) nsamples
8192 109 800 0 92.004600 6.733497 0.000000 0 0.000000 0.000000 0.922456 0.002428 0.017372 0.002353 10000
8192 109 1500 0 75.121700 3.255839 0.000000 0 0.000000 0.000000 0.906006 0.002938 0.015259 0.001937 10000
8192 217 800 0 102.251000 10.926491 0.000000 0 0.000000 0.000000 0.860087 0.002916 0.022957 0.003636 10000
8192 217 1500 0 78.769800 4.756638 0.000000 0 0.000000 0.000000 0.834362 0.003454 0.017411 0.002347 10000
8192 326 800 0 110.789200 13.100663 0.000000 0 0.000000 0.000000 0.807489 0.003100 0.029578 0.005113 10000
8192 326 1500 0 82.009501 9.687951 0.000600 1 0.000100 0.000100 0.776397 0.003631 0.023493 0.003795 10000
8192 435 800 0 118.636700 15.147994 0.000000 0 0.000000 0.000000 0.762550 0.003215 0.035203 0.005948 10000
8192 435 1500 0 85.439320 12.930437 0.003000 5 0.000500 0.000224 0.728472 0.003720 0.025614 0.005164 10000
8192 544 800 0 126.318900 16.804107 0.000000 0 0.000000 0.000000 0.723467 0.003215 0.047518 0.009248 10000
8192 544 1500 0 89.641334 18.707830 0.011800 13 0.001300 0.000360 0.687851 0.003702 0.031588 0.007780 10000
8192 652 800 0 133.071700 17.247201 0.000000 0 0.000000 0.000000 0.689409 0.003221 0.053258 0.008856 10000
8192 652 1500 0 93.727437 21.920775 0.028000 28 0.002800 0.000528 0.653213 0.003695 0.035723 0.009492 10000
8192 761 800 0 141.089800 18.855067 0.000000 0 0.000000 0.000000 0.658822 0.003213 0.061630 0.011654 10000
8192 761 1500 0 98.733219 25.994886 0.069300 63 0.006300 0.000791 0.622670 0.003668 0.041213 0.012064 10000
8192 870 800 0 148.026300 19.053714 0.000000 0 0.000000 0.000000 0.631361 0.003140 0.066763 0.011256 10000
8192 870 1500 0 103.774037 30.480545 0.084300 78 0.007800 0.000880 0.595641 0.003569 0.045044 0.014454 10000
8192 979 800 0 156.159000 19.568575 0.000000 0 0.000000 0.000000 0.606538 0.003078 0.075411 0.014260 10000
8192 979 1500 0 108.438566 31.659235 0.194400 152 0.015200 0.001223 0.571551 0.003492 0.049775 0.015629 10000
8192 1087 800 0 163.995900 19.848866 0.000000 0 0.000000 0.000000 0.584160 0.003029 0.081080 0.013446 10000
8192 1087 1500 0 114.003370 34.659543 0.309200 209 0.020900 0.001430 0.550039 0.003436 0.053386 0.017819 10000
8192 1196 800 0 172.675400 20.215683 0.000000 0 0.000000 0.000000 0.563456 0.002953 0.084177 0.015093 10000
8192 1196 1500 0 120.460598 38.379783 0.435300 267 0.026700 0.001612 0.530357 0.003349 0.059668 0.020899 10000
8192 1305 800 0 181.752700 20.565567 0.000000 0 0.000000 0.000000 0.544397 0.002926 0.091287 0.015623 10000
8192 1305 1500 0 126.312863 41.060903 0.654800 360 0.036000 0.001863 0.512372 0.003324 0.063101 0.022286 10000
8192 1414 800 0 191.434100 20.234106 0.000000 0 0.000000 0.000000 0.526824 0.002844 0.100735 0.018346 10000
8192 1414 1500 0 133.141193 42.468936 1.239500 559 0.055900 0.002297 0.495922 0.003240 0.072514 0.025361 10000
8192 1522 800 0 201.425700 20.500885 0.000000 0 0.000000 0.000000 0.510672 0.002781 0.107773 0.018051 10000
8192 1522 1500 0 140.783375 46.645771 1.723100 689 0.068900 0.002533 0.480910 0.003179 0.077483 0.027418 10000
8192 1631 800 0 211.780800 19.680852 0.000000 0 0.000000 0.000000 0.495523 0.002751 0.115975 0.019475 10000
8192 1631 1500 0 149.679630 96.718346 2.381500 820 0.082000 0.002744 0.466911 0.003144 0.086386 0.082325 10000
8192 1740 800 0 222.963500 20.186084 0.000000 0 0.000000 0.000000 0.481344 0.002683 0.125778 0.020992 10000
8192 1740 1500 0 158.288006 79.803114 3.604800 1087 0.108700 0.003113 0.453877 0.003072 0.092230 0.051835 10000
8192 1848 800 0 234.564400 22.083873 0.000000 0 0.000000 0.000000 0.468220 0.002611 0.136763 0.023847 10000
8192 1848 1500 0 168.707549 136.710400 5.279700 1390 0.139000 0.003459 0.441850 0.002988 0.103079 0.126575 10000
8192 1957 800 0 247.070900 21.879060 0.000000 0 0.000000 0.000000 0.455820 0.002599 0.148249 0.024504 10000
8192 1957 1500 0 178.546363 141.582799 8.176300 1696 0.169600 0.003753 0.430559 0.002994 0.108748 0.130827 10000
8192 2066 800 0 261.353900 24.641288 0.000000 0 0.000000 0.000000 0.444052 0.002547 0.176155 0.031785 10000
8192 2066 1500 0 195.467222 194.690610 12.953200 2083 0.208300 0.004061 0.419821 0.002949 0.125432 0.181852 10000
8192 2175 800 0 277.764600 26.842764 0.000000 0 0.000000 0.000000 0.433009 0.002490 0.181167 0.031327 10000
8192 2175 1500 0 213.728039 248.855837 19.958100 2521 0.252100 0.004342 0.409822 0.002878 0.138631 0.240011 10000
8192 2283 800 0 295.393400 30.218277 0.000000 0 0.000000 0.000000 0.422658 0.002489 0.209885 0.039863 10000
8192 2283 1500 0 231.768275 260.106832 30.691900 2996 0.299600 0.004581 0.400404 0.002928 0.180210 0.282348 10000
8192 2392 800 0 315.082200 33.855369 0.000000 0 0.000000 0.000000 0.412773 0.002412 0.215705 0.040328 10000
8192 2392 1500 0 261.272989 344.297096 48.505400 3736 0.373600 0.004838 0.391433 0.002847 0.216607 0.411088 10000
8192 2501 800 0 337.307500 36.918981 0.000000 0 0.000000 0.000000 0.403408 0.002365 0.249941 0.046567 10000
8192 2501 1500 0 300.378369 450.587109 75.576700 4323 0.432300 0.004954 0.382832 0.002835 0.252587 0.559391 10000
8192 2610 800 0 362.942500 42.816165 0.000000 0 0.000000 0.000000 0.394492 0.002355 0.258443 0.050478 10000
8192 2610 1500 0 339.899538 499.402516 116.964100 5023 0.502300 0.005000 0.374711 0.002944 0.300371 0.705925 10000
8192 2718 800 0 391.987500 51.507312 0.000000 0 0.000000 0.000000 0.386151 0.002304 0.303323 0.060655 10000
8192 2718 1500 0 409.942057 625.916631 188.277000 5858 0.585800 0.004926 0.366930 0.003017 0.360400 0.870617 10000
8192 2827 800 0 424.736600 56.832188 0.000000 0 0.000000 0.000000 0.378028 0.002283 0.317634 0.064142 10000
8192 2827 1500 0 483.857054 715.504041 285.588500 6775 0.677500 0.004674 0.359257 0.003147 0.432059 0.932779 10000
8192 2936 800 0 462.679300 68.633654 0.000000 0 0.000000 0.000000 0.370348 0.002255 0.368717 0.074238 10000
8192 2936 1500 0 663.799675 1065.219637 424.334600 7539 0.753900 0.004307 0.351787 0.003353 0.639704 1.532875 10000
8192 3044 800 0 506.658300 82.165748 0.000000 0 0.000000 0.000000 0.363037 0.002227 0.409424 0.087523 10000
8192 3044 1500 0 940.057542 1413.198421 599.741600 8210 0.821000 0.003834 0.344476 0.003551 0.986247 2.056184 10000
8192 3153 800 0 561.658100 106.080801 0.000000 0 0.000000 0.000000 0.356000 0.002187 0.465512 0.110029 10000
8192 3153 1500 0 1385.214578 1841.927193 832.644300 8779 0.877900 0.003274 0.337194 0.003815 1.385418 2.491764 10000
8192 3262 800 0 629.532400 154.927830 0.000000 0 0.000000 0.000000 0.349246 0.002168 0.526491 0.157084 10000
8192 3262 1500 0 1810.982597 2097.013577 1101.429800 9253 0.925300 0.002629 0.329924 0.004000 1.960384 3.028582 10000
8192 3371 800 0 717.978198 204.823260 0.233900 1 0.000100 0.000100 0.342787 0.002130 0.604130 0.200265 10000
8192 3371 1500 0 2471.747178 2481.761750 1397.198500 9557 0.955700 0.002058 0.322768 0.004081 2.748621 3.569892 10000
8192 3479 800 0 833.003003 299.517278 1.679700 9 0.000900 0.000300 0.336666 0.002103 0.715399 0.307931 10000
8192 3479 1500 0 2676.301980 2480.983339 1675.297900 9798 0.979800 0.001407 0.315885 0.003893 3.059713 3.660450 10000
8192 3588 800 0 999.013634 481.027753 5.880400 25 0.002500 0.000499 0.330711 0.002080 0.880111 0.547834 10000
8192 3588 1500 0 2902.456522 2528.402789 1918.552100 9908 0.990800 0.000955 0.309247 0.003739 3.281554 3.547280 10000
8192 3697 800 0 1231.554824 739.389269 30.555900 123 0.012300 0.001102 0.324993 0.002065 1.102005 0.914858 10000
8192 3697 1500 0 4195.103448 2590.173558 2134.371900 9971 0.997100 0.000538 0.302936 0.003561 5.146483 4.225471 10000
8192 3806 800 0 1584.914330 1040.595815 108.132000 405 0.040500 0.001971 0.319471 0.002024 1.595646 1.487091 10000
8192 3806 1500 0 7123.000000 1659.297643 2340.747800 9997 0.999700 0.000173 0.296856 0.003393 9.832000 3.352703 10000
8192 3914 800 0 1987.965389 1334.724356 305.546300 1130 0.113000 0.003166 0.314195 0.001995 2.054052 2.012757 10000
8192 3914 1500 0 3907.500000 266.500000 2500.738600 9998 0.999800 0.000141 0.291134 0.003410 4.272500 0.086500 10000
8192 4022 800 0 2463.891026 1629.749393 713.954900 2512 0.251200 0.004337 0.309096 0.001983 2.714123 2.659620 10000
8192 4022 1500 0 nodata nodata 2658.504700 10000 1.000000 0.000000 0.285575 0.003337 nodata nodata 10000
8192 4132 800 0 2945.280889 1802.029321 1294.665100 4375 0.437500 0.004961 0.304163 0.001965 3.357290 3.035022 10000
8192 4132 1500 0 nodata nodata 2800.335600 10000 1.000000 0.000000 0.280217 0.003255 nodata nodata 10000
