#N  c  mu  sigma  av_time_conv  std_time_conv  samples_div  samples_mult_eq  prob_div  error_prob  runtime(s)  std_runtime(s)  nsamples
1024 110 800 0 117.432025 53.328006 0 0 0.000000 0.000000 0.016656 0.002367 10050
1024 110 900 0 306.286940 186.278298 0 0 0.000000 0.000000 0.022634 0.006167 10050
1024 110 1100 0 185.943437 9.948059 0 0 0.000000 0.000000 0.021031 0.002318 10050
1024 110 1500 0 51.953041 4.638886 0 0 0.000000 0.000000 0.018528 0.003651 10050
1024 110 3000 0 23.990295 2.661971 1 0 0.000100 0.000099 0.025262 0.002528 10050
1024 220 900 0 508.669176 132.763244 0 0 0.000000 0.000000 0.039750 0.015083 10050
1024 220 1100 0 188.854522 5.624203 0 0 0.000000 0.000000 0.026023 0.003767 10050
1024 220 1500 0 55.147289 5.419576 2 0 0.000199 0.000141 0.023814 0.003067 10050
1024 220 3000 0 25.432709 3.924342 26 0 0.002587 0.000507 0.031819 0.003242 10050
1024 220 800 0 183.929514 50.303251 0 0 0.000000 0.000000 0.021849 0.003874 10050
1024 330 800 0 239.706115 145.670704 0 0 0.000000 0.000000 0.027859 0.007155 10050
1024 330 1100 0 187.472263 6.762102 0 0 0.000000 0.000000 0.029873 0.003351 10050
1024 330 1500 0 57.749529 5.143540 2 0 0.000199 0.000141 0.027558 0.005782 10050
1024 330 3000 0 27.645566 5.921573 42 0 0.004179 0.000644 0.038133 0.004629 10050
1024 330 900 0 604.777575 249.474089 0 0 0.000000 0.000000 0.054105 0.022200 10050
1024 430 800 0 318.611391 243.244651 0 0 0.000000 0.000000 0.037388 0.014548 10050
1024 430 900 0 752.462241 370.272390 0 0 0.000000 0.000000 0.076159 0.033467 10050
1024 430 1500 0 59.294596 4.780371 8 0 0.000796 0.000281 0.032699 0.003986 10050
1024 430 3000 0 30.630876 7.640983 100 0 0.009950 0.000990 0.044928 0.006342 10050
1024 430 1100 0 187.889495 8.557715 0 0 0.000000 0.000000 0.036210 0.004622 10050
1024 540 800 0 451.054065 372.409582 0 0 0.000000 0.000000 0.048940 0.024810 10050
1024 540 900 0 957.934928 462.451588 0 0 0.000000 0.000000 0.100945 0.045426 10050
1024 540 1100 0 190.099757 20.011923 0 0 0.000000 0.000000 0.040147 0.006320 10050
1024 540 1500 0 60.415777 5.958239 9 0 0.000896 0.000298 0.032998 0.003068 10050
1024 540 3000 0 33.854361 8.842386 191 0 0.019005 0.001362 0.052200 0.008205 10050
1024 650 3000 0 37.696339 10.415752 267 0 0.026567 0.001604 0.060529 0.010926 10050
1024 650 800 0 595.533894 461.483187 0 0 0.000000 0.000000 0.067722 0.036486 10050
1024 650 900 0 1153.302601 479.800235 0 0 0.000000 0.000000 0.121856 0.047960 10050
1024 650 1100 0 193.154803 26.140711 0 0 0.000000 0.000000 0.047085 0.006951 10050
1024 650 1500 0 61.751824 7.534530 29 0 0.002886 0.000535 0.038127 0.005196 10050
1024 760 800 0 761.006079 527.789337 0 0 0.000000 0.000000 0.084785 0.044799 10050
1024 760 900 0 1313.897873 447.760192 0 0 0.000000 0.000000 0.143496 0.048974 10050
1024 760 1100 0 197.995614 45.004712 1 0 0.000100 0.000099 0.051373 0.010526 10050
1024 760 1500 0 63.585227 9.477844 55 0 0.005473 0.000736 0.041864 0.005734 10050
1024 760 3000 0 41.661628 14.590476 422 0 0.041990 0.002001 0.069993 0.017046 10050
1024 870 900 0 1441.691302 415.020050 0 0 0.000000 0.000000 0.183047 0.055729 10050
1024 870 1100 0 202.906775 64.637920 5 0 0.000498 0.000222 0.059359 0.016057 10050
1024 870 1500 0 65.760197 11.161560 74 0 0.007363 0.000853 0.047417 0.007805 10050
1024 870 3000 0 46.075268 13.512495 540 0 0.053731 0.002249 0.080907 0.017382 10050
1024 870 800 0 933.419731 565.584699 0 0 0.000000 0.000000 0.112711 0.055725 10050
1024 980 800 0 1072.344855 579.668593 0 0 0.000000 0.000000 0.130735 0.059788 10050
1024 980 1100 0 206.312761 62.455031 5 0 0.000498 0.000222 0.063256 0.015468 10050
1024 980 1500 0 68.689836 13.394596 151 0 0.015025 0.001213 0.051690 0.008992 10050
1024 980 3000 0 50.639467 22.202454 674 0 0.067065 0.002495 0.093457 0.033161 10050
1024 980 900 0 1533.293480 382.530388 0 0 0.000000 0.000000 0.199114 0.054316 10050
1024 1090 800 0 1198.432967 573.376953 0 0 0.000000 0.000000 0.159438 0.067136 10050
1024 1090 900 0 1610.282648 361.138708 0 0 0.000000 0.000000 0.238252 0.060735 10050
1024 1090 1500 0 71.894796 14.517998 207 0 0.020597 0.001417 0.058798 0.011062 10050
1024 1090 3000 0 56.018614 61.047201 903 0 0.089851 0.002853 0.108287 0.095008 10050
1024 1090 1100 0 212.736178 95.559084 11 0 0.001095 0.000330 0.072377 0.026867 10050
1024 1200 800 0 1302.437521 552.053106 0 0 0.000000 0.000000 0.173265 0.066866 10050
1024 1200 900 0 1663.309436 343.416378 0 0 0.000000 0.000000 0.249508 0.060252 10050
1024 1200 1100 0 217.365398 116.712286 25 0 0.002488 0.000497 0.083342 0.036295 10050
1024 1200 3000 0 61.122778 86.130690 1086 0 0.108060 0.003097 0.123854 0.148138 10050
1024 1200 1500 0 75.905433 17.944436 288 0 0.028657 0.001664 0.065133 0.014500 10050
1024 1300 800 0 1386.329368 524.681043 0 0 0.000000 0.000000 0.205275 0.073303 10050
1024 1300 900 0 1717.097343 342.837791 0 0 0.000000 0.000000 0.289655 0.068908 10050
1024 1300 1100 0 223.096862 140.421769 50 0 0.004975 0.000702 0.090108 0.044558 10050
1024 1300 1500 0 80.325116 26.425778 348 0 0.034627 0.001824 0.075586 0.025864 10050
1024 1300 3000 0 66.362912 53.038574 1309 0 0.130249 0.003357 0.141300 0.087987 10050
1024 1410 800 0 1459.582541 506.542876 0 0 0.000000 0.000000 0.215405 0.071737 10050
1024 1410 900 0 1768.213952 330.137933 0 0 0.000000 0.000000 0.299645 0.069249 10050
1024 1410 1100 0 230.148194 167.594019 65 0 0.006468 0.000800 0.100527 0.055218 10050
1024 1410 1500 0 85.072582 29.779282 477 0 0.047463 0.002121 0.083971 0.030143 10050
1024 1410 3000 0 74.831486 98.162683 1586 0 0.157811 0.003637 0.166202 0.193306 10050
1024 1520 900 0 1808.029832 342.529034 0 0 0.000000 0.000000 0.357225 0.079067 10050
1024 1520 1100 0 238.170193 192.877363 107 0 0.010647 0.001024 0.108839 0.068745 10050
1024 1520 1500 0 90.213354 31.967299 687 0 0.068358 0.002517 0.095293 0.029896 10050
1024 1520 3000 0 79.407429 96.151169 1816 0 0.180697 0.003838 0.184061 0.185583 10050
1024 1520 800 0 1532.455629 475.956756 0 0 0.000000 0.000000 0.250280 0.077003 10050
1024 1630 800 0 1576.502324 455.081398 0 0 0.000000 0.000000 0.254686 0.073566 10050
1024 1630 1100 0 248.867382 224.315902 150 0 0.014925 0.001210 0.121648 0.085200 10050
1024 1630 1500 0 97.842755 96.349997 850 0 0.084577 0.002776 0.106740 0.128881 10050
1024 1630 3000 0 86.632179 102.397134 2201 0 0.219005 0.004125 0.209087 0.222625 10050
1024 1630 900 0 1836.294850 351.056485 0 0 0.000000 0.000000 0.381343 0.084566 10050
1024 1740 800 0 1609.239555 446.282082 0 0 0.000000 0.000000 0.286936 0.081470 10050
1024 1740 900 0 1878.074691 352.376913 0 0 0.000000 0.000000 0.408987 0.088371 10050
1024 1740 1500 0 104.196866 112.135975 1033 0 0.102786 0.003029 0.120401 0.149674 10050
1024 1740 3000 0 97.132355 160.694433 2429 0 0.241692 0.004270 0.243019 0.365167 10050
1024 1740 1100 0 261.184839 252.499915 238 0 0.023682 0.001517 0.132876 0.099026 10050
1024 1850 800 0 1648.733120 424.606958 1 0 0.000100 0.000099 0.288871 0.076672 10050
1024 1850 900 0 1913.087226 366.858212 0 0 0.000000 0.000000 0.433795 0.093444 10050
1024 1850 1100 0 278.339366 291.788754 347 0 0.034527 0.001821 0.149012 0.119859 10050
1024 1850 3000 0 111.155508 214.267953 2767 0 0.275323 0.004456 0.287055 0.517104 10050
1024 1850 1500 0 112.650593 130.570773 1310 0 0.130348 0.003358 0.134619 0.169925 10050
1024 1960 800 0 1686.079307 407.462771 0 0 0.000000 0.000000 0.354829 0.091069 10050
1024 1960 900 0 1951.283563 385.458447 0 0 0.000000 0.000000 0.458830 0.100711 10050
1024 1960 1100 0 301.369557 345.881665 433 0 0.043085 0.002025 0.164633 0.142985 10050
1024 1960 1500 0 119.857780 135.021748 1492 0 0.148458 0.003547 0.149014 0.190674 10050
1024 1960 3000 0 120.591323 228.670462 3208 0 0.319204 0.004650 0.319453 0.558393 10050
1024 2070 800 0 1713.955215 397.710767 0 0 0.000000 0.000000 0.369658 0.091397 10050
1024 2070 900 0 1979.839660 401.782690 8 0 0.000796 0.000281 0.483718 0.108049 10050
1024 2070 1100 0 313.511918 365.055659 560 0 0.055721 0.002288 0.174514 0.152681 10050
1024 2070 1500 0 132.894244 199.790075 1805 0 0.179602 0.003829 0.171556 0.306479 10050
1024 2070 3000 0 136.108856 251.338186 3644 0 0.362587 0.004795 0.372047 0.634961 10050
1024 2170 900 0 2020.893719 433.551005 9 0 0.000896 0.000298 0.509369 0.117742 10050
1024 2170 1100 0 328.855228 380.142231 773 0 0.076915 0.002658 0.186232 0.159996 10050
1024 2170 1500 0 141.162298 189.385511 2172 0 0.216119 0.004106 0.188915 0.296424 10050
1024 2170 3000 0 143.376631 264.630236 3973 0 0.395323 0.004877 0.404693 0.734089 10050
1024 2170 800 0 1737.974020 393.674976 0 0 0.000000 0.000000 0.349951 0.083985 10050
1024 2280 800 0 1768.733971 383.882659 0 0 0.000000 0.000000 0.355104 0.082553 10050
1024 2280 1100 0 365.553901 453.863752 988 0 0.098308 0.002970 0.216365 0.199105 10050
1024 2280 1500 0 158.504407 291.772053 2509 0 0.249652 0.004317 0.240186 0.514986 10050
1024 2280 3000 0 164.195467 304.584402 4423 0 0.440100 0.004952 0.427820 0.769158 10050
1024 2280 900 0 2053.328874 430.711553 8 0 0.000796 0.000281 0.533279 0.119908 10050
1024 2390 800 0 1800.492155 390.391630 0 0 0.000000 0.000000 0.385829 0.089233 10050
1024 2390 900 0 2082.760561 444.227610 15 0 0.001493 0.000385 0.556719 0.124782 10050
1024 2390 1500 0 167.002314 268.264735 2841 0 0.282687 0.004492 0.262074 0.489535 10050
1024 2390 3000 0 189.061818 373.414855 4825 0 0.480100 0.004984 0.501147 0.971547 10050
1024 2390 1100 0 387.029566 472.906158 1293 0 0.128657 0.003340 0.232496 0.214465 10050
1024 2500 800 0 1821.110340 385.093889 0 0 0.000000 0.000000 0.387408 0.088392 10050
1024 2500 900 0 2128.285348 488.635791 29 0 0.002886 0.000535 0.586901 0.140575 10050
1024 2500 1100 0 414.373954 508.230241 1588 0 0.158010 0.003638 0.260708 0.242907 10050
1024 2500 3000 0 207.903471 382.674794 5273 0 0.524677 0.004981 0.566028 0.993053 10050
1024 2500 1500 0 185.581183 307.930596 3291 0 0.327463 0.004681 0.299190 0.552656 10050
1024 2610 800 0 1855.131858 395.296403 1 0 0.000100 0.000099 0.420127 0.095477 10050
1024 2610 900 0 2167.206276 487.063331 54 0 0.005373 0.000729 0.611123 0.139760 10050
1024 2610 1100 0 455.826131 550.169700 1951 0 0.194129 0.003945 0.284962 0.256361 10050
1024 2610 1500 0 210.882725 412.492159 3769 0 0.375025 0.004829 0.356691 0.796914 10050
1024 2610 3000 0 241.527630 491.278059 5786 0 0.575721 0.004930 0.672351 1.327367 10050
1024 2720 800 0 1889.204689 398.772002 1 0 0.000100 0.000099 0.423925 0.094892 10050
1024 2720 900 0 2221.896643 554.781984 71 0 0.007065 0.000835 0.642607 0.159020 10050
1024 2720 1100 0 487.541297 598.525940 2292 0 0.228060 0.004185 0.316769 0.297745 10050
1024 2720 1500 0 220.966721 377.376486 4331 0 0.430945 0.004940 0.385500 0.765348 10050
1024 2720 3000 0 272.135526 489.026399 6157 0 0.612637 0.004859 0.783417 1.376066 10050
1024 2830 900 0 2273.889267 581.932937 133 0 0.013234 0.001140 0.674333 0.174387 10050
1024 2830 1100 0 517.248052 630.304293 2645 0 0.263184 0.004393 0.339469 0.317302 10050
1024 2830 1500 0 245.089156 438.391873 4819 0 0.479502 0.004983 0.443071 0.882182 10050
1024 2830 3000 0 317.124097 622.547460 6610 0 0.657711 0.004733 0.931634 1.810209 10050
1024 2830 800 0 1922.121845 412.826472 1 0 0.000100 0.000099 0.459283 0.105533 10050
1024 2940 800 0 1956.061106 421.057638 4 0 0.000398 0.000199 0.463726 0.106747 10050
1024 2940 1100 0 547.817372 648.855741 3056 0 0.304080 0.004589 0.372137 0.344756 10050
1024 2940 1500 0 260.004283 405.838530 5137 0 0.511144 0.004986 0.484680 0.861999 10050
1024 2940 3000 0 353.192634 620.079683 7027 0 0.699204 0.004575 1.075399 1.887434 10050
1024 2940 900 0 2321.692169 646.977527 212 0 0.021095 0.001433 0.704575 0.190276 10050
1024 3040 800 0 1999.665697 457.164689 8 0 0.000796 0.000281 0.502493 0.117504 10050
1024 3040 900 0 2384.864374 679.449444 332 0 0.033035 0.001783 0.740809 0.203194 10050
1024 3040 1500 0 296.894663 474.839554 5660 0 0.563184 0.004948 0.577591 1.062010 10050
1024 3040 3000 0 400.896044 684.467713 7424 0 0.738706 0.004382 1.249584 2.160331 10050
1024 3040 1100 0 593.396087 701.067331 3522 0 0.350448 0.004759 0.422986 0.428535 10050
1024 3150 800 0 2040.584514 492.810790 18 0 0.001791 0.000422 0.495155 0.120166 10050
1024 3150 900 0 2447.891545 730.195155 444 0 0.044179 0.002050 0.778148 0.229537 10050
1024 3150 1100 0 627.677976 724.842088 3835 0 0.381592 0.004846 0.457721 0.506974 10050
1024 3150 3000 0 474.372603 843.408408 7636 0 0.759801 0.004261 1.564447 2.765382 10050
1024 3150 1500 0 334.452647 583.817920 6030 0 0.600000 0.004887 0.679165 1.351565 10050
1024 3260 800 0 2092.631654 499.928843 33 0 0.003284 0.000571 0.544768 0.130372 10050
1024 3260 900 0 2512.151042 798.181394 665 0 0.066169 0.002480 0.812881 0.245489 10050
1024 3260 1100 0 673.884453 775.408702 4368 0 0.434627 0.004945 0.523899 0.636625 10050
1024 3260 1500 0 372.727987 598.940965 6456 0 0.642388 0.004781 0.767172 1.366803 10050
1024 3260 3000 0 542.848852 863.178542 8076 0 0.803582 0.003963 1.880516 3.006340 10050
1024 3370 800 0 2140.278173 549.131624 50 0 0.004975 0.000702 0.538721 0.135010 10050
1024 3370 900 0 2564.632461 824.285953 942 0 0.093731 0.002907 0.846437 0.262270 10050
1024 3370 1100 0 741.285459 880.599082 4843 0 0.481891 0.004984 0.586547 0.808400 10050
1024 3370 1500 0 448.169322 732.873874 6810 0 0.677612 0.004662 0.981885 1.806608 10050
1024 3370 3000 0 689.305522 1064.987088 8268 0 0.822687 0.003810 2.424207 3.891204 10050
1024 3480 900 0 2647.315525 897.290690 1234 0 0.122786 0.003274 0.887277 0.283329 10050
1024 3480 1100 0 813.161375 918.966888 5161 0 0.513532 0.004986 0.694722 0.934176 10050
1024 3480 1500 0 529.350180 855.271522 7087 0 0.705174 0.004548 1.196430 2.133583 10050
1024 3480 3000 0 861.163825 1329.225707 7941 0 0.849305 0.003700 3.203458 5.130370 9350
1024 3480 800 0 2208.826761 611.952685 92 0 0.009154 0.000950 0.592930 0.159088 10050
1024 3590 800 0 2256.471440 637.651625 142 0 0.014129 0.001177 0.586440 0.160280 10050
1024 3590 1100 0 886.618782 1039.724506 5521 0 0.549353 0.004963 0.792858 1.209274 10050
1024 3590 1500 0 602.531801 970.551335 7327 0 0.729055 0.004433 1.421326 2.511511 10050
1024 3590 3000 0 1007.836906 1493.411277 7861 0 0.868619 0.003551 3.703167 5.669392 9050
1024 3590 900 0 2719.285741 937.269537 1649 0 0.164080 0.003694 0.853806 0.289555 10050
1024 3700 800 0 2315.429802 690.446870 219 0 0.021791 0.001456 0.637681 0.180690 10050
1024 3700 900 0 2778.545182 959.791621 2015 0 0.200498 0.003994 0.887818 0.304857 10050
1024 3700 1500 0 767.619151 1153.280163 7640 0 0.760199 0.004259 1.858354 3.032491 10050
1024 3700 3000 0 1121.644701 1453.921396 7473 0 0.889643 0.003419 4.332425 5.801610 8400
1024 3700 1100 0 973.418367 1123.433281 5868 0 0.583881 0.004917 0.948234 1.457715 10050
1024 3810 800 0 2404.953287 747.789805 347 0 0.034527 0.001821 0.639934 0.189061 10050
1024 3810 900 0 2864.632994 1016.283094 2537 0 0.252438 0.004333 0.931217 0.332218 10050
1024 3810 1100 0 1023.264570 1174.412924 6257 0 0.622587 0.004835 1.092574 1.631292 10050
1024 3810 3000 0 1358.128116 1731.231250 7431 0 0.911779 0.003142 5.277210 6.958556 8150
1024 3810 1500 0 911.932827 1323.153064 7870 0 0.783085 0.004111 2.268987 3.538305 10050
1024 3910 3000 0 1564.438795 1884.850049 7043 0 0.920654 0.003090 6.303229 7.795484 7650
1024 3910 800 0 2461.806477 789.111721 514 0 0.051144 0.002197 0.755154 0.233542 10050
1024 3910 900 0 2946.457849 1094.339334 3077 0 0.306169 0.004598 0.966883 0.358992 10050
1024 3910 1100 0 1141.713172 1266.225883 6524 0 0.649154 0.004760 1.305069 1.899027 10050
1024 3910 1500 0 1082.912727 1530.817460 8038 0 0.799801 0.003992 2.769233 4.184018 10050
1024 4019 800 0 2525.641622 814.247550 665 0 0.066169 0.002480 0.775547 0.241948 10050
1024 4019 900 0 3008.140734 1106.355955 3627 0 0.360896 0.004791 1.003621 0.377498 10050
1024 4019 1100 0 1249.288904 1378.445072 6816 0 0.678209 0.004660 1.512006 2.209589 10050
1024 4019 1500 0 1254.241293 1598.809707 8324 0 0.828259 0.003762 3.261426 4.408501 10050
1024 4019 3000 0 1653.694580 1965.159000 6291 0 0.938955 0.002925 7.423122 9.079233 6700
1024 4130 900 0 3083.263069 1135.557032 4267 0 0.424577 0.004930 1.041458 0.405378 10050
1024 4130 1100 0 1389.114652 1472.407146 7034 0 0.699900 0.004572 1.801091 2.543237 10050
1024 4130 1500 0 1371.811195 1734.788738 8497 0 0.845473 0.003606 3.621533 4.841292 10050
1024 4130 3000 0 1982.288868 2145.652355 6175 0 0.950000 0.002703 9.050994 10.129078 6500
1024 4130 800 0 2626.947439 902.904039 1003 0 0.099801 0.002990 0.822778 0.268641 10050
1024 4240 700 0 2249.396276 538.116893 30 0 0.002985 0.000544 0.528353 0.129151 10050
1024 4240 700 150 2247.138509 511.902324 43 0 0.004279 0.000651 0.519506 0.119811 10050
1024 4350 700 0 2289.149182 539.141166 55 0 0.005473 0.000736 0.539718 0.131628 10050
1024 4350 700 150 2291.626935 553.020464 50 0 0.004975 0.000702 0.532902 0.130155 10050
1024 4460 700 0 2350.704387 620.411827 51 0 0.005075 0.000709 0.555259 0.146944 10050
1024 4460 700 150 2352.585080 606.975776 94 0 0.009353 0.000960 0.554530 0.139399 10050
1024 4570 700 0 2393.623170 623.881287 118 0 0.011741 0.001075 0.570615 0.148229 10050
1024 4570 700 150 2412.070459 664.627543 134 0 0.013333 0.001144 0.568820 0.153539 10050
1024 4670 700 0 2468.100609 697.036135 190 0 0.018905 0.001359 0.630366 0.171026 10050
1024 4670 700 150 2468.473088 700.187913 193 0 0.019204 0.001369 0.591429 0.162819 10050
1024 4780 700 0 2540.555132 742.783796 272 0 0.027065 0.001619 0.651030 0.179993 10050
1024 4780 700 150 2523.137997 726.749643 278 0 0.027662 0.001636 0.602748 0.168517 10050
1024 4890 700 0 2607.633052 810.679368 363 0 0.036119 0.001861 0.685012 0.199209 10050
1024 4890 700 150 2597.956362 797.088885 380 0 0.037811 0.001903 0.630518 0.182986 10050
1024 5000 700 0 2663.744216 831.680825 513 0 0.051045 0.002195 0.655553 0.194589 10050
1024 5000 700 150 2672.976821 849.936743 537 0 0.053433 0.002243 0.646088 0.194592 10050
1024 5110 700 0 2719.050458 865.684935 716 0 0.071244 0.002566 0.674061 0.205066 10050
1024 5110 700 150 2749.568291 905.810632 722 0 0.071841 0.002576 0.674383 0.210068 10050
1024 5220 700 0 2807.018160 934.401108 961 0 0.095622 0.002933 0.702803 0.221930 10050
1024 5220 700 150 2817.964070 939.613597 906 0 0.090149 0.002857 0.727409 0.230524 10050
1024 5330 700 0 2891.110177 1001.779043 1210 0 0.120398 0.003246 0.729055 0.237005 10050
1024 5330 700 150 2870.555688 977.200724 1175 0 0.116915 0.003205 0.709245 0.230434 10050
1024 5440 700 0 2957.560218 1033.769584 1512 0 0.150448 0.003566 0.747919 0.249479 10050
1024 5440 700 150 2954.284243 1032.868192 1524 0 0.151642 0.003578 0.773802 0.256572 10050
1024 5540 700 0 3023.293730 1071.910547 1891 0 0.188159 0.003899 0.773673 0.260739 10050
1024 5540 700 150 3024.960238 1081.297060 1815 0 0.180597 0.003837 0.761574 0.260201 10050
1024 5650 700 0 3093.776655 1113.842834 2272 0 0.226070 0.004172 0.795186 0.277536 10050
1024 5650 700 150 3101.478394 1107.765562 2184 0 0.217313 0.004114 0.821199 0.285182 10050
1024 5760 700 0 3163.766579 1126.205177 2588 0 0.257512 0.004362 0.819470 0.279594 10050
1024 5760 700 150 3171.098101 1144.814066 2617 0 0.260398 0.004378 0.813072 0.288639 10050
1024 5870 700 0 3251.460356 1179.478064 3042 0 0.302687 0.004583 0.925939 0.327880 10050
1024 5870 700 150 3269.421069 1201.860880 3103 0 0.308756 0.004608 0.872294 0.324170 10050
1024 5980 700 0 3304.115287 1204.549461 3508 0 0.349055 0.004755 0.949409 0.337539 10050
1024 5980 700 150 3346.078116 1225.057833 3543 0 0.352537 0.004766 0.870529 0.313253 10050
1024 6090 700 0 3406.838473 1272.056670 4054 0 0.403383 0.004894 0.944646 0.346913 10050
1024 6090 700 150 3392.622900 1270.904470 4057 0 0.403682 0.004894 0.908312 0.335014 10050
1024 6200 700 0 3465.931526 1295.883832 4477 0 0.445473 0.004958 0.932640 0.352189 10050
1024 6200 700 150 3430.977217 1257.941860 4536 0 0.451343 0.004964 0.978319 0.372183 10050
2048 110 800 0 145.547200 45.968597 0 0 0.000000 0.000000 0.039186 0.008252 10050
2048 110 900 0 405.414855 160.346356 0 0 0.000000 0.000000 0.054573 0.013385 10050
2048 110 1100 0 188.952710 7.053833 0 0 0.000000 0.000000 0.044409 0.004194 10050
2048 110 1500 0 53.964955 5.271369 0 0 0.000000 0.000000 0.039588 0.004339 10050
2048 110 3000 0 24.694500 2.615257 4 0 0.000398 0.000199 0.054303 0.005279 10050
2048 220 900 0 554.738849 155.818317 0 0 0.000000 0.000000 0.089728 0.022038 10050
2048 220 1100 0 187.553783 5.007133 0 0 0.000000 0.000000 0.060496 0.006034 10050
2048 220 1500 0 57.546785 4.343145 0 0 0.000000 0.000000 0.051452 0.005720 10050
2048 220 3000 0 26.792448 4.877091 14 0 0.001393 0.000372 0.070912 0.010234 10050
2048 220 800 0 206.423668 74.427147 0 0 0.000000 0.000000 0.054497 0.012560 10050
2048 330 800 0 273.902335 162.343635 0 0 0.000000 0.000000 0.062592 0.016550 10050
2048 330 1100 0 187.244645 7.420819 0 0 0.000000 0.000000 0.067101 0.007779 10050
2048 330 1500 0 59.200722 3.559311 1 0 0.000100 0.000099 0.058588 0.005739 10050
2048 330 3000 0 30.255306 6.689606 55 0 0.005473 0.000736 0.084334 0.010824 10050
2048 330 900 0 703.298379 311.946622 0 0 0.000000 0.000000 0.129974 0.046196 10050
2048 430 800 0 401.262025 311.850446 0 0 0.000000 0.000000 0.090335 0.039623 10050
2048 430 900 0 942.759934 435.238113 0 0 0.000000 0.000000 0.177432 0.072696 10050
2048 430 1500 0 60.129809 4.718338 11 0 0.001095 0.000330 0.075456 0.007982 10050
2048 430 3000 0 34.303750 7.993236 109 0 0.010846 0.001033 0.104083 0.013872 10050
2048 430 1100 0 188.743209 9.802893 0 0 0.000000 0.000000 0.086917 0.008646 10050
2048 540 800 0 594.184146 451.933405 0 0 0.000000 0.000000 0.131945 0.068753 10050
2048 540 900 0 1202.476341 453.952947 0 0 0.000000 0.000000 0.253506 0.091576 10050
2048 540 1100 0 192.369849 33.372009 0 0 0.000000 0.000000 0.106720 0.023554 10050
2048 540 3000 0 38.627180 9.223239 199 0 0.019801 0.001390 0.121088 0.018494 10050
2048 540 1500 0 61.301694 6.297318 22 0 0.002189 0.000466 0.084202 0.008636 10050
2048 650 800 0 816.112358 538.735419 0 0 0.000000 0.000000 0.191811 0.097140 10050
2048 650 900 0 1419.938638 402.555665 0 0 0.000000 0.000000 0.354415 0.105255 10050
2048 650 1100 0 196.557287 25.870857 1 0 0.000100 0.000099 0.118961 0.016695 10050
2048 650 1500 0 63.347468 8.543184 31 0 0.003085 0.000553 0.093479 0.012562 10050
2048 650 3000 0 43.134892 10.591111 304 0 0.030249 0.001708 0.148236 0.024649 10050
2048 760 800 0 1029.950728 578.261686 0 0 0.000000 0.000000 0.253368 0.118970 10050
2048 760 900 0 1569.837604 332.100838 0 0 0.000000 0.000000 0.420974 0.104185 10050
2048 760 1100 0 201.945775 38.654702 3 0 0.000299 0.000172 0.139923 0.042295 10050
2048 760 1500 0 66.052160 10.827069 60 0 0.005970 0.000768 0.106265 0.013538 10050
2048 760 3000 0 47.915028 12.203918 447 0 0.044478 0.002056 0.168209 0.030185 10050
2048 870 900 0 1670.985925 293.330731 0 0 0.000000 0.000000 0.493247 0.109931 10050
2048 870 1100 0 206.702606 45.460090 7 0 0.000697 0.000263 0.143916 0.028860 10050
2048 870 1500 0 69.999275 37.331531 107 0 0.010647 0.001024 0.132881 0.073789 10050
2048 870 3000 0 53.237531 13.927180 551 0 0.054826 0.002271 0.201175 0.039443 10050
2048 870 800 0 1229.347790 576.697762 0 0 0.000000 0.000000 0.328221 0.135683 10050
2048 980 800 0 1389.605073 544.271341 0 0 0.000000 0.000000 0.387529 0.142545 10050
2048 980 1100 0 212.435589 83.457689 10 0 0.000995 0.000314 0.158375 0.046769 10050
2048 980 1500 0 73.765400 14.302024 144 0 0.014328 0.001185 0.144847 0.024773 10050
2048 980 3000 0 58.695763 15.503492 647 0 0.064378 0.002448 0.225612 0.045978 10050
2048 980 900 0 1745.126146 265.304167 0 0 0.000000 0.000000 0.566253 0.117291 10050
2048 1090 800 0 1526.478100 490.140064 0 0 0.000000 0.000000 0.460643 0.147034 10050
2048 1090 900 0 1800.416561 262.004599 0 0 0.000000 0.000000 0.679579 0.139148 10050
2048 1090 1500 0 77.533931 16.028900 192 0 0.019104 0.001366 0.148626 0.029220 10050
2048 1090 3000 0 65.263190 83.058198 931 0 0.092637 0.002892 0.268869 0.302888 10050
2048 1090 1100 0 214.889376 91.817299 19 0 0.001891 0.000433 0.176538 0.057935 10050
2048 1200 800 0 1611.391234 446.152718 0 0 0.000000 0.000000 0.527335 0.151103 10050
2048 1200 900 0 1844.106217 261.129867 0 0 0.000000 0.000000 0.699879 0.137410 10050
2048 1200 1100 0 219.690841 118.984016 29 0 0.002886 0.000535 0.186640 0.073645 10050
2048 1200 3000 0 70.955173 37.463760 1137 0 0.113134 0.003160 0.294357 0.124261 10050
2048 1200 1500 0 82.533744 18.511763 303 0 0.030149 0.001706 0.167777 0.034174 10050
2048 1300 800 0 1687.544843 393.923431 0 0 0.000000 0.000000 0.562156 0.142847 10050
2048 1300 900 0 1890.639659 257.135366 0 0 0.000000 0.000000 0.733812 0.141926 10050
2048 1300 1100 0 224.454909 136.741426 47 0 0.004677 0.000681 0.219568 0.098819 10050
2048 1300 1500 0 88.800516 56.799107 373 0 0.037114 0.001886 0.201791 0.134534 10050
2048 1300 3000 0 77.760796 30.482079 1352 0 0.134527 0.003404 0.344554 0.105508 10050
2048 1410 800 0 1741.619739 354.786394 0 0 0.000000 0.000000 0.624788 0.144469 10050
2048 1410 900 0 1940.697781 276.055031 0 0 0.000000 0.000000 0.782744 0.152468 10050
2048 1410 1100 0 231.388430 158.517622 63 0 0.006269 0.000787 0.244588 0.123010 10050
2048 1410 1500 0 94.724864 27.007772 537 0 0.053433 0.002243 0.217578 0.052321 10050
2048 1410 3000 0 86.688836 100.515954 1512 0 0.150448 0.003566 0.388740 0.371646 10050
2048 1520 900 0 1968.996665 273.566885 0 0 0.000000 0.000000 0.848465 0.160242 10050
2048 1520 1100 0 240.786042 190.098245 124 0 0.012338 0.001101 0.240648 0.137512 10050
2048 1520 1500 0 100.950993 28.714127 682 0 0.067861 0.002509 0.251878 0.070284 10050
2048 1520 3000 0 96.228929 136.415324 1851 0 0.184179 0.003867 0.453876 0.576692 10050
2048 1520 800 0 1787.108599 319.375604 0 0 0.000000 0.000000 0.653223 0.140108 10050
2048 1630 800 0 1815.452529 300.799122 0 0 0.000000 0.000000 0.706660 0.144029 10050
2048 1630 1100 0 255.490107 228.704967 192 0 0.019104 0.001366 0.270775 0.174887 10050
2048 1630 1500 0 109.346417 53.576299 871 0 0.086667 0.002806 0.268819 0.141360 10050
2048 1630 3000 0 105.107527 114.046874 2139 0 0.212836 0.004083 0.504465 0.463076 10050
2048 1630 900 0 2014.172297 287.569909 0 0 0.000000 0.000000 0.884082 0.167975 10050
2048 1740 800 0 1850.193923 278.212082 0 0 0.000000 0.000000 0.729756 0.140896 10050
2048 1740 900 0 2053.552950 290.673848 0 0 0.000000 0.000000 0.934462 0.176599 10050
2048 1740 1500 0 121.917967 152.737658 1076 0 0.107065 0.003084 0.358998 0.514200 10050
2048 1740 3000 0 114.761078 128.034150 2524 0 0.251144 0.004326 0.575768 0.565443 10050
2048 1740 1100 0 264.339748 243.134633 269 0 0.026766 0.001610 0.321854 0.213033 10050
2048 1850 800 0 1879.819308 270.942726 0 0 0.000000 0.000000 0.784809 0.148271 10050
2048 1850 900 0 2088.583705 304.060146 0 0 0.000000 0.000000 1.032051 0.193825 10050
2048 1850 1100 0 288.931805 299.947648 359 0 0.035721 0.001851 0.358041 0.263593 10050
2048 1850 3000 0 129.488373 176.586823 2844 0 0.282985 0.004493 0.659020 0.800739 10050
2048 1850 1500 0 129.882097 118.718378 1332 0 0.132537 0.003382 0.385213 0.396848 10050
2048 1960 800 0 1901.045859 257.699179 0 0 0.000000 0.000000 0.802072 0.147267 10050
2048 1960 900 0 2132.080997 323.135268 0 0 0.000000 0.000000 1.103447 0.208521 10050
2048 1960 1100 0 306.717633 328.988669 498 0 0.049552 0.002165 0.364334 0.277915 10050
2048 1960 1500 0 143.766802 175.054174 1673 0 0.166468 0.003716 0.408645 0.525043 10050
2048 1960 3000 0 140.475869 193.895701 3277 0 0.326070 0.004676 0.745012 0.929840 10050
2048 2070 800 0 1919.747201 253.843537 0 0 0.000000 0.000000 0.863142 0.151428 10050
2048 2070 900 0 2166.617309 350.517498 2 0 0.000199 0.000141 1.142192 0.225165 10050
2048 2070 1100 0 325.542476 359.075273 744 0 0.074030 0.002612 0.418759 0.331285 10050
2048 2070 1500 0 156.550881 195.541566 2013 0 0.200299 0.003992 0.457598 0.600889 10050
2048 2070 3000 0 163.325023 283.899377 3703 0 0.368458 0.004812 0.883520 1.447352 10050
2048 2170 900 0 2205.872415 354.272096 2 0 0.000199 0.000141 1.153328 0.223270 10050
2048 2170 1100 0 358.201233 413.527713 896 0 0.089154 0.002843 0.472502 0.383286 10050
2048 2170 1500 0 176.252067 260.977736 2387 0 0.237512 0.004245 0.534984 0.876079 10050
2048 2170 3000 0 178.247697 255.952188 4194 0 0.417313 0.004919 1.031213 1.414525 10050
2048 2170 800 0 1940.053795 249.358655 0 0 0.000000 0.000000 0.907220 0.156708 10050
2048 2280 800 0 1968.642578 257.833342 0 0 0.000000 0.000000 0.936631 0.161914 10050
2048 2280 1100 0 388.051106 454.273019 1204 0 0.119801 0.003239 0.514039 0.424644 10050
2048 2280 1500 0 193.434515 312.736691 2739 0 0.272537 0.004442 0.615482 1.113224 10050
2048 2280 3000 0 200.011043 301.950488 4655 0 0.463184 0.004974 1.163249 1.678097 10050
2048 2280 900 0 2245.463417 368.700332 4 0 0.000398 0.000199 1.307476 0.246741 10050
2048 2390 800 0 1990.561861 260.603835 1 0 0.000100 0.000099 0.983335 0.167257 10050
2048 2390 900 0 2297.754047 397.396590 4 0 0.000398 0.000199 1.453508 0.291964 10050
2048 2390 1500 0 217.069333 345.190330 3258 0 0.324179 0.004669 0.718030 1.233554 10050
2048 2390 3000 0 230.804336 381.714494 5215 0 0.518905 0.004984 1.362713 2.166364 10050
2048 2390 1100 0 410.618168 466.121735 1600 0 0.159204 0.003650 0.594013 0.483707 10050
2048 2500 800 0 2017.311041 266.522317 0 0 0.000000 0.000000 1.011339 0.174115 10050
2048 2500 900 0 2350.727219 435.896224 10 0 0.000995 0.000314 1.379585 0.288225 10050
2048 2500 1100 0 447.669381 510.593685 1954 0 0.194428 0.003948 0.625057 0.499270 10050
2048 2500 3000 0 266.186295 441.063343 5296 0 0.554555 0.005086 1.640267 2.617396 9550
2048 2500 1500 0 255.516372 469.042362 3793 0 0.377413 0.004835 0.876481 1.750305 10050
2048 2610 800 0 2050.033985 285.927765 0 0 0.000000 0.000000 1.063275 0.183603 10050
2048 2610 900 0 2400.482466 471.062358 34 0 0.003383 0.000579 1.390568 0.294332 10050
2048 2610 1100 0 482.580949 558.177131 2436 0 0.242388 0.004275 0.725614 0.698896 10050
2048 2610 1500 0 259.043566 368.120548 4341 0 0.431940 0.004941 0.941483 1.460769 10050
2048 2610 3000 0 322.273159 569.649336 5065 0 0.610241 0.005353 2.021742 3.456849 8300
2048 2720 800 0 2080.418329 292.701052 0 0 0.000000 0.000000 1.092358 0.190175 10050
2048 2720 900 0 2466.075354 539.110983 55 0 0.005473 0.000736 1.543531 0.352997 10050
2048 2720 1100 0 520.913616 587.218397 2872 0 0.285771 0.004507 0.804301 0.633444 10050
2048 2720 1500 0 308.301989 509.264174 4913 0 0.488856 0.004986 1.158684 2.089455 10050
2048 2720 3000 0 374.317702 641.678506 4818 0 0.673846 0.005544 2.421782 3.986589 7150
2048 2830 900 0 2537.548127 570.524161 94 0 0.009353 0.000960 1.578447 0.365507 10050
2048 2830 1100 0 569.853556 640.186778 3452 0 0.343483 0.004737 0.914516 0.831651 10050
2048 2830 1500 0 347.704038 573.117475 5506 0 0.547861 0.004965 1.291190 2.328790 10050
2048 2830 3000 0 454.130195 749.261454 4606 0 0.719688 0.005614 3.016543 4.966234 6400
2048 2830 800 0 2124.862895 310.284775 2 0 0.000199 0.000141 1.146890 0.198302 10050
2048 2940 800 0 2162.533479 351.629244 1 0 0.000100 0.000099 1.311230 0.247222 10050
2048 2940 1100 0 631.103272 682.551093 4033 0 0.401294 0.004889 1.098573 1.031194 10050
2048 2940 1500 0 401.862578 648.357067 6062 0 0.603184 0.004880 1.541830 2.684521 10050
2048 2940 3000 0 545.671284 899.832678 4351 0 0.770088 0.005598 3.773039 6.172026 5650
2048 2940 900 0 2625.815898 653.171511 174 0 0.017313 0.001301 1.632380 0.413056 10050
2048 3040 800 0 2217.548417 383.469448 4 0 0.000398 0.000199 1.372669 0.268604 10050
2048 3040 900 0 2712.743920 692.741700 271 0 0.026965 0.001616 1.957784 0.503397 10050
2048 3040 1500 0 459.739768 706.215035 6575 0 0.654229 0.004744 1.863978 3.132375 10050
2048 3040 3000 0 592.851630 838.826343 4176 0 0.810874 0.005457 4.167358 5.871934 5150
2048 3040 1100 0 669.200956 744.187367 4654 0 0.463085 0.004974 1.156612 1.311659 10050
2048 3150 800 0 2266.935799 410.475540 9 0 0.000896 0.000298 1.431428 0.286472 10050
2048 3150 900 0 2813.221142 775.679565 515 0 0.051244 0.002199 2.028090 0.544139 10050
2048 3150 1100 0 756.790425 846.980636 5156 0 0.513035 0.004986 1.407084 1.706366 10050
2048 3150 3000 0 762.476137 1133.831546 3953 0 0.850108 0.005235 5.587488 8.388396 4650
2048 3150 1500 0 563.799526 899.889813 6674 0 0.702526 0.004690 2.362465 4.067815 9500
2048 3260 800 0 2328.602850 448.093589 13 0 0.001294 0.000359 1.497257 0.310136 10050
2048 3260 900 0 2927.402525 868.534413 814 0 0.080995 0.002721 1.987330 0.582406 10050
2048 3260 1100 0 810.231551 869.523506 5724 0 0.569552 0.004939 1.577543 1.924803 10050
2048 3260 1500 0 662.290614 988.442367 6346 0 0.755476 0.004690 2.915820 4.753791 8400
2048 3260 3000 0 969.312555 1440.875971 3803 0 0.884419 0.004876 7.370237 11.263369 4300
2048 3370 800 0 2396.394761 503.337541 25 0 0.002488 0.000497 1.476033 0.322894 10050
2048 3370 900 0 3035.396678 952.667266 1198 0 0.119204 0.003232 2.036200 0.613537 10050
2048 3370 1100 0 925.791484 1000.092038 6380 0 0.634826 0.004803 1.946978 2.626268 10050
2048 3370 1500 0 837.700485 1139.994764 6110 0 0.788387 0.004640 3.787300 5.539963 7750
2048 3370 3000 0 1233.458150 1609.780161 3597 0 0.910633 0.004539 9.568782 12.628600 3950
2048 3480 900 0 3162.018171 1002.196937 1677 0 0.166866 0.003719 2.174877 0.662594 10050
2048 3480 1100 0 1066.925324 1134.115318 6680 0 0.664677 0.004709 2.420431 3.227865 10050
2048 3480 1500 0 983.891755 1333.134599 5872 0 0.832908 0.004443 4.616919 6.587719 7050
2048 3480 3000 0 1385.574507 1689.276320 3422 0 0.924865 0.004334 10.992619 13.701150 3700
2048 3480 800 0 2490.079163 573.180146 51 0 0.005075 0.000709 1.447144 0.338931 10050
2048 3590 800 0 2567.024062 611.227500 96 0 0.009552 0.000970 1.615617 0.391256 10050
2048 3590 1100 0 1214.392283 1280.541632 7149 0 0.711343 0.004520 3.148575 4.262192 10050
2048 3590 1500 0 1196.310740 1481.279345 5712 0 0.852537 0.004332 5.755203 7.556992 6700
2048 3590 3000 0 1704.567998 1743.460254 3277 0 0.949855 0.003716 14.133827 15.027778 3450
2048 3590 900 0 3287.198020 1074.027767 2340 0 0.232836 0.004216 2.340194 0.749135 10050
2048 3700 800 0 2677.019517 706.536915 161 0 0.016020 0.001252 1.595832 0.410309 10050
2048 3700 900 0 3433.618858 1136.920397 3133 0 0.311741 0.004621 2.716694 0.875673 10050
2048 3700 1500 0 1539.205722 1800.171193 5464 0 0.881290 0.004108 7.689796 9.482493 6200
2048 3700 3000 0 2015.085290 2015.364989 3235 0 0.965672 0.003146 16.997591 17.751917 3350
2048 3700 1100 0 1409.558173 1482.921956 7572 0 0.753433 0.004299 3.748542 5.069413 10050
2048 3810 800 0 2786.744249 788.154958 303 0 0.030149 0.001706 1.786926 0.494119 10050
2048 3810 900 0 3579.030068 1219.075965 3906 0 0.388657 0.004862 2.958120 1.003122 10050
2048 3810 1100 0 1575.316848 1604.166786 7330 0 0.788172 0.004237 4.589695 5.809304 9300
2048 3810 3000 0 1851.461027 1804.929342 3115 0 0.973437 0.002843 15.945765 15.885869 3200
2048 3810 1500 0 1689.405796 1789.080653 5393 0 0.906387 0.003776 8.564856 9.384815 5950
2048 3910 800 0 2906.098568 865.925975 561 0 0.055821 0.002290 1.767631 0.508804 10050
2048 3910 900 0 3701.733371 1243.769501 4843 0 0.481891 0.004984 2.742947 0.933477 10050
2048 3910 1100 0 1880.702560 1807.205878 6471 0 0.813962 0.004364 6.375156 7.435609 7950
2048 3910 1500 0 2386.645540 2269.919661 5201 0 0.928750 0.003438 12.530486 12.360671 5600
2048 3910 3000 0 2060.975846 1872.569870 3042 0 0.981290 0.002434 17.917362 16.969922 3100
2048 4019 800 0 3019.402830 924.663486 876 0 0.087164 0.002814 1.950055 0.579802 10050
2048 4019 900 0 3794.167887 1285.352793 5611 0 0.558308 0.004954 3.273664 1.155408 10050
2048 4019 1100 0 2014.510790 1814.202991 6327 0 0.843600 0.004194 6.959634 7.540178 7500
2048 4019 1500 0 2312.084389 2149.619593 5175 0 0.949541 0.002965 12.203775 11.667678 5450
2048 4019 3000 0 2351.574284 2120.213466 2970 0 0.990000 0.001817 20.736367 19.118605 3000
2048 4130 900 0 3923.882398 1319.613571 6457 0 0.642488 0.004781 2.958758 1.062359 10050
2048 4130 1100 0 2161.543649 1856.912725 6886 0 0.866164 0.003819 6.924230 7.209409 7950
2048 4130 1500 0 2506.820740 2315.636618 5039 0 0.959810 0.002711 13.517858 12.836012 5250
2048 4130 3000 0 3684.692572 2056.971875 2931 0 0.993559 0.001473 33.145421 18.760319 2950
2048 4130 800 0 3185.637638 1044.048613 1215 0 0.120896 0.003252 1.966152 0.616817 10050
2048 4240 700 0 2472.891002 464.084708 13 0 0.001294 0.000359 1.319020 0.264743 10050
2048 4240 700 150 2475.092802 460.134083 15 0 0.001493 0.000385 1.350764 0.273546 10050
2048 4350 700 0 2544.252218 512.448303 24 0 0.002388 0.000487 1.377410 0.289291 10050
2048 4350 700 150 2549.753230 534.295772 26 0 0.002587 0.000507 1.488555 0.319287 10050
2048 4460 700 0 2624.655903 577.370338 37 0 0.003682 0.000604 1.417092 0.310618 10050
2048 4460 700 150 2631.772503 580.258211 42 0 0.004179 0.000644 1.439106 0.325648 10050
2048 4570 700 0 2709.467182 626.311446 72 0 0.007164 0.000841 1.478424 0.339975 10050
2048 4570 700 150 2705.965913 630.227308 84 0 0.008358 0.000908 1.583028 0.366041 10050
2048 4670 700 0 2809.687989 714.373812 131 0 0.013035 0.001131 1.523266 0.378280 10050
2048 4670 700 150 2812.788521 719.898500 127 0 0.012637 0.001114 1.556417 0.397227 10050
2048 4780 700 0 2907.820551 780.694406 240 0 0.023881 0.001523 1.602509 0.418247 10050
2048 4780 700 150 2918.117913 811.242988 243 0 0.024179 0.001532 1.719625 0.464959 10050
2048 4890 700 0 3015.266272 840.025004 388 0 0.038607 0.001922 1.655032 0.446089 10050
2048 4890 700 150 3011.298755 838.524649 387 0 0.038507 0.001919 1.700288 0.464176 10050
2048 5000 700 0 3119.777085 902.694025 558 0 0.055522 0.002284 1.827209 0.508418 10050
2048 5000 700 150 3140.739266 931.003888 581 0 0.057811 0.002328 1.736245 0.499372 10050
2048 5110 700 0 3281.106521 1018.762120 929 0 0.092438 0.002889 1.862768 0.550693 10050
2048 5110 700 150 3256.178063 987.223506 897 0 0.089254 0.002844 1.846651 0.539969 10050
2048 5220 700 0 3379.577725 1066.299294 1176 0 0.117015 0.003206 1.986245 0.593985 10050
2048 5220 700 150 3370.273910 1046.245493 1294 1 0.128756 0.003341 1.891876 0.559888 10050
2048 5330 700 0 3517.776993 1113.489401 1702 0 0.169353 0.003741 2.014446 0.605654 10050
2048 5330 700 150 3513.104991 1120.292502 1758 0 0.174925 0.003790 2.002330 0.615468 10050
2048 5440 700 0 3633.438524 1169.641302 2236 0 0.222488 0.004149 2.143434 0.665937 10050
2048 5440 700 150 3632.591475 1161.960942 2334 0 0.232239 0.004212 2.056809 0.631216 10050
2048 5540 700 0 3746.879801 1194.601540 2879 0 0.286468 0.004510 2.183519 0.680201 10050
2048 5540 700 150 3762.687332 1217.050788 2936 0 0.292139 0.004536 2.165183 0.679951 10050
2048 5650 700 0 3896.600215 1258.255008 3596 0 0.357811 0.004782 2.320179 0.742902 10050
2048 5650 700 150 3868.255037 1236.252394 3635 0 0.361692 0.004793 2.236205 0.700834 10050
2048 5760 700 0 3997.298338 1288.540994 4377 0 0.435522 0.004946 2.364767 0.760195 10050
2048 5760 700 150 4026.227560 1303.215758 4342 0 0.432040 0.004941 2.656745 0.837946 10050
2048 5870 700 0 4129.622989 1348.600181 5052 0 0.502687 0.004987 2.454742 0.798755 10050
2048 5870 700 150 4106.524693 1321.195905 5018 0 0.499303 0.004988 2.484592 0.790702 10050
2048 5980 700 0 4262.453781 1374.270966 5787 0 0.575821 0.004930 2.658309 0.846061 10050
2048 5980 700 150 4287.991971 1362.027710 5870 0 0.584080 0.004917 2.829371 0.907309 10050
2048 6090 700 0 4366.735205 1372.729209 6472 0 0.643980 0.004776 2.625641 0.824638 10050
2048 6090 700 150 4323.419673 1354.660078 6570 0 0.653731 0.004746 2.665669 0.842090 10050
2048 6200 700 0 4475.401199 1403.445508 7085 0 0.704975 0.004549 2.815527 0.892252 10050
2048 6200 700 150 4447.083870 1390.651230 7140 0 0.710448 0.004524 2.941425 0.930292 10050
4192 110 800 0 169.473687 34.550364 0 0 0.000000 0.000000 0.086082 0.008928 10050
4192 110 900 0 483.236161 107.458591 0 0 0.000000 0.000000 0.142951 0.028848 10050
4192 110 1100 0 189.417056 4.147074 0 0 0.000000 0.000000 0.110959 0.010278 10050
4192 110 1500 0 56.495076 4.801825 0 0 0.000000 0.000000 0.097906 0.010517 10050
4192 110 3000 0 25.420491 3.549007 3 0 0.000299 0.000172 0.138357 0.017019 10050
4192 220 900 0 620.835189 193.965037 0 0 0.000000 0.000000 0.235499 0.057572 10050
4192 220 1100 0 186.812424 4.883264 0 0 0.000000 0.000000 0.145780 0.013730 10050
4192 220 1500 0 59.040646 2.647139 1 0 0.000100 0.000099 0.135574 0.012347 10050
4192 220 3000 0 29.113444 5.780511 16 0 0.001592 0.000398 0.166098 0.020449 10050
4192 220 800 0 229.758522 83.209220 0 0 0.000000 0.000000 0.123749 0.019417 10050
4192 330 800 0 333.536107 229.074484 0 0 0.000000 0.000000 0.191480 0.066141 10050
4192 330 1100 0 187.532856 7.775116 0 0 0.000000 0.000000 0.187145 0.018082 10050
4192 330 1500 0 59.688461 3.404054 1 0 0.000100 0.000099 0.166266 0.013749 10050
4192 330 3000 0 33.741854 6.989444 60 0 0.005970 0.000768 0.238449 0.026358 10050
4192 330 900 0 842.903039 365.779901 0 0 0.000000 0.000000 0.384774 0.139364 10050
4192 430 800 0 528.180733 400.371087 0 0 0.000000 0.000000 0.301162 0.145680 10050
4192 430 900 0 1181.794735 444.161328 0 0 0.000000 0.000000 0.636320 0.222147 10050
4192 430 1500 0 60.711905 5.330820 5 0 0.000498 0.000222 0.203126 0.021729 10050
4192 430 3000 0 38.519419 8.126539 108 0 0.010746 0.001028 0.295260 0.037045 10050
4192 430 1100 0 190.198557 19.484655 1 0 0.000100 0.000099 0.231714 0.026794 10050
4192 540 800 0 812.537803 531.890557 0 0 0.000000 0.000000 0.492013 0.245089 10050
4192 540 900 0 1467.445921 370.027052 0 1 0.000000 0.000000 0.925454 0.240763 10050
4192 540 1100 0 196.218435 40.264169 0 0 0.000000 0.000000 0.282796 0.046015 10050
4192 540 3000 0 43.764137 9.569118 179 0 0.017811 0.001319 0.376218 0.052754 10050
4192 540 1500 0 62.689465 7.108732 21 0 0.002090 0.000456 0.231916 0.025938 10050
4192 650 800 0 1097.163633 587.326923 0 0 0.000000 0.000000 0.708956 0.317979 10050
4192 650 900 0 1655.165907 273.532209 0 0 0.000000 0.000000 1.178499 0.237660 10050
4192 650 1100 0 202.319822 37.292555 0 0 0.000000 0.000000 0.333149 0.047236 10050
4192 650 1500 0 66.022265 9.023518 26 0 0.002587 0.000507 0.280984 0.029553 10050
4192 650 3000 0 48.896510 11.053856 339 0 0.033731 0.001801 0.443972 0.067462 10050
4192 760 800 0 1357.762255 562.075650 0 0 0.000000 0.000000 0.950025 0.352979 10050
4192 760 900 0 1751.136164 231.725769 0 0 0.000000 0.000000 1.408212 0.261657 10050
4192 760 1100 0 207.246306 35.710981 1 1 0.000100 0.000099 0.386997 0.054212 10050
4192 760 1500 0 69.659564 10.216446 65 0 0.006468 0.000800 0.328441 0.044321 10050
4192 760 3000 0 54.610649 12.210136 413 0 0.041095 0.001980 0.548115 0.088672 10050
4192 870 900 0 1822.933619 217.864550 0 0 0.000000 0.000000 1.639982 0.291864 10050
4192 870 1100 0 209.371556 39.885029 2 0 0.000199 0.000141 0.437333 0.068914 10050
4192 870 1500 0 74.045888 12.136728 111 0 0.011045 0.001043 0.419885 0.057198 10050
4192 870 3000 0 60.503260 13.952227 593 0 0.059005 0.002350 0.640757 0.109472 10050
4192 870 800 0 1566.363676 479.582207 0 0 0.000000 0.000000 1.188282 0.355351 10050
4192 980 800 0 1695.799800 391.310854 0 0 0.000000 0.000000 1.423480 0.346957 10050
4192 980 1100 0 212.022797 66.703116 9 0 0.000896 0.000298 0.471776 0.102850 10050
4192 980 1500 0 78.825761 14.334216 135 0 0.013433 0.001148 0.466860 0.071994 10050
4192 980 3000 0 67.144602 15.496314 679 0 0.067562 0.002504 0.754580 0.135529 10050
4192 980 900 0 1883.061491 213.670452 0 0 0.000000 0.000000 1.868076 0.318656 10050
4192 1090 800 0 1782.229643 312.853317 0 0 0.000000 0.000000 1.587057 0.320358 10050
4192 1090 900 0 1935.060587 219.608323 0 0 0.000000 0.000000 2.060732 0.341656 10050
4192 1090 1500 0 84.006064 16.558576 192 0 0.019104 0.001366 0.545638 0.094400 10050
4192 1090 3000 0 74.422821 42.804233 879 0 0.087463 0.002818 0.870414 0.346882 10050
4192 1090 1100 0 216.230777 93.974332 12 0 0.001194 0.000344 0.572352 0.178376 10050
4192 1200 800 0 1845.280157 248.989348 0 0 0.000000 0.000000 1.770413 0.309869 10050
4192 1200 900 0 1982.412572 219.879527 0 0 0.000000 0.000000 2.255292 0.366381 10050
4192 1200 1100 0 219.543357 103.912987 27 1 0.002687 0.000516 0.609298 0.200871 10050
4192 1200 3000 0 82.418404 66.981965 1096 0 0.109055 0.003109 0.998388 0.649417 10050
4192 1200 1500 0 90.634272 19.199227 285 0 0.028358 0.001656 0.603673 0.114902 10050
4192 1300 800 0 1887.505856 208.925575 0 0 0.000000 0.000000 1.888872 0.302221 10050
4192 1300 900 0 2025.957061 233.273882 0 0 0.000000 0.000000 2.464017 0.392601 10050
4192 1300 1100 0 230.346119 149.879772 48 0 0.004776 0.000688 0.687294 0.306033 10050
4192 1300 1500 0 97.839198 22.267538 364 0 0.036219 0.001864 0.712671 0.147526 10050
4192 1300 3000 0 90.987345 74.305886 1347 0 0.134030 0.003398 1.137109 0.685945 10050
4192 1410 800 0 1920.606715 181.850223 0 0 0.000000 0.000000 2.072655 0.316830 10050
4192 1410 900 0 2072.245115 239.392025 0 0 0.000000 0.000000 2.647269 0.428759 10050
4192 1410 1100 0 241.168180 180.676489 83 0 0.008259 0.000903 0.735646 0.386382 10050
4192 1410 1500 0 107.093284 86.954124 512 0 0.050945 0.002193 0.786988 0.648054 10050
4192 1410 3000 0 100.287432 116.175213 1572 0 0.156418 0.003623 1.318201 1.246267 10050
4192 1520 900 0 2117.958341 246.556831 0 0 0.000000 0.000000 2.704483 0.473332 10050
4192 1520 1100 0 253.837372 211.335769 127 0 0.012637 0.001114 0.831478 0.473750 10050
4192 1520 1500 0 114.576268 32.290842 677 0 0.067363 0.002500 0.898811 0.222204 10050
4192 1520 3000 0 109.268973 91.787979 1881 0 0.187164 0.003891 1.484838 1.092364 10050
4192 1520 800 0 1946.289850 167.021920 0 0 0.000000 0.000000 2.157881 0.316622 10050
4192 1630 800 0 1966.201197 159.733869 0 0 0.000000 0.000000 2.255928 0.320229 10050
4192 1630 1100 0 266.170607 233.494547 162 0 0.016119 0.001256 0.881655 0.536036 10050
4192 1630 1500 0 125.497109 81.081008 890 0 0.088557 0.002834 0.993792 0.656090 10050
4192 1630 3000 0 121.737837 134.006704 2188 0 0.217711 0.004117 1.721867 1.560467 10050
4192 1630 900 0 2158.709482 256.247872 0 0 0.000000 0.000000 2.935446 0.462908 10050
4192 1740 800 0 1986.090324 156.373106 0 0 0.000000 0.000000 2.418661 0.376198 10050
4192 1740 900 0 2195.624755 262.205321 0 0 0.000000 0.000000 3.067342 0.486713 10050
4192 1740 1500 0 136.845037 67.866878 1075 0 0.106965 0.003083 1.141076 0.570867 10050
4192 1740 3000 0 138.166751 196.040337 2539 0 0.253900 0.004352 2.002641 2.490139 10000
4192 1740 1100 0 278.942144 253.662718 298 0 0.029652 0.001692 0.984001 0.612742 10050
4192 1850 800 0 2003.721216 152.667562 0 0 0.000000 0.000000 2.287290 0.346368 10050
4192 1850 900 0 2236.322612 275.235940 0 1 0.000000 0.000000 3.210769 0.510695 10050
4192 1850 1100 0 300.471946 302.959109 366 0 0.036418 0.001869 1.071225 0.827051 10050
4192 1850 3000 0 149.108008 142.835071 2481 0 0.286821 0.004863 2.212921 1.731515 8650
4192 1850 1500 0 151.430545 128.677493 1385 0 0.137811 0.003438 1.258788 1.093087 10050
4192 1960 800 0 2025.731870 156.842769 0 0 0.000000 0.000000 2.522213 0.380044 10050
4192 1960 900 0 2273.379463 274.963401 2 0 0.000199 0.000141 3.309705 0.524860 10050
4192 1960 1100 0 320.154539 330.158755 575 0 0.057214 0.002317 1.199188 0.827205 10050
4192 1960 1500 0 168.533682 168.288828 1691 0 0.168259 0.003732 1.495772 1.580311 10050
4192 1960 3000 0 171.595128 236.131981 2371 0 0.324795 0.005481 2.605946 3.239270 7300
4192 2070 800 0 2042.636646 163.815582 0 0 0.000000 0.000000 2.713653 0.402665 10050
4192 2070 900 0 2319.504629 299.452177 0 0 0.000000 0.000000 3.476214 0.562832 10050
4192 2070 1100 0 343.849474 357.629203 775 0 0.077114 0.002661 1.278309 0.889859 10050
4192 2070 1500 0 187.373529 212.884410 2101 0 0.209055 0.004056 1.647530 1.985260 10050
4192 2070 3000 0 199.270196 303.253805 2293 0 0.372846 0.006166 3.060496 3.918935 6150
4192 2170 900 0 2365.681067 308.637643 1 0 0.000100 0.000099 3.614126 0.588985 10050
4192 2170 1100 0 370.691039 395.396836 995 0 0.099005 0.002979 1.511588 1.062644 10050
4192 2170 1500 0 212.153938 295.204702 2508 0 0.249552 0.004317 1.965932 2.898846 10050
4192 2170 3000 0 218.648015 320.331116 2203 0 0.427767 0.006894 3.452097 4.459831 5150
4192 2170 800 0 2064.841590 169.673491 0 0 0.000000 0.000000 2.874453 0.392094 10050
4192 2280 800 0 2088.828062 182.465905 0 0 0.000000 0.000000 2.968621 0.411177 10050
4192 2280 1100 0 413.192431 445.631311 1381 0 0.137413 0.003434 1.627567 1.150272 10050
4192 2280 1500 0 238.306437 308.240483 3034 0 0.301891 0.004579 2.193756 3.097446 10050
4192 2280 3000 0 247.977105 332.458668 2124 0 0.488276 0.007579 4.052787 4.993230 4350
4192 2280 900 0 2415.368765 345.408802 0 0 0.000000 0.000000 3.792886 0.641028 10050
4192 2390 800 0 2115.901532 188.380160 0 0 0.000000 0.000000 3.030085 0.421372 10050
4192 2390 900 0 2462.585738 360.104690 0 0 0.000000 0.000000 3.906706 0.673839 10050
4192 2390 1500 0 270.516944 374.808390 2993 0 0.346012 0.005115 2.582633 3.805790 8650
4192 2390 3000 0 285.526414 369.912023 2003 0 0.541351 0.008192 4.751725 5.668436 3700
4192 2390 1100 0 440.493429 466.777880 1853 0 0.184378 0.003868 1.867126 1.319433 10050
4192 2500 800 0 2146.355347 199.516725 0 0 0.000000 0.000000 3.125250 0.443862 10050
4192 2500 900 0 2527.002116 393.380707 6 0 0.000597 0.000244 4.066714 0.710754 10050
4192 2500 1100 0 490.977763 516.893822 2377 0 0.236517 0.004239 2.058138 1.441307 10050
4192 2500 3000 0 321.676269 446.286669 1881 1 0.597143 0.008739 5.655214 7.341770 3150
4192 2500 1500 0 325.357050 538.175587 2932 0 0.407222 0.005790 3.155916 5.631265 7200
4192 2610 800 0 2182.002203 214.189768 0 0 0.000000 0.000000 3.237110 0.466966 10050
4192 2610 900 0 2597.963364 435.279566 13 0 0.001294 0.000359 4.221127 0.767104 10050
4192 2610 1100 0 534.985649 555.349323 2962 0 0.294726 0.004548 2.346345 1.773604 10050
4192 2610 1500 0 350.115989 533.192177 2828 0 0.496140 0.006622 3.526474 5.615765 5700
4192 2610 3000 0 415.130826 545.065875 1816 0 0.660364 0.009031 7.340155 9.186234 2750
4192 2720 800 0 2220.878875 225.346448 0 0 0.000000 0.000000 3.313920 0.487108 10050
4192 2720 900 0 2677.362158 483.383055 19 0 0.001891 0.000433 4.517604 0.876098 10050
4192 2720 1100 0 566.952020 561.355782 3516 0 0.353367 0.004792 2.569032 1.769809 9950
4192 2720 1500 0 425.839686 632.194151 2734 0 0.546800 0.007040 4.332889 6.959394 5000
4192 2720 3000 0 503.495798 715.618228 1698 0 0.722553 0.009236 9.113532 12.379421 2350
4192 2830 900 0 2786.439242 560.799631 59 0 0.005871 0.000762 4.734456 0.998803 10050
4192 2830 1100 0 641.885700 634.833558 3424 0 0.436178 0.005597 3.066518 2.522723 7850
4192 2830 1500 0 498.660526 736.284076 2613 0 0.629639 0.007496 5.370589 8.413982 4150
4192 2830 3000 0 651.668908 940.198327 1625 0 0.773810 0.009129 12.131789 17.272467 2100
4192 2830 800 0 2264.855347 246.445185 0 0 0.000000 0.000000 3.431307 0.512057 10050
4192 2940 800 0 2318.019122 275.250948 0 0 0.000000 0.000000 3.492188 0.548835 10050
4192 2940 1100 0 696.883251 646.818938 3426 0 0.511343 0.006107 3.436203 2.952272 6700
4192 2940 1500 0 626.306296 885.093146 2500 0 0.694444 0.007677 6.983394 10.565755 3600
4192 2940 3000 0 838.952932 1217.197740 1541 0 0.856111 0.008273 15.788050 23.095922 1800
4192 2940 900 0 2900.860005 639.770688 111 0 0.011045 0.001043 5.062246 1.134617 10050
4192 3040 800 0 2370.140539 296.675762 2 0 0.000199 0.000141 3.641853 0.581453 10050
4192 3040 900 0 3048.514631 754.116443 242 0 0.024080 0.001529 5.322866 1.290791 10050
4192 3040 1500 0 821.942945 1193.745775 2272 0 0.757333 0.007827 9.876433 14.982099 3000
4192 3040 3000 0 1016.427602 1352.408547 1468 0 0.889697 0.007712 19.629022 26.659705 1650
4192 3040 1100 0 818.491472 817.266580 3224 0 0.580901 0.006623 4.440563 5.043385 5550
4192 3150 800 0 2444.550789 326.509510 0 0 0.000000 0.000000 3.784428 0.635926 10050
4192 3150 900 0 3226.064258 863.690690 526 0 0.052338 0.002222 5.617620 1.445961 10050
4192 3150 1100 0 932.228443 933.742397 3202 0 0.640400 0.006787 5.473034 6.530978 5000
4192 3150 3000 0 1111.803715 1428.711332 1373 0 0.915333 0.007188 21.837780 28.124591 1500
4192 3150 1500 0 1045.566730 1378.361603 2250 0 0.818182 0.007355 12.808266 17.882421 2750
4192 3260 800 0 2513.618697 373.990198 2 0 0.000199 0.000141 3.989186 0.695981 10050
4192 3260 900 0 3406.312207 972.850035 939 0 0.093433 0.002903 5.940907 1.633437 10050
4192 3260 1100 0 1087.560194 1089.624346 2988 0 0.728780 0.006943 6.944002 8.492822 4100
4192 3260 1500 0 1340.400218 1563.470173 2069 0 0.862083 0.007038 17.068628 20.731076 2400
4192 3260 3000 0 1553.608142 1645.521774 1328 0 0.948571 0.005903 31.711236 34.043433 1400
4192 3370 800 0 2609.657864 438.503846 13 0 0.001294 0.000359 4.174311 0.786896 10050
4192 3370 900 0 3611.430801 1064.225702 1556 0 0.154826 0.003608 6.375746 1.804960 10050
4192 3370 1100 0 1294.317062 1288.610274 2963 0 0.769610 0.006786 9.187297 11.264566 3850
4192 3370 1500 0 1564.645810 1622.881654 2067 0 0.898696 0.006292 20.311644 21.835153 2300
4192 3370 3000 0 1804.905464 1853.762791 1255 0 0.965385 0.005070 38.541511 40.045326 1300
4192 3480 900 0 3826.098319 1146.272438 2427 0 0.241493 0.004269 6.753079 1.941413 10050
4192 3480 1100 0 1671.006832 1639.172848 2798 0 0.835224 0.006410 13.139056 15.696681 3350
4192 3480 1500 0 2167.768389 2152.192859 1996 0 0.928372 0.005561 29.279714 30.399381 2150
4192 3480 3000 0 1818.937387 2022.659112 1179 0 0.982500 0.003785 39.232571 44.463114 1200
4192 3480 800 0 2722.480818 512.300983 22 0 0.002189 0.000466 4.405047 0.877049 10050
4192 3590 800 0 2846.529829 604.218985 66 0 0.006567 0.000806 4.599920 1.015603 10050
4192 3590 1100 0 1824.708679 1679.957980 2763 0 0.850154 0.006261 14.821536 16.642611 3250
4192 3590 1500 0 2511.145904 2116.934075 1954 0 0.953171 0.004666 34.035823 29.762977 2050
4192 3590 3000 0 1504.595979 2195.387426 1144 0 0.994783 0.002124 30.438667 42.661089 1150
4192 3590 900 0 4006.325331 1227.309534 3668 0 0.364975 0.004802 7.218039 2.151538 10050
4192 3700 800 0 3003.939070 718.463479 104 0 0.010348 0.001009 4.822593 1.152793 10050
4192 3700 900 0 4227.283060 1260.362950 4857 0 0.483284 0.004985 7.818083 2.332071 10050
4192 3700 1500 0 2435.511479 2154.858654 1905 0 0.976923 0.003400 33.887422 29.949777 1950
4192 3700 3000 0 2170.212295 1265.097132 1146 0 0.996522 0.001736 48.913250 29.671457 1150
4192 3700 1100 0 2446.756502 2117.022041 2675 0 0.891667 0.005674 21.737363 21.828873 3000
4192 3810 800 0 3180.725826 839.023363 259 0 0.025771 0.001581 5.122750 1.325844 10050
4192 3810 900 0 4471.330610 1330.469145 6175 0 0.614428 0.004855 8.762279 2.695902 10050
4192 3810 1100 0 2614.431535 2086.702178 2688 0 0.926897 0.004834 22.744090 21.483324 2900
4192 3810 3000 0 2213.829558 0.000000 1049 0 0.999048 0.000952 54.107000 0.000000 1050
4192 3810 1500 0 2202.517354 1652.976151 1877 0 0.987895 0.002509 31.336913 23.985108 1900
4192 3910 800 0 3378.188045 943.500286 550 0 0.054726 0.002269 5.410543 1.468384 10050
4192 3910 900 0 4622.440329 1325.498626 7295 0 0.725871 0.004450 9.112309 2.710294 10050
4192 3910 1100 0 3079.802087 2152.264045 2531 0 0.955094 0.004023 28.256261 22.595332 2650
4192 3910 1500 0 2002.136542 1409.560822 1791 0 0.995000 0.001662 31.445111 24.578662 1800
4192 3910 3000 0 nodata nodata 1150 0 1.000000 0.000000 nodata nodata 1150
4192 4019 800 0 3583.903442 1039.139271 994 0 0.098905 0.002978 5.724898 1.613705 10050
4192 4019 900 0 4809.673225 1341.395097 8265 0 0.822388 0.003812 9.788369 2.843139 10050
4192 4019 1100 0 3089.494306 2014.691077 2567 0 0.968679 0.003384 29.008024 20.295626 2650
4192 4019 1500 0 2887.356276 2371.890415 1843 0 0.996216 0.001427 42.450429 37.323931 1850
4192 4019 3000 0 nodata nodata 1050 0 1.000000 0.000000 nodata nodata 1050
4192 4130 900 0 4983.677237 1357.614622 8251 0 0.887204 0.003280 10.107534 2.966226 9300
4192 4130 1100 0 2711.498497 1743.600402 2498 0 0.979608 0.002799 26.230942 18.324860 2550
4192 4130 1500 0 5499.204819 2490.843623 1746 0 0.997714 0.001142 75.724500 32.343982 1750
4192 4130 3000 0 nodata nodata 1000 0 1.000000 0.000000 nodata nodata 1000
4192 4130 800 0 3795.583934 1127.780583 1750 0 0.174129 0.003783 6.108277 1.751582 10050
4192 4240 700 0 2659.358282 398.519066 2 0 0.000199 0.000141 3.703248 0.660738 10050
4192 4240 700 150 2661.462203 402.901112 3 0 0.000299 0.000172 3.801959 0.704512 10050
4192 4350 700 0 2752.086589 439.678959 11 0 0.001095 0.000330 4.007244 0.756170 10050
4192 4350 700 150 2748.663732 447.029407 9 0 0.000896 0.000298 4.249532 0.785909 10050
4192 4460 700 0 2856.809495 511.210157 9 0 0.000896 0.000298 4.274960 0.890881 10050
4192 4460 700 150 2849.768724 501.452271 23 0 0.002289 0.000477 4.104868 0.816304 10050
4192 4570 700 0 2982.967284 615.994519 38 0 0.003781 0.000612 4.434024 1.000853 10050
4192 4570 700 150 2966.827066 594.347350 36 0 0.003582 0.000596 4.552318 0.984606 10050
4192 4670 700 0 3109.132824 674.062802 87 0 0.008657 0.000924 4.648157 1.084347 10050
4192 4670 700 150 3114.429435 703.559378 91 0 0.009055 0.000945 4.544655 1.088637 10050
4192 4780 700 0 3277.039793 805.907109 180 0 0.017910 0.001323 4.897146 1.225104 10050
4192 4780 700 150 3271.977978 787.974837 213 0 0.021194 0.001437 4.995956 1.255308 10050
4192 4890 700 0 3463.725059 905.006628 343 0 0.034129 0.001811 5.095813 1.338687 10050
4192 4890 700 150 3467.790505 924.921283 377 0 0.037512 0.001895 5.020320 1.337121 10050
4192 5000 700 0 3649.816658 1004.604398 635 0 0.063184 0.002427 5.391225 1.491471 10050
4192 5000 700 150 3652.506362 1008.888659 681 0 0.067761 0.002507 5.485315 1.540027 10050
4192 5110 700 0 3847.521872 1093.941060 1082 0 0.107662 0.003092 5.658531 1.593180 10050
4192 5110 700 150 3854.703930 1079.270929 1102 0 0.109652 0.003117 5.527070 1.569575 10050
4192 5220 700 0 4079.763084 1173.951681 1715 0 0.170647 0.003753 5.984028 1.756362 10050
4192 5220 700 150 4088.676786 1190.542334 1833 0 0.182388 0.003852 6.087576 1.767874 10050
4192 5330 700 0 4292.069172 1234.794507 2674 0 0.266070 0.004408 7.202236 1.984017 10050
4192 5330 700 150 4279.040470 1227.873663 2603 0 0.259005 0.004370 6.156234 1.776058 10050
4192 5440 700 0 4504.272968 1293.259123 3659 0 0.364080 0.004800 7.160020 1.957227 10050
4192 5440 700 150 4513.445039 1300.184295 3642 0 0.362388 0.004795 7.263920 2.136239 10050
4192 5540 700 0 4695.007819 1322.992423 4835 0 0.481095 0.004984 7.736019 2.119773 10050
4192 5540 700 150 4723.679502 1317.752814 4725 0 0.470149 0.004979 8.211059 2.343333 10050
4192 5650 700 0 4909.140501 1331.118566 5966 0 0.593632 0.004899 7.834906 2.090582 10050
4192 5650 700 150 4883.618078 1331.712275 5972 0 0.594229 0.004898 7.903821 2.241638 10050
4192 5760 700 0 5028.062860 1323.716744 6935 0 0.690050 0.004613 8.223411 2.190580 10050
4192 5760 700 150 5057.666901 1327.296143 6989 0 0.695423 0.004591 8.813010 2.386281 10050
4192 5870 700 0 5200.985607 1329.527365 7902 0 0.786269 0.004089 8.153246 2.109198 10050
4192 5870 700 150 5199.385734 1331.297839 7842 0 0.780299 0.004130 8.317203 2.332477 10050
4192 5980 700 0 5299.590384 1326.430401 8618 0 0.857512 0.003487 8.578437 2.277397 10050
4192 5980 700 150 5405.190164 1362.148504 8542 0 0.849950 0.003562 9.352337 2.484049 10050
4192 6090 700 0 5554.699717 1348.229133 9134 0 0.908856 0.002871 8.805933 2.185646 10050
4192 6090 700 150 5529.450838 1345.403113 9133 0 0.908756 0.002872 8.920647 2.392455 10050
4192 6200 700 0 5624.709343 1308.768993 9476 0 0.942886 0.002315 9.136080 2.091090 10050
4192 6200 700 150 5627.403113 1319.620629 9438 0 0.939104 0.002385 9.840021 2.620824 10050
8192 110 800 0 185.651717 33.728150 0 0 0.000000 0.000000 0.234614 0.023510 10050
8192 110 900 0 526.084899 103.411044 0 0 0.000000 0.000000 0.371627 0.068931 10050
8192 110 1100 0 188.256308 3.495791 0 0 0.000000 0.000000 0.299561 0.028607 10050
8192 110 1500 0 58.478492 3.207897 0 0 0.000000 0.000000 0.247948 0.020223 10050
8192 110 3000 0 26.586000 4.319127 3 0 0.000299 0.000172 0.347576 0.033550 10050
8192 220 900 0 708.863287 244.149292 0 0 0.000000 0.000000 0.717531 0.203272 10050
8192 220 1100 0 186.634454 5.382931 0 0 0.000000 0.000000 0.430208 0.036869 10050
8192 220 1500 0 59.371690 2.142633 0 0 0.000000 0.000000 0.372388 0.023464 10050
8192 220 3000 0 31.809217 5.757741 17 0 0.001692 0.000410 0.532450 0.050927 10050
8192 220 800 0 257.534610 106.444221 0 0 0.000000 0.000000 0.402653 0.076459 10050
8192 330 800 0 411.534250 302.883783 0 0 0.000000 0.000000 0.649661 0.279353 10050
8192 330 1100 0 188.328426 15.751814 0 0 0.000000 0.000000 0.581014 0.063198 10050
8192 330 1500 0 59.953658 4.017902 2 0 0.000199 0.000141 0.466430 0.032524 10050
8192 330 3000 0 37.111926 7.072626 60 0 0.005970 0.000768 0.716881 0.078506 10050
8192 330 900 0 1033.341294 410.595256 0 0 0.000000 0.000000 1.262861 0.445850 10050
8192 430 800 0 698.758085 475.599467 0 0 0.000000 0.000000 1.140795 0.562629 10050
8192 430 900 0 1416.444749 382.517416 0 0 0.000000 0.000000 2.125668 0.565492 10050
8192 430 1500 0 61.786295 6.261530 8 0 0.000796 0.000281 0.600313 0.047144 10050
8192 430 3000 0 42.554734 8.375190 120 0 0.011940 0.001083 0.924304 0.111512 10050
8192 430 1100 0 192.507951 11.986948 0 0 0.000000 0.000000 0.704702 0.063966 10050
8192 540 800 0 1070.249545 584.489590 0 0 0.000000 0.000000 1.799247 0.813284 10050
8192 540 900 0 1672.041867 254.437797 0 0 0.000000 0.000000 2.811215 0.556697 10050
8192 540 1100 0 200.329169 24.616293 0 0 0.000000 0.000000 0.855451 0.096545 10050
8192 540 3000 0 48.381024 9.614449 188 0 0.018706 0.001351 1.112402 0.143537 10050
8192 540 1500 0 65.187464 8.069572 14 0 0.001393 0.000372 0.690111 0.063640 10050
8192 650 800 0 1394.873227 554.363517 0 0 0.000000 0.000000 2.569075 0.928888 10050
8192 650 900 0 1787.899210 203.874649 0 0 0.000000 0.000000 3.481397 0.632538 10050
8192 650 1100 0 206.721579 23.774647 0 0 0.000000 0.000000 0.983692 0.110512 10050
8192 650 1500 0 69.164317 8.985228 41 1 0.004080 0.000636 0.849701 0.087785 10050
8192 650 3000 0 54.401145 10.949140 295 0 0.029353 0.001684 1.385297 0.191252 10050
8192 760 800 0 1657.055525 423.259576 0 0 0.000000 0.000000 3.229025 0.840319 10050
8192 760 900 0 1866.134450 194.991348 0 0 0.000000 0.000000 4.009029 0.685325 10050
8192 760 1100 0 209.046364 33.674355 1 0 0.000100 0.000099 1.135583 0.150187 10050
8192 760 1500 0 73.886641 10.882439 56 0 0.005572 0.000743 0.950619 0.116948 10050
8192 760 3000 0 61.176978 29.539581 428 0 0.042587 0.002014 1.617889 0.533167 10050
8192 870 900 0 1931.020752 197.406098 0 0 0.000000 0.000000 4.532281 0.742526 10050
8192 870 1100 0 210.899108 56.256844 4 0 0.000398 0.000199 1.297669 0.244980 10050
8192 870 1500 0 78.788767 12.787430 81 0 0.008060 0.000892 1.123693 0.154948 10050
8192 870 3000 0 67.669517 13.835970 536 0 0.053333 0.002241 1.984394 0.302913 10050
8192 870 800 0 1792.730790 294.528467 0 0 0.000000 0.000000 3.924737 0.761237 10050
8192 980 800 0 1874.527389 195.835132 0 0 0.000000 0.000000 4.429154 0.698601 10050
8192 980 1100 0 212.997781 71.140112 13 0 0.001294 0.000359 1.448738 0.337355 10050
8192 980 1500 0 84.766447 15.273270 145 0 0.014428 0.001189 1.227738 0.193257 10050
8192 980 3000 0 75.291333 15.682135 698 0 0.069453 0.002536 2.259660 0.366000 10050
8192 980 900 0 1991.266305 197.419179 0 0 0.000000 0.000000 5.064039 0.798666 10050
8192 1090 800 0 1918.583965 152.134592 0 0 0.000000 0.000000 5.129908 0.731508 10050
8192 1090 900 0 2046.718215 200.258077 0 0 0.000000 0.000000 5.520279 0.851536 10050
8192 1090 1500 0 91.646022 17.460094 219 0 0.021791 0.001456 1.473879 0.255528 10050
8192 1090 3000 0 83.633170 74.925279 891 0 0.088657 0.002835 2.728743 1.808822 10050
8192 1090 1100 0 218.663194 101.974096 20 0 0.001990 0.000445 1.598866 0.505261 10050
8192 1200 800 0 1951.002685 127.185145 0 0 0.000000 0.000000 5.354975 0.771544 10050
8192 1200 900 0 2092.904773 202.794313 0 0 0.000000 0.000000 5.954876 0.920811 10050
8192 1200 1100 0 225.377838 121.032576 25 0 0.002488 0.000497 1.794130 0.648157 10050
8192 1200 3000 0 92.258012 53.852453 1083 0 0.108844 0.003122 3.253424 1.633836 9950
8192 1200 1500 0 99.769193 44.205822 279 0 0.027761 0.001639 1.613118 0.678226 10050
8192 1300 800 0 1977.895892 116.050473 0 0 0.000000 0.000000 5.973138 0.838494 10050
8192 1300 900 0 2136.989506 210.497562 0 0 0.000000 0.000000 6.559179 1.029221 10050
8192 1300 1100 0 232.937635 135.599720 47 0 0.004677 0.000681 1.916880 0.736170 10050
8192 1300 1500 0 108.159128 22.853055 366 1 0.036418 0.001869 1.910582 0.385514 10050
8192 1300 3000 0 102.293059 85.630166 1018 0 0.129682 0.003792 3.833249 2.843007 7850
8192 1410 800 0 1996.840222 107.461920 0 0 0.000000 0.000000 5.905820 0.859184 10050
8192 1410 900 0 2184.449226 218.155508 0 0 0.000000 0.000000 6.940450 1.089561 10050
8192 1410 1100 0 247.191961 177.077187 90 0 0.008955 0.000940 2.124217 1.028106 10050
8192 1410 1500 0 118.774595 63.968760 510 0 0.050746 0.002189 2.130186 1.142715 10050
8192 1410 3000 0 114.024780 85.878011 987 0 0.159194 0.004646 4.422645 2.627684 6200
8192 1520 900 0 2230.199461 229.029395 0 0 0.000000 0.000000 7.949584 1.322917 10050
8192 1520 1100 0 258.373267 196.900814 110 0 0.010945 0.001038 2.333527 1.185350 10050
8192 1520 1500 0 129.126418 34.937838 694 0 0.069055 0.002529 2.576107 0.623487 10050
8192 1520 3000 0 122.160741 31.424865 911 0 0.189792 0.005660 5.178434 1.158002 4800
8192 1520 800 0 2015.750586 109.851285 0 0 0.000000 0.000000 6.499739 0.924337 10050
8192 1630 800 0 2034.408462 113.706857 0 0 0.000000 0.000000 6.606185 1.007367 10050
8192 1630 1100 0 274.169821 232.197465 183 0 0.018209 0.001334 2.596153 1.475673 10050
8192 1630 1500 0 141.087405 40.833615 897 0 0.089254 0.002844 2.866272 0.769590 10050
8192 1630 3000 0 139.311538 97.161062 923 0 0.219762 0.006389 5.726949 3.210846 4200
8192 1630 900 0 2269.811405 231.273398 0 0 0.000000 0.000000 8.232536 1.347158 10050
8192 1740 800 0 2052.438937 119.966457 0 0 0.000000 0.000000 7.197606 1.128385 10050
8192 1740 900 0 2308.536162 240.179544 0 0 0.000000 0.000000 9.045149 1.600157 10050
8192 1740 1500 0 154.515843 51.671116 1127 0 0.112139 0.003148 3.360966 1.096808 10050
8192 1740 3000 0 148.742687 35.387745 815 0 0.276271 0.008233 7.094173 1.622400 2950
8192 1740 1100 0 288.472806 252.447264 268 0 0.026667 0.001607 2.859037 1.644922 10050
8192 1850 800 0 2070.757972 127.132813 0 0 0.000000 0.000000 7.245561 1.189720 10050
8192 1850 900 0 2355.505224 251.789985 0 0 0.000000 0.000000 9.452439 1.665207 10050
8192 1850 1100 0 312.853830 299.845888 412 0 0.040995 0.001978 3.147141 1.996930 10050
8192 1850 3000 0 172.169090 117.010464 798 0 0.301132 0.008912 8.026028 4.439086 2650
8192 1850 1500 0 172.496387 124.148476 1286 0 0.136085 0.003527 3.865987 2.735003 9450
8192 1960 800 0 2092.583171 138.079048 0 0 0.000000 0.000000 7.870846 1.395738 10050
8192 1960 900 0 2395.968642 261.266655 0 0 0.000000 0.000000 9.731282 1.795085 10050
8192 1960 1100 0 331.892851 316.260962 574 0 0.057114 0.002315 3.605405 2.329248 10050
8192 1960 1500 0 191.132164 156.033417 1239 0 0.164106 0.004262 4.528189 3.873847 7550
8192 1960 3000 0 200.143566 269.653038 736 0 0.334545 0.010059 9.751301 10.116845 2200
8192 2070 800 0 2116.923764 149.174171 0 0 0.000000 0.000000 8.176327 1.537555 10050
8192 2070 900 0 2436.954126 267.797704 0 0 0.000000 0.000000 10.221875 1.926720 10050
8192 2070 1100 0 361.106854 352.268085 691 0 0.068756 0.002524 4.124003 2.623928 10050
8192 2070 1500 0 221.622689 266.186733 1200 0 0.208696 0.005359 5.465894 6.566371 5750
8192 2070 3000 0 213.299125 205.598739 692 0 0.374054 0.011250 11.168693 8.886582 1850
8192 2170 900 0 2487.993118 281.017307 0 0 0.000000 0.000000 11.067602 2.223828 10050
8192 2170 1100 0 392.566700 387.040552 1078 0 0.107264 0.003087 4.573305 2.935445 10050
8192 2170 1500 0 247.153754 277.429855 1128 0 0.262326 0.006708 6.542382 7.673391 4300
8192 2170 3000 0 261.409479 334.466701 615 0 0.424138 0.012979 14.570208 14.300979 1450
8192 2170 800 0 2138.506673 153.607916 0 0 0.000000 0.000000 8.846528 1.832829 10050
8192 2280 800 0 2170.349562 167.539029 0 0 0.000000 0.000000 8.917864 1.891881 10050
8192 2280 1100 0 433.122547 428.955001 1248 0 0.154074 0.004011 5.251234 3.282844 8100
8192 2280 1500 0 286.655911 357.726889 1145 0 0.322535 0.007845 7.449503 8.986636 3550
8192 2280 3000 0 272.866454 188.093887 557 0 0.506364 0.015074 17.033166 11.795330 1100
8192 2280 900 0 2547.134371 303.837200 2 0 0.000199 0.000141 11.224672 2.312277 10050
8192 2390 800 0 2201.150193 174.354857 0 0 0.000000 0.000000 9.557068 2.196697 10050
8192 2390 900 0 2598.012792 312.628202 2 0 0.000199 0.000141 12.102252 2.711464 10050
8192 2390 1500 0 332.448615 431.617150 1020 0 0.377778 0.009331 9.631554 12.851035 2700
8192 2390 3000 0 385.575834 610.162837 491 0 0.577647 0.016942 24.730604 34.065913 850
8192 2390 1100 0 470.996616 447.298864 1249 0 0.201452 0.005094 6.068404 3.839778 6200
8192 2500 800 0 2236.633884 183.903595 0 0 0.000000 0.000000 9.539091 2.175535 10050
8192 2500 900 0 2679.705049 350.882569 0 0 0.000000 0.000000 12.538741 2.926432 10050
8192 2500 1100 0 517.964619 478.322363 1214 0 0.266813 0.006557 7.129483 4.384343 4550
8192 2500 3000 0 389.494102 362.609068 639 0 0.639000 0.015188 19.551000 17.623471 1000
8192 2500 1500 0 391.407197 541.715095 992 0 0.450909 0.010609 11.832250 18.858730 2200
8192 2610 800 0 2274.802340 186.666925 0 0 0.000000 0.000000 10.214516 2.508743 10050
8192 2610 900 0 2758.990261 380.032644 3 0 0.000299 0.000172 13.659553 3.456894 10050
8192 2610 1100 0 606.505660 583.608097 1212 0 0.346286 0.008042 8.347301 6.281410 3500
8192 2610 1500 0 479.208729 700.065108 844 0 0.527500 0.012481 15.886981 22.152543 1600
8192 2610 3000 0 470.017702 535.157155 624 0 0.693333 0.015370 24.251837 26.371304 900
8192 2720 800 0 2320.901059 202.126632 0 0 0.000000 0.000000 9.840574 2.306883 10050
8192 2720 900 0 2863.653064 444.548717 12 0 0.001194 0.000344 14.160111 3.669753 10050
8192 2720 1100 0 665.321135 591.934303 1178 0 0.420714 0.009330 9.902301 7.181242 2800
8192 2720 1500 0 511.232132 560.495830 836 0 0.619259 0.013216 17.008920 19.610933 1350
8192 2720 3000 0 490.239054 356.405210 578 0 0.770667 0.015351 26.280116 16.433713 750
8192 2830 900 0 3000.817475 540.189989 20 0 0.001990 0.000445 18.945776 4.485973 10050
8192 2830 1100 0 735.445239 622.079913 1122 0 0.521860 0.010773 12.130750 9.066077 2150
8192 2830 1500 0 736.720732 1037.541087 1027 0 0.708276 0.011937 20.055142 29.382487 1450
8192 2830 3000 0 763.984208 852.938084 544 0 0.836923 0.014490 41.065745 42.867035 650
8192 2830 800 0 2365.310871 210.866910 0 0 0.000000 0.000000 10.729345 2.778752 10050
8192 2940 800 0 2426.845011 232.450383 0 0 0.000000 0.000000 10.557638 2.682488 10050
8192 2940 1100 0 868.221901 802.002273 1038 0 0.610588 0.011826 15.390230 16.921190 1700
8192 2940 1500 0 883.863809 1123.403219 1002 0 0.801600 0.011280 23.964367 32.985413 1250
8192 2940 3000 0 901.574493 841.569513 501 0 0.910909 0.012147 49.727612 45.897865 550
8192 2940 900 0 3153.192837 623.431078 73 0 0.007264 0.000847 20.021193 4.942588 10050
8192 3040 800 0 2488.486071 247.063182 0 0 0.000000 0.000000 11.562668 3.099107 10050
8192 3040 900 0 3365.091079 762.368959 203 0 0.020199 0.001403 22.013503 6.011024 10050
8192 3040 1500 0 1150.413853 1237.576397 935 0 0.850000 0.010766 31.638194 35.798121 1100
8192 3040 3000 0 1789.880521 2220.213763 475 0 0.950000 0.009747 105.321720 138.158571 500
8192 3040 1100 0 1046.751360 1009.603069 1312 0 0.709189 0.010558 16.563257 19.602867 1850
8192 3150 800 0 2567.475843 274.657964 0 0 0.000000 0.000000 11.758811 3.077709 10050
8192 3150 900 0 3623.492830 903.403825 494 0 0.054286 0.002375 24.050864 6.770273 9100
8192 3150 1100 0 1363.055477 1245.225896 1067 0 0.790370 0.011078 27.987770 31.147272 1350
8192 3150 3000 0 1266.522377 1192.852935 389 0 0.972500 0.008177 75.033636 66.527813 400
8192 3150 1500 0 1506.839752 1648.488763 497 0 0.903636 0.012583 79.368792 89.983676 550
8192 3260 800 0 2656.776776 309.355654 0 0 0.000000 0.000000 12.721354 3.425625 10050
8192 3260 900 0 3917.153662 1048.423870 856 1 0.107673 0.003476 26.467565 7.821814 7950
8192 3260 1100 0 1834.627825 1735.742191 1242 0 0.828000 0.009744 33.925702 38.127148 1500
8192 3260 1500 0 1838.336234 1684.982023 475 0 0.950000 0.009747 103.828760 101.473911 500
8192 3260 3000 0 1044.768336 684.066542 393 0 0.982500 0.006556 71.876857 54.040863 400
8192 3370 800 0 2761.436622 358.473555 1 0 0.000100 0.000099 10.122323 2.161582 10050
8192 3370 900 0 4245.179451 1175.577372 1469 0 0.217630 0.005022 28.770547 8.639767 6750
8192 3370 1100 0 1955.599719 1834.486964 1153 0 0.886923 0.008783 38.289422 43.317725 1300
8192 3370 1500 0 2458.365895 1961.616403 440 0 0.977778 0.006949 145.899100 122.219892 450
8192 3370 3000 0 4581.464660 220.542834 348 0 0.994286 0.004029 307.336500 29.341500 350
8192 3480 900 0 4561.558733 1228.387615 2029 0 0.379252 0.006634 32.980455 9.593139 5350
8192 3480 1100 0 2503.460292 2004.706852 692 0 0.922667 0.009754 82.148793 77.263272 750
8192 3480 1500 0 838.498204 294.768468 445 0 0.988889 0.004941 46.923200 12.316566 450
8192 3480 3000 0 671.649715 0.000000 349 0 0.997143 0.002853 43.013000 0.000000 350
8192 3480 800 0 2899.085714 452.583949 6 0 0.000597 0.000244 14.224193 3.963188 10050
8192 3590 800 0 3066.585649 560.531723 15 0 0.001493 0.000385 14.500077 4.213893 10050
8192 3590 1100 0 2710.406353 2306.022373 717 0 0.956000 0.007489 91.934515 86.005994 750
8192 3590 1500 0 nodata nodata 450 0 1.000000 0.000000 nodata nodata 450
8192 3590 3000 0 nodata nodata 300 0 1.000000 0.000000 nodata nodata 300
8192 3590 900 0 4904.014084 1315.596375 2492 0 0.553778 0.007410 35.091607 10.062895 4500
8192 3700 800 0 3271.906067 674.208456 58 1 0.005771 0.000756 15.888321 5.070506 10050
8192 3700 900 0 5151.260144 1299.395756 2636 0 0.712432 0.007441 38.408204 10.404036 3700
8192 3700 1500 0 2214.496809 0.000000 399 0 0.997500 0.002497 135.161000 0.000000 400
8192 3700 3000 0 nodata nodata 300 0 1.000000 0.000000 nodata nodata 300
8192 3700 1100 0 3992.869791 2433.814903 642 0 0.987692 0.004325 171.663500 131.928269 650
8192 3810 800 0 3523.001073 826.479687 225 0 0.022388 0.001476 16.083506 5.382575 10050
8192 3810 900 0 5541.605456 1279.600387 2706 0 0.859048 0.006200 41.652284 11.624314 3150
8192 3810 1100 0 3512.903238 932.288847 697 0 0.995714 0.002469 121.096000 35.012019 700
8192 3810 3000 0 nodata nodata 300 0 1.000000 0.000000 nodata nodata 300
8192 3810 1500 0 nodata nodata 400 0 1.000000 0.000000 nodata nodata 400
8192 3910 800 0 3833.654931 998.892009 591 0 0.058806 0.002347 17.990117 6.331814 10050
8192 3910 900 0 5751.664724 1343.833279 2344 0 0.937600 0.004838 46.246936 11.574159 2500
8192 3910 1100 0 7055.312735 0.000000 649 0 0.998462 0.001537 252.394000 0.000000 650
8192 3910 1500 0 nodata nodata 400 0 1.000000 0.000000 nodata nodata 400
8192 3910 3000 0 nodata nodata 250 0 1.000000 0.000000 nodata nodata 250
8192 4019 800 0 4210.749510 1154.361696 1271 0 0.126468 0.003315 18.541837 6.689360 10050
8192 4019 900 0 5819.742937 1179.596275 2079 0 0.966977 0.003854 47.574310 12.267383 2150
8192 4019 1100 0 nodata nodata 650 0 1.000000 0.000000 nodata nodata 650
8192 4019 1500 0 nodata nodata 400 0 1.000000 0.000000 nodata nodata 400
8192 4019 3000 0 nodata nodata 250 0 1.000000 0.000000 nodata nodata 250
8192 4130 900 0 5850.583183 1201.697438 1790 0 0.994444 0.001752 47.337100 10.586225 1800
8192 4130 1100 0 nodata nodata 600 0 1.000000 0.000000 nodata nodata 600
8192 4130 1500 0 nodata nodata 350 0 1.000000 0.000000 nodata nodata 350
8192 4130 3000 0 nodata nodata 250 0 1.000000 0.000000 nodata nodata 250
8192 4130 800 0 4553.132692 1221.394719 2423 0 0.251088 0.004414 20.151849 7.360985 9650
8192 4240 700 0 2783.932070 304.924186 0 0 0.000000 0.000000 15.320977 2.409599 10050
8192 4240 700 150 2782.426866 294.022410 0 0 0.000000 0.000000 11.108834 2.725499 10050
8192 4350 700 0 2887.396945 352.568163 3 0 0.000299 0.000172 15.494264 2.508340 10050
8192 4350 700 150 2890.815732 361.321216 2 0 0.000199 0.000141 11.751776 2.825119 10050
8192 4460 700 0 3017.098914 424.674621 3 0 0.000299 0.000172 16.749135 2.945478 10050
8192 4460 700 150 3020.241372 442.835097 2 0 0.000199 0.000141 12.066879 3.169315 10050
8192 4570 700 0 3164.256425 517.434692 14 0 0.001393 0.000372 16.521990 3.229849 10050
8192 4570 700 150 3172.300692 529.792992 15 0 0.001493 0.000385 12.878463 3.446414 10050
8192 4670 700 0 3354.516087 643.146842 36 0 0.003582 0.000596 17.949696 3.898678 10050
8192 4670 700 150 3366.432973 654.727981 44 0 0.004378 0.000659 12.991889 3.815861 10050
8192 4780 700 0 3595.329520 787.774180 140 0 0.013930 0.001169 18.598962 4.755318 10050
8192 4780 700 150 3597.183205 789.039980 124 0 0.012338 0.001101 14.165758 4.271717 10050
8192 4890 700 0 3846.275303 910.411086 272 1 0.027065 0.001619 20.147867 6.077869 10050
8192 4890 700 150 3855.557758 921.635092 299 0 0.029751 0.001695 14.549460 4.670432 10050
8192 5000 700 0 4174.073070 1047.010258 695 0 0.069154 0.002531 17.146904 5.430206 10050
8192 5000 700 150 4170.773735 1055.295129 721 0 0.071741 0.002574 16.016604 5.268470 10050
8192 5110 700 0 4478.660581 1166.116198 1506 0 0.149851 0.003560 19.492665 6.073232 10050
8192 5110 700 150 4471.852215 1124.620243 1032 0 0.142345 0.004104 29.796403 7.478562 7250
8192 5220 700 0 4802.679465 1220.628491 2598 0 0.258507 0.004367 19.215210 6.141821 10050
8192 5220 700 150 4819.263678 1208.102688 1682 0 0.275738 0.005722 33.046288 8.337977 6100
8192 5330 700 0 5157.927589 1246.765576 3518 0 0.413882 0.005342 22.467883 6.774186 8500
8192 5330 700 150 5135.336064 1258.612066 2306 0 0.423119 0.006692 35.087266 8.813639 5450
8192 5440 700 0 5421.538459 1274.022599 4801 0 0.574970 0.005410 21.208124 6.425050 8350
8192 5440 700 150 5364.627746 1265.560209 2694 1 0.579355 0.007239 38.044148 9.304847 4650
8192 5540 700 150 5624.539763 1219.735460 3096 0 0.728471 0.006822 39.104159 8.907944 4250
8192 5540 700 0 5650.163616 1239.295247 4975 0 0.726277 0.005387 24.030283 7.105108 6850
8192 5650 700 0 5880.854300 1201.122949 5527 0 0.850308 0.004425 23.627079 7.091607 6500
8192 5650 700 150 5954.080156 1199.479083 3049 0 0.835342 0.006139 42.274203 9.734184 3650
8192 5760 700 0 6135.029092 1190.724142 4877 0 0.920189 0.003722 26.927972 7.486091 5300
8192 5760 700 150 6023.317575 1240.603969 3038 0 0.920606 0.004706 42.230336 9.469099 3300
8192 5870 700 150 6145.695634 1046.057997 2772 0 0.972632 0.003056 44.533897 8.157130 2850
8192 5870 700 0 6285.664057 1015.735955 5017 0 0.964808 0.002555 25.280803 7.047370 5200
8192 5980 700 0 6161.540307 1217.202125 4543 0 0.987609 0.001631 25.095053 6.704443 4600
8192 5980 700 150 6177.510984 1104.787262 4178 0 0.983059 0.001980 27.588458 5.100107 4250
8192 6090 700 0 6640.164330 994.834205 4182 0 0.995714 0.001008 29.740944 9.256474 4200
8192 6090 700 150 6581.982672 973.631230 4279 0 0.995116 0.001063 25.884667 4.462677 4300
8192 6200 700 0 6350.916257 827.572448 3795 0 0.998684 0.000588 31.556000 8.378362 3800
8192 6200 700 150 6887.823545 1313.504262 3542 0 0.997746 0.000796 33.189750 6.856920 3550
16384 110 800 0 201.297673 36.700132 0 1 0.000000 0.000000 0.717054 0.086081 10050
16384 110 900 0 568.187553 119.590013 0 0 0.000000 0.000000 1.364357 0.260367 10050
16384 110 1100 0 187.264823 3.718217 0 0 0.000000 0.000000 0.825815 0.077335 10050
16384 110 1500 0 59.228441 1.637742 0 0 0.000000 0.000000 0.688591 0.065126 10050
16384 110 3000 0 28.516958 4.836853 1 0 0.000100 0.000099 1.172719 0.147681 10050
16384 220 900 0 813.723148 276.793948 0 1 0.000000 0.000000 2.672338 0.814270 10050
16384 220 1100 0 186.553303 5.632439 0 1 0.000000 0.000000 1.220065 0.122410 10050
16384 220 1500 0 59.462404 2.513948 0 0 0.000000 0.000000 0.949530 0.079666 10050
16384 220 3000 0 34.586032 5.769143 18 0 0.001791 0.000422 1.890085 0.215189 10050
16384 220 800 0 287.616931 131.975833 0 0 0.000000 0.000000 1.233713 0.291835 10050
16384 330 800 0 516.450992 354.055446 0 0 0.000000 0.000000 2.625792 1.179715 10050
16384 330 1100 0 189.334716 9.573491 0 0 0.000000 0.000000 1.517748 0.152031 10050
16384 330 1500 0 60.666003 4.783348 0 0 0.000000 0.000000 1.233979 0.112413 10050
16384 330 3000 0 40.444784 6.996826 52 0 0.005174 0.000716 1.763580 0.408435 10050
16384 330 900 0 1248.259888 408.387777 0 0 0.000000 0.000000 5.273707 1.624917 10050
16384 430 800 0 918.844093 549.017116 0 0 0.000000 0.000000 5.023551 2.383231 10050
16384 430 900 0 1636.045780 272.119265 0 0 0.000000 0.000000 8.370653 1.733247 10050
16384 430 1500 0 63.735923 6.761390 7 0 0.000697 0.000263 1.538027 0.160521 10050
16384 430 3000 0 46.703496 8.438894 112 0 0.011144 0.001047 2.107424 0.267876 10050
16384 430 1100 0 196.662105 12.802543 0 0 0.000000 0.000000 2.054484 0.214613 10050
16384 540 800 0 1367.236321 566.202829 0 0 0.000000 0.000000 8.733642 3.288020 10050
16384 540 900 0 1805.219854 187.686228 0 0 0.000000 0.000000 11.273570 2.096857 10050
16384 540 1100 0 206.008723 28.197293 0 0 0.000000 0.000000 2.433516 0.358587 10050
16384 540 3000 0 53.368941 9.774200 203 0 0.020199 0.001403 2.790814 0.710550 10050
16384 540 1500 0 68.335287 7.936293 14 0 0.001393 0.000372 1.885507 0.226462 10050
16384 650 800 0 1705.685474 384.448521 0 0 0.000000 0.000000 12.319783 2.916038 10050
16384 650 900 0 1892.418089 179.896648 0 0 0.000000 0.000000 14.538470 2.565550 10050
16384 650 1100 0 208.292370 17.870910 1 0 0.000100 0.000099 2.173768 0.239569 10050
16384 650 1500 0 72.779403 9.206150 36 0 0.003582 0.000596 2.406931 0.334257 10050
16384 650 3000 0 60.232502 11.094003 272 0 0.027065 0.001619 4.597574 0.620936 10050
16384 760 800 0 1851.985791 218.506569 0 1 0.000000 0.000000 15.208998 2.455420 10050
16384 760 900 0 1970.832335 173.804905 0 0 0.000000 0.000000 17.437673 2.964087 10050
16384 760 1100 0 209.457225 41.675395 1 0 0.000100 0.000099 2.427638 0.346837 10050
16384 760 1500 0 77.740928 11.141971 56 0 0.005572 0.000743 2.822929 0.441609 10050
16384 760 3000 0 67.560655 13.382675 377 0 0.042841 0.002159 6.177927 0.929174 8800
16384 870 900 0 2035.350260 171.993925 0 0 0.000000 0.000000 20.750683 3.300619 10050
16384 870 1100 0 211.468004 59.507175 7 0 0.000697 0.000263 3.052473 0.717146 10050
16384 870 1500 0 84.067904 15.415655 88 0 0.008756 0.000929 2.494133 0.371618 10050
16384 870 3000 0 74.971801 14.149772 357 0 0.055349 0.002847 7.514284 1.194691 6450
16384 870 800 0 1917.174597 133.105083 0 0 0.000000 0.000000 17.574232 2.318251 10050
16384 980 800 0 1955.680045 104.310081 0 0 0.000000 0.000000 19.584262 2.547500 10050
16384 980 1100 0 214.954539 73.809501 9 0 0.000896 0.000298 3.163667 1.168651 10050
16384 980 1500 0 91.661766 15.837969 144 0 0.014328 0.001185 6.377308 0.929109 10050
16384 980 3000 0 82.951166 16.031879 315 0 0.074118 0.004018 9.899152 1.476756 4250
16384 980 900 0 2093.961848 176.408844 0 0 0.000000 0.000000 23.645994 3.855345 9150
16384 1090 800 0 1985.265618 100.217564 0 1 0.000000 0.000000 21.297030 2.657389 10050
16384 1090 900 0 2146.872419 185.889585 0 0 0.000000 0.000000 27.040742 4.117740 8100
16384 1090 1500 0 99.760120 17.729903 187 0 0.018607 0.001348 7.505150 1.183104 10050
16384 1090 3000 0 92.417618 18.246514 304 0 0.092121 0.005034 11.594094 1.803195 3300
16384 1090 1100 0 221.588615 99.963014 11 0 0.001095 0.000330 3.760255 1.259206 10050
16384 1200 800 0 2009.176750 88.765112 0 0 0.000000 0.000000 23.002742 2.808749 9400
16384 1200 900 0 2191.064260 190.567453 0 0 0.000000 0.000000 29.789594 4.437762 7400
16384 1200 1100 0 230.799197 120.649513 36 1 0.003582 0.000596 4.413737 1.907666 10050
16384 1200 3000 0 103.165228 26.914351 274 0 0.109600 0.006248 14.410251 2.973080 2500
16384 1200 1500 0 109.213852 20.510605 280 0 0.027861 0.001642 8.138621 1.668959 10050
16384 1300 800 0 2027.393960 85.079301 0 0 0.000000 0.000000 24.961201 2.956403 8750
16384 1300 900 0 2241.365243 201.666637 0 0 0.000000 0.000000 28.821130 4.365692 7650
16384 1300 1100 0 244.192887 156.381357 43 0 0.004279 0.000651 3.994787 1.661628 10050
16384 1300 1500 0 119.721912 23.785334 295 0 0.040690 0.002320 9.780592 2.003101 7250
16384 1300 3000 0 112.698411 22.818991 263 0 0.134872 0.007735 16.321741 2.577561 1950
16384 1410 800 0 2044.307313 91.318267 0 0 0.000000 0.000000 26.804383 3.188330 8150
16384 1410 900 0 2289.610194 205.496388 0 0 0.000000 0.000000 32.233140 4.668729 6850
16384 1410 1100 0 254.937071 180.623958 92 0 0.009154 0.000950 4.215380 1.905405 10050
16384 1410 1500 0 131.545787 27.844651 303 0 0.054107 0.003023 11.088567 2.343558 5600
16384 1410 3000 0 130.569462 179.986050 238 0 0.158667 0.009434 20.473654 20.487066 1500
16384 1520 900 0 2336.959763 221.433107 0 0 0.000000 0.000000 33.774212 4.899139 6600
16384 1520 1100 0 268.207274 208.061308 112 0 0.011144 0.001047 8.536387 4.217952 10050
16384 1520 1500 0 145.091301 93.118314 292 0 0.065618 0.003712 13.273496 7.546319 4450
16384 1520 3000 0 137.562528 29.865972 243 0 0.186923 0.010812 22.487661 3.913335 1300
16384 1520 800 0 2059.628441 101.538215 0 0 0.000000 0.000000 28.147143 3.309605 7800
16384 1630 800 0 2075.344445 109.502409 0 0 0.000000 0.000000 29.951085 3.548690 7350
16384 1630 1100 0 277.547355 212.910418 194 0 0.019303 0.001372 9.088369 4.479217 10050
16384 1630 1500 0 158.094344 34.742728 299 0 0.093438 0.005145 15.024969 3.242082 3200
16384 1630 3000 0 153.360069 33.676147 222 0 0.233684 0.013730 26.564394 4.805872 950
16384 1630 900 0 2373.665815 219.172943 0 0 0.000000 0.000000 33.642817 5.568168 6600
16384 1740 800 0 2097.334479 121.351589 0 0 0.000000 0.000000 31.381780 3.685555 7050
16384 1740 900 0 2424.734640 231.201413 0 0 0.000000 0.000000 38.897765 5.367618 5750
16384 1740 1500 0 177.741969 97.673511 277 0 0.106538 0.006051 18.094902 10.595796 2600
16384 1740 3000 0 167.760152 35.939425 211 0 0.263750 0.015580 29.911669 5.296364 800
16384 1740 1100 0 298.767531 252.213937 233 0 0.023776 0.001539 11.055329 5.839374 9800
16384 1850 800 0 2120.454743 133.526459 0 0 0.000000 0.000000 16.267945 4.294686 10050
16384 1850 900 0 2462.416807 232.445870 0 0 0.000000 0.000000 39.322893 5.964864 5700
16384 1850 1100 0 320.826262 283.400144 289 0 0.040420 0.002329 12.256002 6.917708 7150
16384 1850 3000 0 193.630316 45.133159 190 0 0.345455 0.020276 36.139475 7.386653 550
16384 1850 1500 0 197.702386 173.596058 279 0 0.129767 0.007247 20.539243 16.456479 2150
16384 1960 800 0 2147.471265 141.400296 0 0 0.000000 0.000000 35.085913 4.203154 6350
16384 1960 900 0 2512.531365 253.367245 0 0 0.000000 0.000000 43.470981 5.975855 5200
16384 1960 1100 0 340.871545 292.337962 296 0 0.057476 0.003243 14.491445 7.637589 5150
16384 1960 1500 0 225.875133 225.446730 267 0 0.172258 0.009591 24.696142 22.962011 1550
16384 1960 3000 0 212.595259 51.342016 198 0 0.304615 0.018052 40.335825 8.509281 650
16384 2070 800 0 2179.816615 148.298191 0 0 0.000000 0.000000 36.550132 4.477387 6100
16384 2070 900 0 2555.141263 244.957285 0 0 0.000000 0.000000 43.246803 6.328245 5200
16384 2070 1100 0 386.546488 353.111675 315 0 0.080769 0.004363 16.712948 9.175498 3900
16384 2070 1500 0 260.209499 323.295264 262 0 0.209600 0.011512 29.298598 35.320385 1250
16384 2070 3000 0 245.433863 110.606601 175 0 0.388889 0.022981 48.411913 19.261933 450
16384 2170 900 0 2617.022766 258.792213 0 0 0.000000 0.000000 48.722976 6.542676 4650
16384 2170 1100 0 421.269935 384.789530 318 0 0.113571 0.005996 19.575970 10.766107 2800
16384 2170 1500 0 279.997262 239.348194 250 0 0.238095 0.013144 33.457100 26.849019 1050
16384 2170 3000 0 294.571620 293.080759 185 0 0.462500 0.024930 57.260912 46.706966 400
16384 2170 800 0 2207.972975 151.697475 0 0 0.000000 0.000000 37.958035 4.655627 5900
16384 2280 800 0 2243.088581 158.581985 0 1 0.000000 0.000000 39.339228 4.731999 5700
16384 2280 1100 0 458.613790 399.531103 315 0 0.146512 0.007626 22.648411 11.665003 2150
16384 2280 1500 0 313.192956 145.640852 242 0 0.345714 0.017976 38.191651 18.452208 700
16384 2280 3000 0 321.182620 128.592712 163 0 0.543333 0.028759 65.623854 22.766670 300
16384 2280 900 0 2665.231099 270.747946 0 0 0.000000 0.000000 48.149812 6.931017 4700
16384 2390 800 0 2279.928725 158.463489 0 0 0.000000 0.000000 40.724065 4.834499 5500
16384 2390 900 0 2738.169146 292.479462 0 0 0.000000 0.000000 53.622006 7.336694 4250
16384 2390 1500 0 363.573886 219.974331 235 0 0.391667 0.019928 46.054512 26.930240 600
16384 2390 3000 0 429.465842 470.627155 154 0 0.616000 0.030760 84.816250 77.606384 250
16384 2390 1100 0 491.206003 407.035954 325 0 0.203125 0.010058 26.047578 12.602842 1600
16384 2500 800 0 2323.605867 165.719591 0 0 0.000000 0.000000 42.048627 5.056393 5350
16384 2500 900 0 2810.392968 301.780736 0 0 0.000000 0.000000 52.874884 7.742536 4300
16384 2500 1100 0 549.583469 430.941915 326 0 0.296364 0.013769 30.495341 14.692686 1100
16384 2500 3000 0 451.271477 184.556911 127 0 0.635000 0.034042 95.877233 38.728277 200
16384 2500 1500 0 462.653643 572.652287 222 0 0.444000 0.022220 57.777230 70.429110 500
16384 2610 800 0 2362.752666 173.702082 0 0 0.000000 0.000000 43.325445 5.206901 5200
16384 2610 900 0 2911.432888 337.717509 0 0 0.000000 0.000000 58.580336 8.138696 3900
16384 2610 1100 0 680.693009 612.001562 296 0 0.370000 0.017070 40.546617 37.574056 800
16384 2610 1500 0 547.513404 555.826157 222 0 0.555000 0.024848 71.620640 73.191673 400
16384 2610 3000 0 561.481133 342.708377 149 0 0.745000 0.030820 121.948353 71.950045 200
16384 2720 800 0 2412.529333 183.563274 0 0 0.000000 0.000000 44.638398 5.370368 5050
16384 2720 900 0 3033.150420 372.863925 4 0 0.001053 0.000526 60.015172 9.011433 3800
16384 2720 1100 0 758.409506 566.236924 302 0 0.464615 0.019562 49.015606 32.453166 650
16384 2720 1500 0 759.637202 992.731700 202 0 0.673333 0.027077 105.377643 152.973119 300
16384 2720 3000 0 888.451295 870.241621 125 0 0.833333 0.030429 193.933480 182.535368 150
16384 2830 900 0 3183.953823 467.848798 3 0 0.000857 0.000495 65.168226 10.255853 3500
16384 2830 1100 0 860.986947 599.086405 268 0 0.595556 0.023136 60.165890 41.537711 450
16384 2830 1500 0 862.294139 587.655955 190 0 0.760000 0.027011 117.883717 74.137839 250
16384 2830 3000 0 1731.796985 2168.526124 90 0 0.900000 0.030000 421.199300 542.856350 100
16384 2830 800 0 2458.413349 183.135274 0 0 0.000000 0.000000 46.279249 5.477369 4900
16384 2940 800 0 2526.863054 195.470375 0 0 0.000000 0.000000 48.084868 5.740209 4700
16384 2940 1100 0 1128.486313 944.063535 284 0 0.710000 0.022688 79.214034 67.590394 400
16384 2940 1500 0 1174.881373 1339.912169 173 0 0.865000 0.024164 162.699741 192.040472 200
16384 2940 3000 0 1443.040291 1052.430312 93 0 0.930000 0.025515 345.049286 256.364984 100
16384 2940 900 0 3399.443319 598.738713 13 0 0.004000 0.001107 69.704938 12.840596 3250
16384 3040 800 0 2591.551143 207.058752 0 0 0.000000 0.000000 50.465589 6.204156 4500
16384 3040 900 0 3676.969462 747.963558 47 0 0.015932 0.002305 76.898823 15.433566 2950
16384 3040 1500 0 1522.895274 921.922677 140 0 0.933333 0.020367 226.961400 131.256923 150
16384 3040 3000 0 2253.328834 1706.648792 98 0 0.980000 0.014000 567.419000 438.280000 100
16384 3040 1100 0 1501.511233 975.868684 254 0 0.846667 0.020802 128.738826 98.582984 300
16384 3150 800 0 2672.397189 224.246991 0 0 0.000000 0.000000 52.556071 6.403673 4300
16384 3150 900 0 4071.161637 948.368769 125 0 0.047170 0.004118 83.822680 19.670096 2650
16384 3150 1100 0 2220.507223 1690.026345 231 0 0.924000 0.016760 209.139316 191.540998 250
16384 3150 3000 0 6407.739653 0.000000 99 0 0.990000 0.009950 1652.194000 0.000000 100
16384 3150 1500 0 1380.768590 833.615001 148 0 0.986667 0.009365 236.935500 151.290500 150
16384 3260 800 0 2777.652087 257.854349 0 0 0.000000 0.000000 55.358940 6.997544 4100
16384 3260 900 0 4522.316345 1106.641756 319 0 0.148372 0.007666 97.626390 23.442992 2150
16384 3260 1100 0 1595.455461 1385.077641 238 0 0.952000 0.013520 157.757167 147.457923 250
16384 3260 1500 0 606.991673 0.000000 149 0 0.993333 0.006644 100.115000 0.000000 150
16384 3260 3000 0 nodata nodata 100 0 1.000000 0.000000 nodata nodata 100
16384 3370 800 0 2889.000326 293.764589 0 0 0.000000 0.000000 57.918702 7.502448 3950
16384 3370 900 0 5003.731614 1190.502403 603 0 0.325946 0.010898 103.773047 24.711854 1850
16384 3370 1100 0 2116.088005 1096.905870 244 0 0.976000 0.009680 211.824000 129.806330 250
16384 3370 1500 0 1007.085847 0.000000 149 0 0.993333 0.006644 154.189000 0.000000 150
16384 3370 3000 0 nodata nodata 50 0 1.000000 0.000000 nodata nodata 50
16384 3480 900 0 5491.050217 1243.668304 870 0 0.580000 0.012744 120.185187 26.847716 1500
16384 3480 1100 0 2443.840696 0.000000 199 0 0.995000 0.004987 128.187000 0.000000 200
16384 3480 1500 0 nodata nodata 150 0 1.000000 0.000000 nodata nodata 150
16384 3480 3000 0 nodata nodata 50 0 1.000000 0.000000 nodata nodata 50
16384 3480 800 0 3038.151891 363.723904 2 0 0.000533 0.000377 60.840850 8.630092 3750
16384 3590 800 0 3246.653178 457.492423 2 0 0.000571 0.000404 65.103155 10.177893 3500
16384 3590 1100 0 2441.869966 0.000000 199 0 0.995000 0.004987 276.422000 0.000000 200
16384 3590 1500 0 nodata nodata 150 0 1.000000 0.000000 nodata nodata 150
16384 3590 3000 0 nodata nodata 50 0 1.000000 0.000000 nodata nodata 50
16384 3590 900 0 5928.818280 1165.383380 1036 0 0.796923 0.011157 124.592742 25.348113 1300
16384 3700 800 0 3510.545626 640.561089 15 0 0.004545 0.001171 69.520056 12.725367 3300
16384 3700 900 0 6286.091044 1188.803759 979 0 0.932381 0.007749 138.938930 23.182679 1050
16384 3700 1500 0 nodata nodata 150 0 1.000000 0.000000 nodata nodata 150
16384 3700 3000 0 nodata nodata 50 0 1.000000 0.000000 nodata nodata 50
16384 3700 1100 0 nodata nodata 200 0 1.000000 0.000000 nodata nodata 200
16384 3810 800 0 3842.884269 803.846438 44 0 0.014915 0.002232 76.372093 15.938123 2950
16384 3810 900 0 6426.586091 976.848133 883 0 0.981111 0.004538 139.708941 22.886038 900
16384 3810 1100 0 nodata nodata 200 0 1.000000 0.000000 nodata nodata 200
16384 3810 3000 0 nodata nodata 50 0 1.000000 0.000000 nodata nodata 50
16384 3810 1500 0 nodata nodata 150 0 1.000000 0.000000 nodata nodata 150
16384 3910 800 0 4350.417572 1012.975673 151 0 0.059216 0.004674 87.047874 20.282366 2550
16384 3910 900 0 6139.179334 533.989675 746 0 0.994667 0.002660 139.644750 10.666303 750
16384 3910 1100 0 nodata nodata 200 0 1.000000 0.000000 nodata nodata 200
16384 3910 1500 0 nodata nodata 100 0 1.000000 0.000000 nodata nodata 100
16384 3910 3000 0 nodata nodata 50 0 1.000000 0.000000 nodata nodata 50
16384 4019 800 0 4821.014057 1137.531404 395 0 0.183721 0.008352 96.008153 22.227612 2150
16384 4019 900 0 nodata nodata 650 0 1.000000 0.000000 nodata nodata 650
16384 4019 1100 0 nodata nodata 200 0 1.000000 0.000000 nodata nodata 200
16384 4019 1500 0 nodata nodata 100 0 1.000000 0.000000 nodata nodata 100
16384 4019 3000 0 nodata nodata 50 0 1.000000 0.000000 nodata nodata 50
16384 4130 900 0 nodata nodata 600 0 1.000000 0.000000 nodata nodata 600
16384 4130 1100 0 nodata nodata 200 0 1.000000 0.000000 nodata nodata 200
16384 4130 1500 0 nodata nodata 100 0 1.000000 0.000000 nodata nodata 100
16384 4130 3000 0 nodata nodata 150 0 1.000000 0.000000 nodata nodata 150
16384 4130 800 0 5360.719882 1205.164225 684 0 0.380000 0.011441 108.688504 24.095062 1800
16384 4240 700 0 2893.624017 237.705451 0 0 0.000000 0.000000 38.164679 8.334522 6000
16384 4240 700 150 2894.067782 240.979684 0 0 0.000000 0.000000 40.209232 5.105314 5700
16384 4350 700 0 3001.291719 274.218403 0 0 0.000000 0.000000 39.837210 9.028929 5750
16384 4350 700 150 3005.713960 277.629573 0 0 0.000000 0.000000 42.531778 5.623875 5400
16384 4460 700 0 3144.348185 349.212951 0 1 0.000000 0.000000 42.411630 9.416040 5400
16384 4460 700 150 3143.739727 328.657340 1 0 0.000189 0.000189 43.422222 5.919256 5300
16384 4570 700 0 3325.919305 409.567319 1 0 0.000194 0.000194 44.576503 10.297554 5150
16384 4570 700 150 3318.867619 411.646785 1 0 0.000204 0.000204 47.269894 7.276857 4900
16384 4670 700 0 3576.295940 569.880041 5 0 0.001370 0.000612 63.810116 10.659911 3650
16384 4670 700 150 3561.389454 570.107283 12 0 0.002581 0.000744 49.443031 8.664323 4650
16384 4780 700 0 3870.395009 721.464098 22 0 0.006567 0.001396 69.075542 13.167277 3350
16384 4780 700 150 3851.215044 709.691379 35 0 0.007955 0.001339 52.085332 12.797611 4400
16384 4890 700 0 4250.761162 906.093122 70 0 0.022951 0.002711 75.472594 15.954947 3050
16384 4890 700 150 4234.192868 900.348480 102 0 0.025185 0.002462 56.520671 14.628946 4050
16384 5000 700 0 4721.777559 1040.828301 199 0 0.075094 0.005120 84.115914 17.913434 2650
16384 5000 700 150 4717.208913 1035.200976 287 0 0.082000 0.004638 63.258513 17.379522 3500
16384 5110 700 0 5261.907874 1153.298831 456 0 0.198261 0.008313 93.000184 19.754362 2300
16384 5110 700 150 5179.830505 1131.413280 625 0 0.204918 0.007309 69.972992 18.414020 3050
16384 5220 700 0 5639.096106 1153.577636 843 0 0.411220 0.010868 100.223162 20.153420 2050
16384 5220 700 150 5611.881546 1144.607007 1137 0 0.406071 0.009281 72.784315 19.135032 2800
16384 5330 700 0 5986.099058 1160.658442 1150 0 0.638889 0.011321 107.045308 20.196902 1800
16384 5330 700 150 6045.810796 1149.879632 1665 0 0.666000 0.009433 77.240371 19.557588 2500
16384 5440 700 0 6346.406452 1002.987612 1398 0 0.847273 0.008856 112.372187 18.179525 1650
16384 5440 700 150 6284.347355 1047.384510 1858 0 0.844545 0.007725 83.688819 19.486049 2200
16384 5540 700 0 6448.535377 1072.030769 1425 0 0.950000 0.005627 110.257053 17.658734 1500
16384 5540 700 150 6553.540981 1083.456936 1881 0 0.940500 0.005290 86.358092 19.319372 2000
16384 5650 700 0 6429.722969 1173.366297 1382 0 0.987143 0.003011 112.348944 21.291139 1400
16384 5650 700 150 6856.019901 555.751082 1430 0 0.986207 0.003063 112.166250 17.297061 1450
16384 5760 700 0 7067.244908 2.414091 1148 0 0.998261 0.001229 112.328000 20.605000 1150
16384 5760 700 150 6782.540930 1013.130833 1443 0 0.995172 0.001820 99.972143 19.424604 1450
16384 5870 700 0 nodata nodata 1050 0 1.000000 0.000000 nodata nodata 1050
16384 5870 700 150 7776.254276 0.000000 1099 0 0.999091 0.000909 149.824000 0.000000 1100
16384 5980 700 0 nodata nodata 950 0 1.000000 0.000000 nodata nodata 950
16384 5980 700 150 nodata nodata 1250 0 1.000000 0.000000 nodata nodata 1250
16384 6090 700 0 nodata nodata 900 0 1.000000 0.000000 nodata nodata 900
16384 6090 700 150 nodata nodata 950 0 1.000000 0.000000 nodata nodata 950
16384 6200 700 0 nodata nodata 800 0 1.000000 0.000000 nodata nodata 800
16384 6200 700 150 nodata nodata 1050 0 1.000000 0.000000 nodata nodata 1050
