# x0_trunc = 0.9049997324799766
# sigma_trunc = 0.17440697132173122
# lower_bound = 0.0001
# n  (P_BP-P_GAUSS)
0.0001 -0.08091800697919739
0.0051 0.05650673814330767
0.0101 -0.08839124034673373
0.0151 -0.015962469834911033
0.0201 0.02057049621790206
0.0251 0.029904227187701575
0.0301 0.018949758648313247
0.0351 -0.006823997304171845
0.0401 -0.043110974946344
0.0451 -0.0034992585544901793
0.0501 0.009755351645791032
0.0551 0.003129031555378495
0.0601 -0.018218256371595444
0.0651 -0.002703458455599569
0.0701 -0.0068021462179672304
0.0751 -0.02553835814711291
0.0801 -0.023446427941323133
0.0851 -0.009334096488088346
0.0901 -0.013593673826216028
0.0951 -0.0105950737645142
0.1001 -0.022957985588996175
0.1051 -0.014434924280073537
0.1101 -0.02213342159307922
0.1151 -0.01714469406866576
0.1201 -0.016229197746129128
0.1251 -0.019613197363182802
0.1301 -0.010340146954205553
0.1351 -0.01659192530490571
0.1401 -0.014928426773334882
0.1451 -0.015084258069811299
0.1501 -0.012725232460953582
0.1551 -0.01457237144505587
0.1601 -0.012562429174317215
0.1651 -0.01277011827922179
0.1701 -0.012623063661979949
0.1751 -0.010677925104035976
0.1801 -0.011209483515601604
0.1851 -0.01243515655630792
0.1901 -0.011358374687976392
0.1951 -0.011550856489754168
0.2001 -0.010642541740409798
0.2051 -0.010056535890631714
0.2101 -0.010762995191148537
0.2151 -0.010107583816699036
0.2201 -0.00950203169743805
0.2251 -0.00992499427145136
0.2301 -0.008899748871025105
0.2351 -0.009193910653439318
0.2401 -0.008828369305917884
0.2451 -0.008321036021500673
0.2501 -0.008588034915975073
0.2551 -0.007984382819790673
0.2601 -0.007992540994018742
0.2651 -0.007778504231428903
0.2701 -0.007526377034254903
0.2751 -0.007415920836729232
0.2801 -0.007076843150672596
0.2851 -0.007054147776047046
0.2901 -0.006650760452541653
0.2951 -0.006457774227563594
0.3001 -0.006369389330222125
0.3051 -0.006191817271212584
0.3101 -0.005987738635933427
0.3151 -0.005840769275486495
0.3201 -0.005601245586025004
0.3251 -0.0054281021460315495
0.3301 -0.005261576590991026
0.3351 -0.0051847285517684655
0.3401 -0.004950482360709799
0.3451 -0.004803135588006939
0.3501 -0.004660218626625185
0.3551 -0.00449129403818746
0.3601 -0.0043591652799169316
0.3651 -0.00422484945461337
0.3701 -0.004083764041810344
0.3751 -0.00391003928401035
0.3801 -0.0037876727493662576
0.3851 -0.0036442981613158077
0.3901 -0.0035152599262084734
0.3951 -0.0033788864664962047
0.4001 -0.0032353203899711364
0.4051 -0.003125777644928597
0.4101 -0.002994047676245258
0.4151 -0.0028803884072672857
0.4201 -0.0027621037409454948
0.4251 -0.0026525539465316727
0.4301 -0.002535115424265044
0.4351 -0.0024230542759123884
0.4401 -0.002318561997473067
0.4451 -0.0022018731308458845
0.4501 -0.0021044817254395813
0.4551 -0.0020061304458792372
0.4601 -0.0019081305781638057
0.4651 -0.0018052787536834783
0.4701 -0.0017171322592604075
0.4751 -0.001624676528030452
0.4801 -0.0015333284702468617
0.4851 -0.001449228163953704
0.4901 -0.001363637837513111
0.4951 -0.0012849114685842124
0.5001 -0.0012005252052206625
0.5051 -0.0011255076758883843
0.5101 -0.0010540349259021682
0.5151 -0.000981056014757514
0.5201 -0.0009068424253239697
0.5251 -0.0008398305254428675
0.5301 -0.0007717633010696234
0.5351 -0.0007069132973111732
0.5401 -0.0006465694294352767
0.5451 -0.0005857639826084993
0.5501 -0.0005285457527496615
0.5551 -0.00047214623389152735
0.5601 -0.00041772271168218295
0.5651 -0.00036611357866251753
0.5701 -0.00031483619862517596
0.5751 -0.00026651083862271724
0.5801 -0.0002198610088482005
0.5851 -0.00017510722786328082
0.5901 -0.0001333598364239329
0.5951 -9.191689553022477e-05
0.6001 -5.302284762742533e-05
0.6051 -1.6752033877467334e-05
0.6101 2.0527890542118603e-05
0.6151 5.328504569724902e-05
0.6201 8.565205626855545e-05
0.6251 0.00011678011949442346
0.6301 0.00014506192479585685
0.6351 0.0001727727348612335
0.6401 0.00019843339017145773
0.6451 0.00022298042066871523
0.6501 0.0002455435296557254
0.6551 0.000266310624504886
0.6601 0.0002863766611625382
0.6651 0.0003053522999591006
0.6701 0.0003216665516152368
0.6751 0.0003369739531048413
0.6801 0.00035155809482855725
0.6851 0.00036359087926952265
0.6901 0.00037508496028012167
0.6951 0.00038579932042668555
0.7001 0.0003944390279065358
0.7051 0.0004021496629099781
0.7101 0.0004079887981087434
0.7151 0.00041392362964686076
0.7201 0.00041741136196800127
0.7251 0.0004209077199414831
0.7301 0.0004223837511114738
0.7351 0.00042358097507536865
0.7401 0.0004232418356346992
0.7451 0.00042205358114137843
0.7501 0.00041968856665326114
0.7551 0.0004160755612467566
0.7601 0.00041186190535168177
0.7651 0.000406996931601063
0.7701 0.0004012716466721804
0.7751 0.0003942041636705628
0.7801 0.0003866292140473932
0.7851 0.0003782164384345288
0.7901 0.00036908028649183995
0.7951 0.00035907081157305324
0.8001 0.0003487119072406805
0.8051 0.00033746715246570265
0.8101 0.0003252175833051138
0.8151 0.00031309818202506954
0.8201 0.00029983764309319454
0.8251 0.00028617544024086124
0.8301 0.0002717325238396651
0.8351 0.00025733721719524313
0.8401 0.0002420360141205371
0.8451 0.00022633230417269358
0.8501 0.00021017507223359793
0.8551 0.0001938042306538206
0.8601 0.00017720023609319526
0.8651 0.00016001452081024952
0.8701 0.00014239779790480156
0.8751 0.00012491739076914992
0.8801 0.00010716462908223757
0.8851 8.904542429827217e-05
0.8901 7.072820221251327e-05
0.8951 5.216612284828155e-05
0.9001 3.35086450596272e-05
0.9051 1.5080422534547855e-05
0.9101 -3.5039213967525305e-06
0.9151 -2.2031650575168617e-05
0.9201 -4.100080012418884e-05
0.9251 -5.941540662436487e-05
0.9301 -7.827432000176494e-05
0.9351 -9.658531816901179e-05
0.9401 -0.00011485081572442468
0.9451 -0.0001328158923412809
0.9501 -0.00015074781464102837
0.9551 -0.00016848151863737437
0.9601 -0.00018625241249523093
0.9651 -0.0002032453353850243
0.9701 -0.0002202698811094558
0.9751 -0.00023643624561717376
0.9801 -0.00025279803540611894
0.9851 -0.0002684799801398059
0.9901 -0.0002833972256770132
0.9951 -0.0002981906159021388
1.0001 -0.0003126385562747979
1.0051 -0.00032598005950676087
1.0101 -0.00033935757399145515
1.0151 -0.00035157911868693883
1.0201 -0.00036365949119945455
1.0251 -0.00037445500894466797
1.0301 -0.00038539328799016106
1.0351 -0.0003948207391392275
1.0401 -0.00040401277116264745
1.0451 -0.0004119219542545205
1.0501 -0.0004190840082003421
1.0551 -0.00042576189427205005
1.0601 -0.0004311164624885447
1.0651 -0.0004355820594827691
1.0701 -0.00043952629863207814
1.0751 -0.0004416947304816938
1.0801 -0.0004431834454143768
1.0851 -0.0004439300064676537
1.0901 -0.00044317798965613217
1.0951 -0.00044162302067093283
1.1001 -0.000438263935623676
1.1051 -0.0004342359245018172
1.1101 -0.0004287113694671996
1.1151 -0.0004220781688500177
1.1201 -0.00041420720948434793
1.1251 -0.00040525506991818337
1.1301 -0.0003946521668376065
1.1351 -0.0003819585089903929
1.1401 -0.00036794031395238387
1.1451 -0.00035366183364511324
1.1501 -0.00033700917476990887
1.1551 -0.00031935880243747655
1.1601 -0.0002987093914744552
1.1651 -0.0002782764013471042
1.1701 -0.0002552215817559835
1.1751 -0.0002294736291849528
1.1801 -0.00020447803336028292
1.1851 -0.00017541788635709753
1.1901 -0.00014561381847146156
1.1951 -0.00011474906898484972
1.2001 -7.990604175101052e-05
1.2051 -4.469753368464936e-05
1.2101 -7.03789699979746e-06
1.2151 3.156929945506903e-05
1.2201 7.376035572637384e-05
1.2251 0.00011777880571202575
1.2301 0.0001634093169566912
1.2351 0.0002095335185549337
1.2401 0.00025911250912806873
1.2451 0.0003112715098098526
1.2501 0.0003659650992082607
1.2551 0.0004238819883054442
1.2601 0.00048281187988130235
1.2651 0.0005437211223678607
1.2701 0.0006074677590631351
1.2751 0.000670155004613435
1.2801 0.0007388253297847244
1.2851 0.0008111316664907569
1.2901 0.0008865978532598442
1.2951 0.0009615007237490774
1.3001 0.0010386909468957882
1.3051 0.0011172993847231424
1.3101 0.0012038220255711234
1.3151 0.0012864346560839861
1.3201 0.0013797638917716429
1.3251 0.0014706312221701796
1.3301 0.0015665783045479549
1.3351 0.0016668964537567294
1.3401 0.0017587245604766815
1.3451 0.0018648119633688698
1.3501 0.001977630735437807
1.3551 0.002082846290426929
1.3601 0.0021961056106766614
1.3651 0.0023041163395070077
1.3701 0.0024284767361843376
1.3751 0.0025573016335811256
1.3801 0.002683707767051795
1.3851 0.002808250431580774
1.3901 0.0029421152982248063
1.3951 0.0030659270953529655
1.4001 0.003214278633678083
1.4051 0.0033397981632785614
1.4101 0.003507259082469484
1.4151 0.0036306653192390813
1.4201 0.0037794129882963924
1.4251 0.003955130167091078
1.4301 0.004097029962059812
1.4351 0.004275602669533077
1.4401 0.0044189920018412885
1.4451 0.004612243293695197
1.4501 0.004772338485170936
1.4551 0.004942273229604127
1.4601 0.005151090960976478
1.4651 0.005328566366366544
1.4701 0.0055056316706052185
1.4751 0.005688660544302876
1.4801 0.005946316273161238
1.4851 0.006110452659713529
1.4901 0.006260258185344912
1.4951 0.006464424088844227
1.5001 0.006769804600127684
1.5051 0.007023158766466051
1.5101 0.007124911982439291
1.5151 0.00747364575457357
1.5201 0.00770575785451295
1.5251 0.007950279843912635
1.5301 0.008062008903039148
1.5351 0.008357022573833962
1.5401 0.008561055912552039
1.5451 0.008922626628986519
1.5501 0.00890740010625418
1.5551 0.009462442904165022
1.5601 0.009369843519443165
1.5651 0.010103041092062325
1.5701 0.009990982458341418
1.5751 0.010632478909553596
1.5801 0.010414154100067111
1.5851 0.011171915213286606
1.5901 0.011645873741576546
1.5951 0.011966897788788377
1.6001 0.012228894668511216
1.6051 0.012454245327385328
1.6101 0.012545355830637196
1.6151 0.012217998717096413
1.6201 0.01286626077613865
1.6251 0.014265108731085628
1.6301 0.013348957274729251
1.6351 0.013641632549159831
1.6401 0.014221295730040853
1.6451 0.013392518213321223
1.6501 0.01640379047778507
1.6551 0.017568455750773506
1.6601 0.01790585169330899
1.6651 0.018976607704699937
1.6701 0.016453632426044598
1.6751 0.018364817301019888
1.6801 0.020235174827665313
1.6851 0.014424793215028387
1.6901 0.02183777885647685
1.6951 0.012999934320156437
1.7001 0.02574457243690124
1.7051 0.02326131275722205
1.7101 0.019306773017663505
1.7151 0.015866442304704218
1.7201 0.015908899559689996
1.7251 0.023703615774000122
1.7301 0.01355301853396325
1.7351 0.016097646550281872
1.7401 0.0402920630287565
1.7451 0.0028347496774001942
1.7501 0.04211446770148156
1.7551 0.008766131416085414
1.7601 0.015463160832006216
1.7651 0.0021666610757253937
1.7701 0.05859758618648774
1.7751 -0.001111130060150038
1.7801 0.024844661475312127
1.7851 0.03589665076841463
1.7901 0.026542449974934997
1.7951 -0.010171664175199562
1.8001 -0.08299643211901322
1.8051 0.062794070695517
1.8101 -0.07541802010884227
1.8151 0.0733402225918007
1.8201 -0.16862862662689654
1.8251 -0.03327949953881832
1.8301 0.12502903680047378
1.8351 0.3103384231468189
1.8401 -0.2362870304428757
1.8451 -0.1090285401036587
1.8501 0.040289848684319125
1.8551 0.21563128858361255
1.8601 0.4216946197964179
1.8651 0.6640551337033368
1.8701 0.9493330399475922
1.8751 -1.0
1.8801 -1.0
1.8851 -1.0
1.8901 -1.0
1.8951 -1.0
1.9001 -1.0
1.9051 -1.0
1.9101 -1.0
1.9151 -1.0
1.9201 -1.0
1.9251 -1.0
1.9301 -1.0
1.9351 -1.0
1.9401 -1.0
1.9451 -1.0
1.9501 -1.0
1.9551 -1.0
1.9601 -1.0
1.9651 -1.0
1.9701 -1.0
1.9751 -1.0
1.9801 -1.0
1.9851 -1.0
1.9901 -1.0
