# x0_trunc = 0.9294016599915838
# sigma_trunc = 0.19030802687727902
# lower_bound = 0.0001
# n  P_GAUSS(n)
0.0001 1.3917291979806924e-05
0.0020919919919919917 1.4646335418265786e-05
0.004083983983983984 1.5411880416130058e-05
0.006075975975975975 1.6215662738398577e-05
0.008067967967967967 1.7059495881076914e-05
0.010059959959959959 1.7945274309718425e-05
0.01205195195195195 1.8874976821176147e-05
0.014043943943943942 1.9850670032708022e-05
0.016035935935935934 2.087451200269656e-05
0.018027927927927925 2.1948755987358706e-05
0.02001991991991992 2.307575433794432e-05
0.02201191191191191 2.4257962543040598e-05
0.0240039039039039 2.5497943420725415e-05
0.025995895895895894 2.6798371465436512e-05
0.027987887887887884 2.8162037354554456e-05
0.029979879879879878 2.9591852619824378e-05
0.03197187187187187 3.1090854488875763e-05
0.033963863863863866 3.2662210902231185e-05
0.03595585585585585 3.4309225711334944e-05
0.03794784784784785 3.603534406326698e-05
0.03993983983983984 3.7844157977947346e-05
0.04193183183183183 3.973941212378419e-05
0.04392382382382382 4.172500979785071e-05
0.045915815815815816 4.38050191168353e-05
0.0479078078078078 4.5983679425144214e-05
0.0498997997997998 4.826540792669388e-05
0.05189179179179179 5.065480654707239e-05
0.053883783783783785 5.3156669032909325e-05
0.05587577577577577 5.577598829543988e-05
0.05786776776776777 5.851796400540765e-05
0.05985975975975976 6.138801044660237e-05
0.06185175175175175 6.439176463549052e-05
0.06384374374374374 6.753509471455213e-05
0.06583573573573573 7.082410862709327e-05
0.06782772772772773 7.426516308146972e-05
0.06981971971971972 7.786487281280976e-05
0.0718117117117117 8.163012015049505e-05
0.0738037037037037 8.556806489980438e-05
0.07579569569569569 8.968615454630938e-05
0.07778768768768768 9.399213479174671e-05
0.07977967967967968 9.849406043027383e-05
0.08177167167167167 0.0001032003065741677
0.08376366366366365 0.00010811958023818885
0.08575565565565565 0.00011326093229198947
0.08774764764764764 0.00011863376979011428
0.08973963963963963 0.00012424786868929074
0.09173163163163163 0.00013011338696287302
0.09372362362362362 0.00013624087812244808
0.0957156156156156 0.00014264130515678208
0.0977076076076076 0.00014932605489842966
0.09969959959959959 0.00015630695282847583
0.10169159159159159 0.00016359627833004292
0.10368358358358358 0.00017120678040132524
0.10567557557557557 0.00017915169383907455
0.10766756756756757 0.00018744475590357326
0.10965955955955956 0.00019610022347631603
0.11165155155155154 0.00020513289072168986
0.11364354354354354 0.00021455810726413825
0.11563553553553553 0.00022439179689236007
0.11762752752752752 0.00023465047680227842
0.11961951951951952 0.00024535127739055556
0.1216115115115115 0.0002565119626106111
0.12360350350350349 0.0002681509509031573
0.12559549549549548 0.00028028733671339685
0.12758748748748747 0.0002929409126070765
0.12957947947947945 0.0003061321919977425
0.13157147147147144 0.0003198824324975558
0.13356346346346346 0.00033421365990412736
0.13555545545545544 0.00034914869283591117
0.13754744744744743 0.0003647111680287068
0.13953943943943942 0.0003809255663059151
0.1415314314314314 0.00039781723923517764
0.1435234234234234 0.0004154124364841081
0.1455154154154154 0.0004337383338878063
0.1475074074074074 0.0004528230622408563
0.14949939939939938 0.0004726957368265165
0.15149139139139137 0.0004933864876957997
0.15348338338338335 0.0005149264907090522
0.15547537537537534 0.0005373479993527238
0.15746736736736736 0.0005606843773438027
0.15945935935935934 0.0005849701320344764
0.16145135135135133 0.0006102409486293941
0.16344334334334332 0.0006365337252278477
0.1654353353353353 0.0006638866087030864
0.1674273273273273 0.0006923390314308044
0.1694193193193193 0.0007219317488787778
0.1714113113113113 0.0007527068780693773
0.17340330330330328 0.0007847079369265735
0.17539529529529527 0.0008179798845187846
0.17738728728728725 0.0008525691622088169
0.17937927927927924 0.0008885237357217565
0.18137127127127126 0.0009258931381415525
0.18336326326326324 0.000964728513846698
0.18535525525525523 0.001005082663395113
0.18734724724724722 0.00104701008936804
0.1893392392392392 0.0010905670431823982
0.1913312312312312 0.001135811572880733
0.1933232232232232 0.0011828035719074323
0.1953152152152152 0.0012316048288795389
0.19730720720720718 0.0012822790783600178
0.19929919919919917 0.001334892052640927
0.20129119119119115 0.001389511534543375
0.20328318318318317 0.0014462074112406938
0.20527517517517516 0.0015050517291107636
0.20726716716716714 0.0015661187496227213
0.20925915915915913 0.0016294850062628615
0.21125115115115112 0.0016952293625037594
0.2132431431431431 0.0017634330708201633
0.21523513513513512 0.001834179832754345
0.2172271271271271 0.0019075558600330177
0.2192191191191191 0.001983649936737188
0.22121111111111108 0.002062553482525417
0.22320310310310307 0.002144360616910345
0.22519509509509505 0.0022291682245872894
0.22718708708708707 0.002317076021813153
0.22917907907907906 0.002408186623832576
0.23117107107107104 0.002502605613347765
0.23316306306306303 0.0026004416100271657
0.23515505505505502 0.002701806341047224
0.237147047047047 0.002806814712660565
0.23913903903903902 0.002915584882782644
0.241131031031031 0.003028238334588022
0.243123023023023 0.0031448999511061856
0.24511501501501498 0.0032656980908055753
0.24710700700700697 0.003390764664153527
0.24909899899899896 0.003520235211138241
0.25109099099099097 0.003654248979738012
0.25308298298298293 0.0037929490053212524
0.25507497497497494 0.0039364821909598025
0.25706696696696696 0.0040849993886364
0.2590589589589589 0.004238655481325959
0.26105095095095093 0.004397609465928686
0.2630429429429429 0.004562024537031664
0.2650349349349349 0.004732068171473979
0.2670269269269269 0.004907912213688864
0.2690189189189189 0.00508973296179488
0.2710109109109109 0.005277711254406316
0.27300290290290286 0.0054720325581313935
0.27499489489489487 0.005672887055725276
0.27698688688688683 0.005880469734863088
0.27897887887887884 0.006094980477496127
0.28097087087087086 0.006316624149753204
0.2829628628628628 0.006545610692346529
0.28495485485485483 0.006782155211440479
0.2869468468468468 0.0070264780699387545
0.2889388388388388 0.007278804979144483
0.2909308308308308 0.007539367090745102
0.2929228228228228 0.007808401089072272
0.2949148148148148 0.008086149283585147
0.29690680680680676 0.008372859701522755
0.29889879879879877 0.008668786180669902
0.30089079079079073 0.008974188462178338
0.30288278278278274 0.009289332283383283
0.30487477477477476 0.009614489470552797
0.3068667667667667 0.009949938031505796
0.30885875875875873 0.01029596224803222
0.3108507507507507 0.010652852768046244
0.3128427427427427 0.011020906697402234
0.3148347347347347 0.01140042769129957
0.3168267267267267 0.011791726045201734
0.3188187187187187 0.012195118785191335
0.32081071071071066 0.012610929757681867
0.32280270270270267 0.013039489718403992
0.3247946946946947 0.01348113642058157
0.32678668668668664 0.01393621470221176
0.32877867867867866 0.014405076572359461
0.3307706706706706 0.014888081296375791
0.33276266266266263 0.015385595479946943
0.3347546546546546 0.015897993151877673
0.3367466466466466 0.0164256558455127
0.3387386386386386 0.016968972678694492
0.3407306306306306 0.017528340432156956
0.3427226226226226 0.018104163626249364
0.34471461461461456 0.01869685459588486
0.34670660660660657 0.019306833563604728
0.3486985985985986 0.019934528710647728
0.35069059059059055 0.020580376245911185
0.35268258258258256 0.02124482047269042
0.3546745745745745 0.02192831385307797
0.35666656656656653 0.022631317069904917
0.3586585585585585 0.023354299086103134
0.3606505505505505 0.024097737201366466
0.3626425425425425 0.024862117105985015
0.3646345345345345 0.025647932931728106
0.3666265265265265 0.026455687299646806
0.36861851851851846 0.027285891364666404
0.37061051051051047 0.028139064856838102
0.3726025025025025 0.029015736119117334
0.37459449449449445 0.029916442141533255
0.37658648648648646 0.030841728591615596
0.3785784784784784 0.0317921498409403
0.38057047047047043 0.032768268987656904
0.3825624624624624 0.033770657874857946
0.3845544544544544 0.03479989710464934
0.3865464464464464 0.03585657604778191
0.3885384384384384 0.036941292848700256
0.3905304304304304 0.0380546544258671
0.39252242242242236 0.03919727646721853
0.39451441441441437 0.040369783420606695
0.3965064064064064 0.04157280847908486
0.39849839839839835 0.04280699356088955
0.40049039039039036 0.044072989283975135
0.4024823823823823 0.04537145493495469
0.40447437437437433 0.04670305843230292
0.40646636636636635 0.04806847628367488
0.4084583583583583 0.049468393537196245
0.4104503503503503 0.050903503726580465
0.4124423423423423 0.052374508809929256
0.4144343343343343 0.05388211910207243
0.41642632632632626 0.055427053200306046
0.41841831831831827 0.05701003790338684
0.4204103103103103 0.0586318081236421
0.42240230230230225 0.06029310679205856
0.42439429429429426 0.061994684756210255
0.4263862862862862 0.06373730067089141
0.42837827827827824 0.06552172088132015
0.43037027027027025 0.06734871929878117
0.4323622622622622 0.06921907726857826
0.4343542542542542 0.0711335834301678
0.4363462462462462 0.07309303356935105
0.4383382382382382 0.07509823046240019
0.44033023023023016 0.0771499837120011
0.44232222222222217 0.07924910957489675
0.4443142142142142 0.08139643078111632
0.44630620620620615 0.08359277634468268
0.44829819819819816 0.08583898136569257
0.4502901901901901 0.08813588682366486
0.45228218218218214 0.0904843393620633
0.45427417417417415 0.09288519106389548
0.4562661661661661 0.09533929921830268
0.4582581581581581 0.09784752607805333
0.4602501501501501 0.10041073860786119
0.4622421421421421 0.1030298082234544
0.4642341341341341 0.10570561052132336
0.4662261261261261 0.10843902499908659
0.4682181181181181 0.11123093476641271
0.47021011011011005 0.11408222624644765
0.47220210210210206 0.116993788867701
0.474194094094094 0.1199665147463482
0.47618608608608604 0.12300129835891803
0.47817807807807805 0.1260990362053344
0.48017007007007 0.12926062646229428
0.482162062062062 0.13248696862696713
0.484154054054054 0.13577896315100796
0.486146046046046 0.13913751106488773
0.488138038038038 0.14256351359254554
0.49013003003003 0.1460578717563821
0.492122022022022 0.14962148597261676
0.49411401401401395 0.15325525563703904
0.49610600600600596 0.15696007870119796
0.4980979979979979 0.16073685123907439
0.50008998998999 0.1645864670042952
0.502081981981982 0.16850981697795564
0.5040739739739739 0.1725077889071242
0.5060659659659659 0.17658126683411304
0.5080579579579579 0.18073113061660812
0.5100499499499499 0.1849582554387592
0.5120419419419419 0.18926351131334662
0.5140339339339339 0.19364776257513927
0.5160259259259259 0.19811186736557806
0.5180179179179178 0.2026566771089283
0.5200099099099098 0.20728303598004622
0.5220019019019019 0.21199178036392402
0.5239938938938938 0.21678373830718142
0.5259858858858858 0.22165972896168962
0.5279778778778779 0.22662056202051148
0.5299698698698698 0.23166703714636436
0.5319618618618618 0.23679994339281724
0.5339538538538539 0.24202005861843984
0.5359458458458458 0.2473281488941421
0.5379378378378378 0.2527249679039432
0.5399298298298297 0.25821125633942316
0.5419218218218218 0.2637877412881241
0.5439138138138138 0.2694551356161698
0.5459058058058057 0.275214137345398
0.5478977977977978 0.28106542902528936
0.5498897897897898 0.2870096771000041
0.5518817817817817 0.2930475312708464
0.5538737737737737 0.29917962385447333
0.5558657657657657 0.3054065691371935
0.5578577577577577 0.3117289627256941
0.5598497497497497 0.3181473808945626
0.5618417417417417 0.32466237993095864
0.5638337337337337 0.3312744954768207
0.5658257257257256 0.33798424186898995
0.5678177177177176 0.344792111477648
0.5698097097097097 0.35169857404347205
0.5718017017017016 0.3587040760139215
0.5737936936936936 0.36580903987908386
0.5757856856856857 0.373013863507504
0.5777776776776776 0.380318919482443
0.5797696696696696 0.38772455443901693
0.5817616616616617 0.39523108840266563
0.5837536536536536 0.4028388141294237
0.5857456456456456 0.4105479964484653
0.5877376376376375 0.4183588716073981
0.5897296296296296 0.4262716466208027
0.5917216216216216 0.4342864986225004
0.5937136136136135 0.442403574222063
0.5957056056056056 0.4506229888660608
0.5976975975975976 0.4589448262045663
0.5996895895895895 0.4673691374634345
0.6016815815815815 0.47589594082287945
0.6036735735735735 0.4845252208028762
0.6056655655655655 0.49325692765592105
0.6076575575575575 0.5020909767676928
0.6096495495495495 0.5110272480661455
0.6116415415415415 0.5200655854395828
0.6136335335335334 0.5292057961642643
0.6156255255255255 0.5384476503420836
0.6176175175175175 0.5477908803488739
0.6196095095095094 0.5572351802938993
0.6216015015015014 0.5667802054910738
0.6235934934934935 0.5764255719424729
0.6255854854854854 0.5861708558346835
0.6275774774774774 0.5960155930485556
0.6295694694694695 0.605959278682896
0.6315614614614614 0.6160013665926678
0.6335534534534534 0.62614126894224
0.6355454454454453 0.6363783557742313
0.6375374374374374 0.6467119545944986
0.6395294294294294 0.657141349973805
0.6415214214214213 0.667665783166711
0.6435134134134134 0.678284451748212
0.6455054054054054 0.6889965092686569
0.6474973973973973 0.6998010649274662
0.6494893893893894 0.710697183266164
0.6514813813813813 0.7216838838812305
0.6534733733733733 0.7327601411572858
0.6554653653653653 0.7439248840210833
0.6574573573573573 0.7551769957168079
0.6594493493493493 0.7665153136031515
0.6614413413413412 0.7779386289726367
0.6634333333333333 0.7894456868936338
0.6654253253253253 0.8010351860755249
0.6674173173173172 0.8127057787574534
0.6694093093093092 0.8244560706210667
0.6714013013013013 0.8362846207276798
0.6733932932932932 0.8481899414802382
0.6753852852852852 0.860170498610486
0.6773772772772773 0.8722247111916889
0.6793692692692692 0.8843509516772751
0.6813612612612612 0.8965475459657428
0.6833532532532531 0.9088127734921461
0.6853452452452452 0.9211448673464747
0.6873372372372372 0.9335420144192194
0.6893292292292291 0.9460023555744032
0.6913212212212212 0.9585239858503243
0.6933132132132132 0.9711049546882646
0.6953052052052051 0.9837432661893784
0.6972971971971972 0.9964368793999645
0.6992891891891891 1.0091837086253048
0.7012811811811811 1.0219816237722423
0.7032731731731731 1.034828450720627
0.7052651651651651 1.0477219717237685
0.7072571571571571 1.0606599258379859
0.709249149149149 1.073640009381351
0.7112411411411411 1.0866598764216673
0.7132331331331331 1.0997171392937362
0.715225125125125 1.1128093691459273
0.717217117117117 1.125934096516032
0.7192091091091091 1.1390888119363947
0.721201101101101 1.1522709665682427
0.723193093093093 1.1654779728651679
0.7251850850850851 1.1787072052656402
0.727177077077077 1.1919560009144379
0.729169069069069 1.2052216604128585
0.731161061061061 1.2185014485975258
0.733153053053053 1.2317925953476085
0.735145045045045 1.245092296420235
0.7371370370370369 1.258397714313855
0.739129029029029 1.2717059791592875
0.741121021021021 1.285014189638166
0.7431130130130129 1.2983194139284648
0.745105005005005 1.3116186906767686
0.7470969969969969 1.3249090299969164
0.7490889889889889 1.3381874144946502
0.7510809809809809 1.3514508003178376
0.7530729729729729 1.3646961182318484
0.7550649649649649 1.3779202747196144
0.7570569569569569 1.391120153105908
0.7590489489489489 1.4042926147053139
0.7610409409409409 1.4174344999933775
0.7630329329329328 1.4305426298003834
0.7650249249249248 1.4436138065271684
0.7670169169169169 1.4566448153824034
0.7690089089089088 1.4696324256406914
0.7710009009009008 1.4825733919208737
0.7729928928928929 1.49546445548386
0.7749848848848848 1.5083023455493036
0.7769768768768768 1.521083780630433
0.7789688688688688 1.5338054698862937
0.7809608608608608 1.546464114490676
0.7829528528528528 1.5590564090169576
0.7849448448448447 1.5715790428380807
0.7869368368368368 1.584028701540868
0.7889288288288288 1.5964020683538533
0.7909208208208207 1.6086958255878068
0.7929128128128128 1.620906656088089
0.7949048048048047 1.6330312446979764
0.7968967967967967 1.6450662797320812
0.7988887887887887 1.6570084544589565
0.8008807807807807 1.668854468591993
0.8028727727727727 1.6806010297876712
0.8048647647647647 1.6922448551502476
0.8068567567567567 1.7037826727419125
0.8088487487487487 1.7152112230974774
0.8108407407407406 1.726527260742612
0.8128327327327327 1.7377275557146656
0.8148247247247247 1.748808895085071
0.8168167167167166 1.759768084482358
0.8188087087087086 1.7706019496147551
0.8208007007007007 1.7813073377913908
0.8227926926926926 1.7918811194410669
0.8247846846846846 1.8023201896276044
0.8267766766766766 1.8126214695607263
0.8287686686686686 1.8227819081014627
0.8307606606606606 1.832798483261056
0.8327526526526525 1.842668203692333
0.8347446446446446 1.852388110172531
0.8367366366366366 1.861955277076535
0.8387286286286285 1.8713668138395267
0.8407206206206206 1.8806198664080056
0.8427126126126125 1.8897116186781737
0.8447046046046045 1.8986392939206769
0.8466965965965966 1.90740015619069
0.8486885885885885 1.9159915117223418
0.8506805805805805 1.924410710306505
0.8526725725725725 1.9326551466509425
0.8546645645645645 1.9407222617218554
0.8566565565565565 1.948609544065852
0.8586485485485484 1.9563145311113976
0.8606405405405405 1.9638348104487868
0.8626325325325325 1.971168021087719
0.8646245245245244 1.9783118546915581
0.8666165165165164 1.985264056787371
0.8686085085085085 1.9920224279508583
0.8706005005005004 1.99858482496531
0.8725924924924924 2.0049491619537263
0.8745844844844844 2.0111134114832723
0.8765764764764764 2.0170756056412404
0.8785684684684684 2.0228338370817305
0.8805604604604603 2.028386260042264
0.8825524524524524 2.033731091329573
0.8845444444444444 2.038866611273828
0.8865364364364363 2.0437911646505906
0.8885284284284284 2.048503161569803
0.8905204204204203 2.053001078331134
0.8925124124124123 2.057283458245053
0.8945044044044044 2.0613489124190005
0.8964963963963963 2.065196120508066
0.8984883883883883 2.0688238314296057
0.9004803803803803 2.072230864041261
0.9024723723723723 2.075416107781853
0.9044643643643643 2.0783785232746785
0.9064563563563562 2.0811171428927455
0.9084483483483483 2.083631071285509
0.9104403403403403 2.0859194858667194
0.9124323323323322 2.0879816372630016
0.9144243243243242 2.089816849722825
0.9164163163163163 2.0914245214855547
0.9184083083083082 2.0928041251102965
0.9204003003003002 2.0939552077642904
0.9223922922922922 2.0948773914706234
0.9243842842842842 2.095570373315084
0.9263762762762762 2.096033925611986
0.9283682682682682 2.096267896028845
0.9303602602602602 2.0962722076698093
0.9323522522522522 2.0960468591177768
0.9343442442442441 2.0955919244351726
0.9363362362362362 2.094907553123382
0.9383282282282281 2.0939939700408696
0.9403202202202201 2.092851475280053
0.9423122122122122 2.0914804440030164
0.9443042042042041 2.0898813262362
0.9462961961961961 2.0880546466242125
0.948288188188188 2.086001004142965
0.9502801801801801 2.083721071772339
0.9522721721721721 2.0812155961286396
0.954264164164164 2.0784853970571215
0.9562561561561561 2.0755313671848845
0.9582481481481481 2.072354471434503
0.96024014014014 2.068955746498732
0.9622321321321321 2.065336300276719
0.9642241241241241 2.0614973112721233
0.966216116116116 2.0574400279536276
0.968208108108108 2.0531657680782995
0.9702001001001 2.048675917978345
0.972192092092092 2.0439719318117717
0.974184084084084 2.039055330777536
0.976176076076076 2.033927702295776
0.978168068068068 2.0285906991537344
0.98016006006006 2.0230460386180247
0.9821520520520519 2.0172955015139014
0.984144044044044 2.011340931272232
0.986136036036036 2.00518423294488
0.9881280280280279 1.998827372189234
0.99012002002002 1.992272374222642
0.9921120120120119 1.9855213227475363
0.9941040040040039 1.9785763588480316
0.9960959959959959 1.971439679858828
0.9980879879879879 1.9641135382072492
1.00007997997998 1.9566002402292706
1.002071971971972 1.948902144960408
1.004063963963964 1.9410216629023491
1.0060559559559559 1.9329612547662394
1.0080479479479478 1.9247234301935325
1.0100399399399398 1.9163107464553304
1.0120319319319317 1.9077258071311682
1.014023923923924 1.8989712607681837
1.016015915915916 1.8900497995216499
1.0180079079079078 1.8809641577778327
1.0199998998998998 1.8717171107601713
1.0219918918918918 1.8623114731197608
1.0239838838838837 1.852750097511147
1.0259758758758757 1.8430358731544345
1.0279678678678679 1.8331717243847174
1.0299598598598598 1.823160609189859
1.0319518518518518 1.8130055177376194
1.0339438438438437 1.802709470893183
1.0359358358358357 1.7922755187280817
1.0379278278278277 1.7817067390215573
1.0399198198198196 1.771006235755382
1.0419118118118118 1.760177137603158
1.0439038038038038 1.749222596415131
1.0458957957957957 1.7381457856995144
1.0478877877877877 1.7269498991013716
1.0498797797797796 1.7156381488800414
1.0518717717717716 1.7042137643861266
1.0538637637637636 1.6926799905390448
1.0558557557557557 1.6810400863061337
1.0578477477477477 1.6692973231842996
1.0598397397397397 1.6574549836851757
1.0618317317317316 1.6455163598247784
1.0638237237237236 1.6334847516185989
1.0658157157157155 1.6213634655830915
1.0678077077077077 1.609155813244486
1.0697996996996997 1.5968651096558546
1.0717916916916916 1.5844946719233273
1.0737836836836836 1.5720478177423756
1.0757756756756756 1.5595278639450267
1.0777676676676675 1.5469381250588834
1.0797596596596595 1.5342819118787983
1.0817516516516517 1.521562530052036
1.0837436436436436 1.508783278677746
1.0857356356356356 1.4959474489215325
1.0877276276276275 1.4830583226459197
1.0897196196196195 1.4701191710574655
1.0917116116116115 1.4571332533712689
1.0937036036036034 1.4441038154935968
1.0956955955955956 1.4310340887233286
1.0976875875875876 1.4179272884729204
1.0996795795795795 1.4047866130095175
1.1016715715715715 1.3916152422168937
1.1036635635635634 1.378416336378813
1.1056555555555554 1.365193034984419
1.1076475475475474 1.3519484555562242
1.1096395395395395 1.338685692501255
1.1116315315315315 1.3254078159858835
1.1136235235235235 1.3121178708348402
1.1156155155155154 1.2988188754549066
1.1176075075075074 1.2855138207837364
1.1195994994994993 1.272205669264247
1.1215914914914913 1.2588973538449841
1.1235834834834835 1.245591777006857
1.1255754754754754 1.2322918098166071
1.1275674674674674 1.2190002910073319
1.1295594594594593 1.2057200260864098
1.1315514514514513 1.1924537864710893
1.1335434434434433 1.1792043086520232
1.1355354354354352 1.1659742933849875
1.1375274274274274 1.1527664049109987
1.1395194194194194 1.139583270205037
1.1415114114114113 1.1264274782535215
1.1435034034034033 1.1133015793607124
1.1454953953953952 1.1002080844841409
1.1474873873873872 1.0871494645991773
1.1494793793793794 1.0741281500928073
1.1514713713713713 1.0611465301866776
1.1534633633633633 1.0482069523894229
1.1554553553553553 1.0353117219783035
1.1574473473473472 1.0224631015101224
1.1594393393393392 1.009663310361391
1.1614313313313311 0.9969145242976815
1.1634233233233233 0.9842188750720821
1.1654153153153153 0.9715784500526693
1.1674073073073072 0.9589952918788417
1.1693992992992992 0.9464713981464103
1.1713912912912912 0.9340087211212539
1.1733832832832831 0.9216091674813707
1.175375275275275 0.9092745980871149
1.1773672672672673 0.8970068277794045
1.1793592592592592 0.8848076252056634
1.1813512512512512 0.8726787126732191
1.1833432432432431 0.8606217660299126
1.185335235235235 0.848638414571607
1.187327227227227 0.8367302409762903
1.189319219219219 0.8248987812644514
1.1913112112112112 0.8131455247853884
1.1933032032032032 0.8014719142290977
1.1952951951951951 0.7898793456633579
1.197287187187187 0.7783691685956522
1.199279179179179 0.7669426860595101
1.201271171171171 0.7556011547248692
1.203263163163163 0.7443457850320313
1.2052551551551551 0.7331777413487818
1.207247147147147 0.7220981421502283
1.209239139139139 0.7111080602208916
1.211231131131131 0.7002085228786036
1.213223123123123 0.6894005122197177
1.215215115115115 0.678684965385157
1.2172071071071071 0.668062774846804
1.219199099099099 0.6575347887137385
1.221191091091091 0.6471018110577965
1.223183083083083 0.6367646022579612
1.225175075075075 0.626523879363045
1.227167067067067 0.6163803164721443
1.2291590590590589 0.6063345451323313
1.231151051051051 0.596387154753052
1.233143043043043 0.5865386930366863
1.235135035035035 0.5767896664247183
1.237127027027027 0.5671405405589871
1.2391190190190189 0.557591740757454
1.2411110110110108 0.5481436525039407
1.2431030030030028 0.5387966219512846
1.245094994994995 0.5295509564373545
1.247086986986987 0.5204069250133826
1.249078978978979 0.5113647589840402
1.2510709709709709 0.5024246524587241
1.2530629629629628 0.49358676291348635
1.2550549549549548 0.48485121176306417
1.2570469469469467 0.4762180849424549
1.259038938938939 0.4676874334974938
1.2610309309309309 0.45925927418389373
1.2630229229229228 0.4509335900741885
1.2650149149149148 0.44271033117206987
1.2670069069069068 0.4345894150335625
1.2689988988988987 0.4265707273945183
1.2709908908908907 0.41865412280390385
1.2729828828828829 0.41083942526236267
1.2749748748748748 0.4031264288655436
1.2769668668668668 0.3955148984516731
1.2789588588588587 0.3880045702528925
1.2809508508508507 0.38059515254984727
1.2829428428428427 0.37328632632904873
1.2849348348348346 0.366077745942527
1.2869268268268268 0.3589690397693007
1.2889188188188188 0.35195981087820105
1.2909108108108107 0.34504963769158264
1.2929028028028027 0.33823807464948946
1.2948947947947946 0.3315246528738166
1.2968867867867866 0.32490888083204866
1.2988787787787788 0.3183902450001426
1.3008707707707707 0.31196821052414925
1.3028627627627627 0.30564222188015533
1.3048547547547547 0.29941170353216634
1.3068467467467466 0.2932760605875302
1.3088387387387386 0.2872346794495328
1.3108307307307305 0.2812869284667956
1.3128227227227227 0.2754321585791175
1.3148147147147147 0.26966970395942064
1.3168067067067066 0.26399888265144933
1.3187986986986986 0.2584189972029127
1.3207906906906905 0.25292933529374306
1.3227826826826825 0.24752917035916686
1.3247746746746745 0.24221776220729457
1.3267666666666666 0.23699435763094193
1.3287586586586586 0.23185819101341176
1.3307506506506506 0.22680848492796316
1.3327426426426425 0.22184445073072762
1.3347346346346345 0.2169652891468166
1.3367266266266264 0.21217019084939426
1.3387186186186184 0.2074583370314921
1.3407106106106106 0.2028288999703505
1.3427026026026025 0.19828104358409163
1.3446945945945945 0.1938139239805214
1.3466865865865865 0.1894266899978933
1.3486785785785784 0.18511848373745138
1.3506705705705704 0.18088844108759744
1.3526625625625623 0.17673569223953003
1.3546545545545545 0.17265936219421238
1.3566465465465465 0.16865857126054234
1.3586385385385384 0.16473243554459702
1.3606305305305304 0.16088006742984415
1.3626225225225224 0.15710057604821692
1.3646145145145143 0.15339306774195746
1.3666065065065063 0.14975664651614604
1.3685984984984985 0.14619041448183995
1.3705904904904904 0.1426934722897586
1.3725824824824824 0.13926491955445094
1.3745744744744743 0.13590385526890467
1.3765664664664663 0.13260937820954996
1.3785584584584583 0.12938058733162958
1.3805504504504504 0.1262165821549074
1.3825424424424424 0.12311646313970412
1.3845344344344344 0.12007933205324589
1.3865264264264263 0.11710429232632912
1.3885184184184183 0.11419044940030613
1.3905104104104102 0.11133691106440514
1.3925024024024022 0.10854278778340541
1.3944943943943944 0.10580719301569395
1.3964863863863863 0.10312924352174077
1.3984783783783783 0.10050805966302662
1.4004703703703703 0.0979427656914774
1.4024623623623622 0.09543249002945295
1.4044543543543542 0.0929763655403483
1.4064463463463461 0.09057352978987539
1.4084383383383383 0.08822312529808927
1.4104303303303303 0.08592429978223898
1.4124223223223222 0.08367620639051676
1.4144143143143142 0.08147800392679579
1.4164063063063062 0.07932885706644198
1.418398298298298 0.07722793656329359
1.42039029029029 0.07517441944790851
1.4223822822822823 0.07316748921717856
1.4243742742742742 0.07120633601541763
1.4263662662662662 0.06929015680703274
1.4283582582582581 0.06741815554089119
1.43035025025025 0.06558954330649858
1.432342242242242 0.06380353848210818
1.434334234234234 0.06205936687488272
1.4363262262262262 0.06035626185323322
1.4383182182182181 0.05869346447146367
1.44031021021021 0.05707022358684737
1.442302202202202 0.05548579596927177
1.444294194194194 0.053939446403580824
1.446286186186186 0.05243044778475392
1.448278178178178 0.05095808120605632
1.4502701701701701 0.04952163604030034
1.452262162162162 0.04812041001435923
1.454254154154154 0.046753709277071065
1.456246146146146 0.04542084846067909
1.458238138138138 0.04412115073594897
1.46023013013013 0.042853947861107744
1.462222122122122 0.041618580224748424
1.464214114114114 0.04041439688284655
1.466206106106106 0.039240755590030534
1.468198098098098 0.03809702282525573
1.47019009009009 0.03698257381202341
1.472182082082082 0.03589679253329271
1.4741740740740739 0.03483907174122879
1.476166066066066 0.03380881296193287
1.478158058058058 0.0328054264952989
1.48015005005005 0.031828331410138536
1.482142042042042 0.03087695553471987
1.4841340340340339 0.02995073544286056
1.4861260260260258 0.029049116435717608
1.4881180180180178 0.028171552519413674
1.49011001001001 0.0273175063786393
1.492102002002002 0.026486449346370303
1.494093993993994 0.025677861369835048
1.4960859859859859 0.024891230972870087
1.4980779779779778 0.02412605521479634
1.5000699699699698 0.023381839645949393
1.5020619619619617 0.02265809825999518
1.504053953953954 0.021954353443160733
1.5060459459459459 0.02127013592050819
1.5080379379379378 0.020604984699377295
1.5100299299299298 0.01995844701012256
1.5120219219219218 0.019330078244266618
1.5140139139139137 0.018719441890190838
1.5160059059059057 0.018126109466482007
1.5179978978978979 0.017549660453052417
1.5199898898898898 0.016989682220147503
1.5219818818818818 0.016445769955354697
1.5239738738738737 0.01591752658872352
1.5259658658658657 0.015404562716106358
1.5279578578578576 0.014906496520825789
1.5299498498498496 0.014422953693773305
1.5319418418418418 0.013953567352041433
1.5339338338338337 0.013497977956189455
1.5359258258258257 0.01305583322624017
1.5379178178178177 0.012626788056503833
1.5399098098098096 0.012210504429322287
1.5419018018018016 0.011806651327824514
1.5438937937937938 0.011414904647782264
1.5458857857857857 0.011034947108653053
1.5478777777777777 0.010666468163894015
1.5498697697697696 0.01030916391062938
1.5518617617617616 0.009962736998751427
1.5538537537537536 0.009626896539532321
1.5558457457457455 0.009301358013822423
1.5578377377377377 0.008985843179908236
1.5598297297297297 0.008680079981101334
1.5618217217217216 0.008383802453126187
1.5638137137137136 0.008096750631374789
1.5658057057057055 0.007818670458091384
1.5677976976976975 0.007549313689550488
1.5697896896896895 0.007288437803287798
1.5717816816816816 0.00703580590544241
1.5737736736736736 0.006791186638266507
1.5757656656656656 0.006554354087855796
1.5777576576576575 0.0063250876921535325
1.5797496496496495 0.006103172149277395
1.5817416416416414 0.005888397326217325
1.5837336336336334 0.0056805581679503815
1.5857256256256256 0.005479454607016648
1.5877176176176175 0.005284891473598297
1.5897096096096095 0.005096678406142023
1.5917016016016015 0.004914629762563607
1.5936935935935934 0.004738564532070965
1.5956855855855854 0.0045683062476407
1.5976775775775773 0.004403682899181304
1.5996695695695695 0.004244526847414472
1.6016615615615615 0.0040906747385043435
1.6036535535535534 0.003941967419462604
1.6056455455455454 0.0037982498543563383
1.6076375375375374 0.003659371041343374
1.6096295295295293 0.0035251839305586166
1.6116215215215215 0.003395545342873375
1.6136135135135135 0.003270315889548177
1.6156055055055054 0.0031493598927980243
1.6175974974974974 0.003032545307288048
1.6195894894894893 0.002919743642575569
1.6215814814814813 0.002810829886513873
1.6235734734734732 0.002705682429631242
1.6255654654654654 0.0026041829904978535
1.6275574574574574 0.0025062165420918253
1.6295494494494493 0.0024116712391743992
1.6315414414414413 0.0023204383466834517
1.6335334334334333 0.0022324121691530115
1.6355254254254252 0.0021474899811657288
1.6375174174174172 0.00206557195884394
1.6395094094094094 0.0019865611123842056
1.6415014014014013 0.0019103632196391478
1.6434933933933933 0.00183688676074923
1.6454853853853852 0.0017660428538268135
1.6474773773773772 0.0016977451916932828
1.6494693693693692 0.0016319099796696713
1.6514613613613611 0.001568455874420232
1.6534533533533533 0.0015073039238476151
1.6554453453453453 0.0014483775080376589
1.6574373373373372 0.0013916022812509785
1.6594293293293292 0.0013369061149579905
1.6614213213213211 0.0012842190419132657
1.663413313313313 0.0012334732012644568
1.665405305305305 0.0011846027846905934
1.6673972972972972 0.0011375439835637961
1.6693892892892892 0.0010922349371281022
1.6713812812812812 0.0010486156816883559
1.6733732732732731 0.0010066281008019287
1.675365265265265 0.000966215876465296
1.677357257257257 0.0009273244412872209
1.679349249249249 0.0008899009316398461
1.6813412412412412 0.000853894141778614
1.6833332332332331 0.0008192544789215519
1.685325225225225 0.0007859339192781267
1.687317217217217 0.0007538859650175966
1.689309209209209 0.0007230656021664257
1.691301201201201 0.0006934292594240997
1.6932931931931932 0.0006649347678864002
1.6952851851851851 0.0006375413216649772
1.697277177177177 0.0006112094393918331
1.699269169169169 0.0005859009265971293
1.701261161161161 0.0005615788389485697
1.703253153153153 0.0005382074463404328
1.705245145145145 0.0005157521978201669
1.707237137137137 0.0004941796873403842
1.709229129129129 0.000473457620323927
1.711221121121121 0.0004535547810295752
1.713213113113113 0.00043444100070597405
1.715205105105105 0.000416087126521139
1.717197097097097 0.00039846499125500105
1.7191890890890889 0.0003815473837422807
1.721181081081081 0.0003653080200530348
1.723173073073073 0.0003497215153981858
1.725165065065065 0.00033476335674728457
1.727157057057057 0.00032040987614584664
1.7291490490490489 0.00030663822471956975
1.7311410410410408 0.00029342634735274835
1.7331330330330328 0.00028075295802829943
1.735125025025025 0.0002685975158167898
1.737117017017017 0.0002569402015019753
1.7391090090090089 0.0002457618948303578
1.7411010010010008 0.0002350441523723958
1.7430929929929928 0.00022476918598305547
1.7450849849849848 0.00021491984184946334
1.7470769769769767 0.0002054795801135351
1.749068968968969 0.00019643245505755294
1.7510609609609609 0.00018776309584075333
1.7530529529529528 0.0001794566877750939
1.7550449449449448 0.00017149895412852664
1.7570369369369367 0.0001638761384441579
1.7590289289289287 0.00015657498736386204
1.7610209209209207 0.00014958273394500117
1.7630129129129128 0.00014288708145906846
1.7650049049049048 0.00013647618766118738
1.7669968968968968 0.0001303386495195441
1.7689888888888887 0.00012446348839399127
1.7709808808808807 0.0001188401356531784
1.7729728728728726 0.00011345841871973557
1.7749648648648648 0.0001083085475331826
1.7769568568568568 0.00010338110142038109
1.7789488488488487 9.866701636350855e-05
1.7809408408408407 9.415757265569692e-05
1.7829328328328327 8.98443829346164e-05
1.7849248248248246 8.571938058446617e-05
1.7869168168168166 8.177480849697674e-05
1.7889088088088088 7.800320818219688e-05
1.7909008008008007 7.439740922000506e-05
1.7928927927927927 7.095051904342666e-05
1.7948847847847846 6.765591304502612e-05
1.7968767767767766 6.450722499778711e-05
1.7988687687687686 6.14983377820558e-05
1.8008607607607605 5.86233744102984e-05
1.8028527527527527 5.587668934156296e-05
1.8048447447447447 5.3252860077719254e-05
1.8068367367367366 5.074667903368833e-05
1.8088287287287286 4.8353145674048524e-05
1.8108207207207205 4.606745890855722e-05
1.8128127127127125 4.3885009739278615e-05
1.8148047047047045 4.180137415217285e-05
1.8167966966966966 3.9812306246152573e-05
1.8187886886886886 3.791373159276382e-05
1.8207806806806806 3.6101740819801505e-05
1.8227726726726725 3.437258341232536e-05
1.8247646646646645 3.27226617246795e-05
1.8267566566566564 3.1148525197279425e-05
1.8287486486486484 2.9646864772062648e-05
1.8307406406406406 2.8214507500654512e-05
1.8327326326326325 2.684841133943401e-05
1.8347246246246245 2.5545660125827482e-05
1.8367166166166164 2.4303458730299644e-05
1.8387086086086084 2.3119128378640743e-05
1.8407006006006004 2.1990102139287884e-05
1.8426925925925923 2.0913920570550664e-05
1.8446845845845845 1.988822752273676e-05
1.8466765765765765 1.8910766090308954e-05
1.8486685685685684 1.79793747093219e-05
1.8506605605605604 1.709198339551935e-05
1.8526525525525523 1.6246610118589077e-05
1.8546445445445443 1.5441357308192958e-05
1.8566365365365365 1.467440848750998e-05
1.8586285285285284 1.3944025030141846e-05
1.8606205205205204 1.3248543036345392e-05
1.8626125125125124 1.2586370324668733e-05
1.8646045045045043 1.195598353517354e-05
1.8665964964964963 1.135592534053512e-05
1.8685884884884882 1.0784801761415931e-05
1.8705804804804804 1.0241279582609463e-05
1.8725724724724724 9.72408386655394e-06
1.8745644644644643 9.231995560910244e-06
1.8765564564564563 8.763849196997735e-06
1.8785484484484483 8.318530675973744e-06
1.8805404404404402 7.894975139733993e-06
1.8825324324324322 7.492164923602797e-06
1.8845244244244244 7.109127587967504e-06
1.8865164164164163 6.74493402609901e-06
1.8885084084084083 6.398696645482851e-06
1.8905004004004002 6.069567620067519e-06
1.8924923923923922 5.756737210916219e-06
1.8944843843843842 5.459432152826385e-06
1.8964763763763761 5.176914104556436e-06
1.8984683683683683 4.908478160374408e-06
1.9004603603603603 4.653451420713974e-06
1.9024523523523522 4.411191619794395e-06
1.9044443443443442 4.181085808129727e-06
1.9064363363363361 3.962549087918291e-06
1.908428328328328 3.755023399369225e-06
1.91042032032032 3.5579763560862003e-06
1.9124123123123122 3.3709001276889964e-06
1.9144043043043042 3.1933103679150065e-06
1.9163962962962962 3.0247451864992398e-06
1.9183882882882881 2.8647641631896263e-06
1.92038028028028 2.7129474023085806e-06
1.922372272272272 2.568894626325241e-06
1.9243642642642642 2.43222430695553e-06
1.9263562562562562 2.3025728323569248e-06
1.9283482482482481 2.179593709034165e-06
1.93034024024024 2.062956797120154e-06
1.932332232232232 1.9523475777418167e-06
1.934324224224224 1.8474664512260842e-06
1.936316216216216 1.748028064944712e-06
1.9383082082082081 1.6537606696384258e-06
1.9403002002002 1.5644055031025138e-06
1.942292192192192 1.4797162001550122e-06
1.944284184184184 1.3994582278477047e-06
1.946276176176176 1.3234083449171276e-06
1.948268168168168 1.2513540845089464e-06
1.95026016016016 1.1830932592443003e-06
1.952252152152152 1.1184334877302885e-06
1.954244144144144 1.0571917416499174e-06
1.956236136136136 9.99193912598397e-07
1.958228128128128 9.442743978635489e-07
1.96022012012012 8.922757043777441e-07
1.9622121121121119 8.430480700977521e-07
1.9642041041041038 7.964491020964624e-07
1.966196096096096 7.523434306776511e-07
1.968188088088088 7.106023788507959e-07
1.97018008008008 6.71103646528101e-07
1.972172072072072 6.337310088304115e-07
1.9741640640640639 5.983740279118727e-07
1.9761560560560558 5.649277777361426e-07
1.9781480480480478 5.332925812587199e-07
1.98014004004004 5.033737594911349e-07
1.982132032032032 4.750813919432566e-07
1.9841240240240239 4.483300879594972e-07
1.9861160160160158 4.2303876848390096e-07
1.9881080080080078 3.991304578073395e-07
1.9901 3.765320848677251e-07
