# x0_trunc = 0.9049997324799766
# sigma_trunc = 0.17440697132173122
# lower_bound = 0.0001
# n  P_GAUSS(n)
0.0001 3.264126620672567e-06
0.0020919919919919917 3.463178570291178e-06
0.004083983983983984 3.673889749757509e-06
0.006075975975975975 3.896912901265792e-06
0.008067967967967967 4.132935472575782e-06
0.010059959959959959 4.382681354259374e-06
0.01205195195195195 4.646912697799835e-06
0.014043943943943942 4.926431817975118e-06
0.016035935935935934 5.222083183084083e-06
0.018027927927927925 5.5347554967080605e-06
0.02001991991991992 5.865383874834858e-06
0.02201191191191191 6.21495212231423e-06
0.0240039039039039 6.584495112756736e-06
0.025995895895895894 6.975101276138167e-06
0.027987887887887884 7.387915198523008e-06
0.029979879879879878 7.824140338479802e-06
0.03197187187187187 8.285041864921084e-06
0.033963863863863866 8.771949621268294e-06
0.03595585585585585 9.286261221012512e-06
0.03794784784784785 9.82944527991766e-06
0.03993983983983984 1.040304479029212e-05
0.04193183183183183 1.1008680642941804e-05
0.04392382382382382 1.1648055302605141e-05
0.045915815815815816 1.2322956642866899e-05
0.0479078078078078 1.3035261946747082e-05
0.0498997997997998 1.3786942079365393e-05
0.05189179179179179 1.4580065839291441e-05
0.053883783783783785 1.541680449540596e-05
0.05587577577577577 1.6299436516318064e-05
0.05786776776776777 1.7230352499608278e-05
0.05985975975975976 1.8212060308396306e-05
0.06185175175175175 1.924719042297033e-05
0.06384374374374374 2.0338501515451334e-05
0.06583573573573573 2.1488886255714112e-05
0.06782772772772773 2.2701377357036998e-05
0.06981971971971972 2.3979153870207417e-05
0.0718117117117117 2.5325547735070938e-05
0.0738037037037037 2.6744050598779246e-05
0.07579569569569569 2.8238320910263488e-05
0.07778768768768768 2.981219130073251e-05
0.07977967967967968 3.146967626028189e-05
0.08177167167167167 3.321498012098244e-05
0.08376366366366365 3.5052505357107495e-05
0.08575565565565565 3.698686121345652e-05
0.08774764764764764 3.9022872673031745e-05
0.08973963963963963 4.116558977563054e-05
0.09173163163163163 4.342029729922339e-05
0.09372362362362362 4.5792524816304027e-05
0.0957156156156156 4.828805713771763e-05
0.0977076076076076 5.09129451567893e-05
0.09969959959959959 5.367351710690912e-05
0.10169159159159159 5.6576390246052394e-05
0.10368358358358358 5.962848298205495e-05
0.10567557557557557 6.283702745279196e-05
0.10766756756756757 6.62095825757546e-05
0.10965955955955956 6.97540475818594e-05
0.11165155155155154 7.347867604867218e-05
0.11364354354354354 7.739209044857053e-05
0.11563553553553553 8.150329722772554e-05
0.11762752752752752 8.582170243213139e-05
0.11961951951951952 9.035712789726518e-05
0.1216115115115115 9.51198280183086e-05
0.12360350350350349 0.00010012050711822694
0.12559549549549548 0.0001053703374313454
0.12758748748748747 0.0001108809777204229
0.12957947947947945 0.00011666459254557838
0.13157147147147144 0.00012273387220377403
0.13356346346346346 0.00012910205335791113
0.13555545545545544 0.00013578294037494567
0.13754744744744743 0.00014279092739278283
0.13953943943943942 0.00015014102113603426
0.1415314314314314 0.0001578488645010939
0.1435234234234234 0.0001659307609312825
0.1455154154154154 0.00017440369960318962
0.1475074074074074 0.0001832853814456162
0.14949939939939938 0.00019259424601288702
0.15149139139139137 0.00020234949923458298
0.15348338338338335 0.00021257114206405566
0.15547537537537534 0.00022328000004839178
0.15746736736736736 0.00023449775384276698
0.15945935935935934 0.00024624697069242204
0.16145135135135133 0.0002585511369057425
0.16344334334334332 0.00027143469134219506
0.1654353353353353 0.00028492305993909397
0.1674273273273273 0.00029904269130142844
0.1694193193193193 0.00031382109337915666
0.1714113113113113 0.0003292868712566176
0.17340330330330328 0.0003454697660788477
0.17539529529529527 0.0003624006951397743
0.17738728728728725 0.0003801117931574232
0.17937927927927924 0.0003986364547613491
0.18137127127127126 0.00041800937821767463
0.18336326326326324 0.0004382666104171275
0.18535525525525523 0.0004594455931516087
0.18734724724724722 0.00048158521070478254
0.1893392392392392 0.0005047258387822343
0.1913312312312312 0.0005289093948067349
0.1933232232232232 0.0005541793896040627
0.1953152152152152 0.0005805809805047861
0.19730720720720718 0.0006081610258873063
0.19929919919919917 0.0006369681411873419
0.20129119119119115 0.0006670527563987843
0.20328318318318317 0.0006984671750907726
0.20527517517517516 0.0007312656349654963
0.20726716716716714 0.0007655043699809839
0.20925915915915913 0.000801241674062828
0.21125115115115112 0.0008385379664284557
0.2132431431431431 0.0008774558585470897
0.21523513513513512 0.0009180602227581727
0.2172271271271271 0.0009604182625704837
0.2192191191191191 0.001004599584663692
0.22121111111111108 0.0010506762726134487
0.22320310310310307 0.001098722962360531
0.22519509509509505 0.0011488169194438587
0.22718708708708707 0.0012010381180164616
0.22917907907907906 0.0012554693216626468
0.23117107107107104 0.0013121961660338788
0.23316306306306303 0.0013713072433198306
0.23515505505505502 0.00143289418857024
0.237147047047047 0.0014970517678820699
0.23913903903903902 0.0015638779684654606
0.241131031031031 0.0016334740906008437
0.243123023023023 0.0017059448414981871
0.24511501501501498 0.0017813984310683392
0.24710700700700697 0.00185994666961489
0.24909899899899896 0.0019417050674535603
0.25109099099099097 0.002026792936464818
0.25308298298298293 0.0021153334935836068
0.25507497497497494 0.0022074539662287223
0.25706696696696696 0.0023032856996723374
0.2590589589589589 0.002402964266348808
0.26105095095095093 0.0025066295770995624
0.2630429429429429 0.0026144259943494137
0.2650349349349349 0.0027265024472072586
0.2670269269269269 0.002843012548482174
0.2690189189189189 0.0029641147136038183
0.2710109109109109 0.003089972281433714
0.27300290290290286 0.003220753636951553
0.27499489489489487 0.0033566323357984277
0.27698688688688683 0.0034977872306563734
0.27897887887887884 0.003644402599440744
0.28097087087087086 0.0037966682752797014
0.2829628628628628 0.003954779778251984
0.28495485485485483 0.004118938448851496
0.2869468468468468 0.004289351583144102
0.2889388388388388 0.0044662325695792975
0.2909308308308308 0.004649801027416093
0.2929228228228228 0.004840282946719282
0.2949148148148148 0.005037910829879209
0.29690680680680676 0.005242923834604354
0.29889879879879877 0.00545556791833328
0.30089079079079073 0.005676095984008166
0.30288278278278274 0.005904768027149245
0.30487477477477476 0.006141851284165332
0.3068667667667667 0.006387620381832038
0.30885875875875873 0.0066423574878655646
0.3108507507507507 0.006906352462515421
0.3128427427427427 0.00717990301109643
0.3148347347347347 0.0074633148373753145
0.3168267267267267 0.007756901797723511
0.3188187187187187 0.008060986055943653
0.32081071071071066 0.008375898238672701
0.32280270270270267 0.00870197759126044
0.3247946946946947 0.009039572134017465
0.32678668668668664 0.00938903881872267
0.32877867867867866 0.00975074368527539
0.3307706706706706 0.010125062018372667
0.33276266266266263 0.010512378504088088
0.3347546546546546 0.010913087386222884
0.3367466466466466 0.011327592622296608
0.3387386386386386 0.011756308039038427
0.3407306306306306 0.012199657487236795
0.3427226226226226 0.012658074995798846
0.34471461461461456 0.013132004924867461
0.34670660660660657 0.013621902117838073
0.3486985985985986 0.014128232052112506
0.35069059059059055 0.014651470988423029
0.35268258258258256 0.015192106118553423
0.3546745745745745 0.015750635711280506
0.35666656656656653 0.016327569256353196
0.3586585585585585 0.016923427606322722
0.3606505505505505 0.01753874311603121
0.3626425425425425 0.018174059779562234
0.3646345345345345 0.018829933364451396
0.3666265265265265 0.019506931542950717
0.36861851851851846 0.020205634020134644
0.37061051051051047 0.020926632658632836
0.3726025025025025 0.02167053159976832
0.37459449449449445 0.022437947380875713
0.37658648648648646 0.023229509048570834
0.3785784784784784 0.024045858267735642
0.38057047047047043 0.024887649425982424
0.3825624624624624 0.025755549733352125
0.3845544544544544 0.026650239317002028
0.3865464464464464 0.02757241131063048
0.3885384384384384 0.02852277193838471
0.3905304304304304 0.02950204059299372
0.39252242242242236 0.030510949907862496
0.39451441441441437 0.03155024582286445
0.3965064064064064 0.03262068764356134
0.39849839839839835 0.03372304809357957
0.40049039039039036 0.034858113359869054
0.4024823823823823 0.03602668313056434
0.40447437437437433 0.03722957062517204
0.40646636636636635 0.03846760261679784
0.4084583583583583 0.03974161944613227
0.4104503503503503 0.04105247502690682
0.4124423423423423 0.04240103684253259
0.4144343343343343 0.04378818593363327
0.41642632632632626 0.045214816876181035
0.41841831831831827 0.04668183774994418
0.4204103103103103 0.0481901700969552
0.42240230230230225 0.04974074886970684
0.42439429429429426 0.05133452236878351
0.4263862862862862 0.05297245216963805
0.42837827827827824 0.054655513038220346
0.43037027027027025 0.05638469283517006
0.4323622622622622 0.05816099240828345
0.4343542542542542 0.05998542547296722
0.4363462462462462 0.0618590184803953
0.4383382382382382 0.06378281047308483
0.44033023023023016 0.0657578529276122
0.44232222222222217 0.06778520958419314
0.4443142142142142 0.0698659562628514
0.44630620620620615 0.07200118066591062
0.44829819819819816 0.07419198216654027
0.4502901901901901 0.07643947158310015
0.45228218218218214 0.0787447709390249
0.45427417417417415 0.08110901320800092
0.4562661661661661 0.083533342044194
0.4582581581581581 0.08601891149728884
0.4602501501501501 0.08856688571211042
0.4622421421421421 0.09117843861260985
0.4642341341341341 0.09385475356999241
0.4662261261261261 0.09659702305479
0.4682181181181181 0.09940644827267504
0.47021011011011005 0.10228423878382953
0.47220210210210206 0.1052316121056927
0.474194094094094 0.10824979329891646
0.47618608608608604 0.11134001453637325
0.47817807807807805 0.11450351465506954
0.48017007007007 0.11774153869082939
0.482162062062062 0.1210553373956284
0.484154054054054 0.12444616673746399
0.486146046046046 0.12791528738266889
0.488138038038038 0.13146396416058262
0.49013003003003 0.13509346551051205
0.492122022022022 0.1388050629109264
0.49411401401401395 0.14260003029084586
0.49610600600600596 0.14647964342340078
0.4980979979979979 0.1504451793015509
0.50008998998999 0.15449791549597394
0.502081981981982 0.15863912949514547
0.5040739739739739 0.16287009802765498
0.5060659659659659 0.16719209636681207
0.5080579579579579 0.17160639761762556
0.5100499499499499 0.17611427198624388
0.5120419419419419 0.1807169860319783
0.5140339339339339 0.18541580190203696
0.5160259259259259 0.19021197654912098
0.5180179179179178 0.19510676093206283
0.5200099099099098 0.20010139919969103
0.5220019019019019 0.2051971278581388
0.5239938938938938 0.21039517492182933
0.5259858858858858 0.21569675904839533
0.5279778778778779 0.22110308865780504
0.5299698698698698 0.226615361035994
0.5319618618618618 0.23223476142332652
0.5339538538538539 0.23796246208822414
0.5359458458458458 0.2437996213863248
0.5379378378378378 0.24974738280556483
0.5399298298298297 0.2558068739975884
0.5419218218218218 0.2619792057959163
0.5439138138138138 0.2682654712213309
0.5459058058058057 0.27466674447495576
0.5478977977977978 0.2811840799195264
0.5498897897897898 0.2878185110493778
0.5518817817817817 0.29457104944969853
0.5538737737737737 0.30144268374561534
0.5558657657657657 0.3084343785417025
0.5578577577577577 0.31554707335253124
0.5598497497497497 0.32278168152490005
0.5618417417417417 0.3301390891523989
0.5638337337337337 0.33762015398299433
0.5658257257257256 0.34522570432034416
0.5678177177177176 0.3529565379195576
0.5698097097097097 0.3608134208781605
0.5718017017017016 0.3687970865230254
0.5737936936936936 0.3769082342940666
0.5757856856856857 0.3851475286255037
0.5777776776776776 0.39351559782552514
0.5797696696696696 0.4020130329552118
0.5817616616616617 0.4106403867075812
0.5837536536536536 0.4193981722876429
0.5857456456456456 0.428286862294383
0.5877376376376375 0.43730688760558983
0.5897296296296296 0.4464586362664722
0.5917216216216216 0.4557424523830238
0.5937136136136135 0.4651586350211178
0.5957056056056056 0.47470743711231184
0.5976975975975976 0.4843890643673704
0.5996895895895895 0.49420367419853306
0.6016815815815815 0.5041513746515451
0.6036735735735735 0.5142322233485034
0.6056655655655655 0.5244462264425688
0.6076575575575575 0.5347933375856159
0.6096495495495495 0.5452734569098856
0.6116415415415415 0.5558864300247264
0.6136335335335334 0.5666320470295251
0.6156255255255255 0.5775100415439065
0.6176175175175175 0.588520089756318
0.6196095095095094 0.5996618094921025
0.6216015015015014 0.610934759302169
0.6235934934934935 0.6223384375733706
0.6255854854854854 0.6338722816617123
0.6275774774774774 0.6455356670494932
0.6295694694694695 0.6573279065275037
0.6315614614614614 0.6692482494033759
0.6335534534534534 0.6812958807372116
0.6355454454454453 0.6934699206055723
0.6375374374374374 0.7057694233949383
0.6395294294294294 0.718193377125714
0.6415214214214213 0.7307407028078786
0.6435134134134134 0.7434102538293282
0.6455054054054054 0.7562008153779811
0.6474973973973973 0.7691111038986962
0.6494893893893894 0.7821397665860247
0.6514813813813813 0.7952853809138166
0.6534733733733733 0.8085464542026931
0.6554653653653653 0.821921423226347
0.6574573573573573 0.8354086538576543
0.6594493493493493 0.8490064407555241
0.6614413413413412 0.8627130070934237
0.6634333333333333 0.8765265043304614
0.6654253253253253 0.8904450120259076
0.6674173173173172 0.9044665376980058
0.6694093093093092 0.9185890167278861
0.6714013013013013 0.9328103123093767
0.6733932932932932 0.9471282154454741
0.6753852852852852 0.9615404449922119
0.6773772772772773 0.9760446477506095
0.6793692692692692 0.9906383986073831
0.6813612612612612 1.0053192007250458
0.6833532532532531 1.0200844857819824
0.6853452452452452 1.0349316142630725
0.6873372372372372 1.0498578758013641
0.6893292292292291 1.0648604895712979
0.6913212212212212 1.0799366047339047
0.6933132132132132 1.0950833009343808
0.6953052052052051 1.1102975888524087
0.6972971971971972 1.1255764108055153
0.6992891891891891 1.1409166414057497
0.7012811811811811 1.1563150882699067
0.7032731731731731 1.171768492783461
0.7052651651651651 1.1872735309183517
0.7072571571571571 1.2028268141046923
0.709249149149149 1.218424890156452
0.7112411411411411 1.2340642442510805
0.7132331331331331 1.2497412999630115
0.715225125125125 1.2654524203509456
0.717217117117117 1.281193909098727
0.7192091091091091 1.2969620117096037
0.721201101101101 1.3127529167536063
0.723193093093093 1.328562757167721
0.7251850850850851 1.3443876116084783
0.727177077077077 1.3602235058565302
0.729169069069069 1.3760664142727534
0.731161061061061 1.3919122613053196
0.733153053053053 1.4077569230471618
0.735145045045045 1.4235962288432034
0.7371370370370369 1.4394259629466424
0.739129029029029 1.455241866223555
0.741121021021021 1.4710396379050181
0.7431130130130129 1.486814937385908
0.745105005005005 1.5025633860694565
0.7470969969969969 1.5182805692566232
0.7490889889889889 1.5339620380792762
0.7510809809809809 1.5496033114761176
0.7530729729729729 1.5651998782102563
0.7550649649649649 1.5807471989272561
0.7570569569569569 1.5962407082524765
0.7590489489489489 1.611675816926427
0.7610409409409409 1.627047913976845
0.7630329329329328 1.6423523689261574
0.7650249249249248 1.6575845340329123
0.7670169169169169 1.6727397465657583
0.7690089089089088 1.6878133311084824
0.7710009009009008 1.7028006018945867
0.7729928928928929 1.7176968651698352
0.7749848848848848 1.73249742158116
0.7769768768768768 1.7471975685903016
0.7789688688688688 1.761792602910481
0.7809608608608608 1.7762778229643938
0.7829528528528528 1.7906485313617926
0.7849448448448447 1.8049000373948416
0.7869368368368368 1.81902765954946
0.7889288288288288 1.8330267280307861
0.7909208208208207 1.846892587300912
0.7929128128128128 1.8606205986269735
0.7949048048048047 1.8742061426376766
0.7968967967967967 1.8876446218863283
0.7988887887887887 1.9009314634183914
0.8008807807807807 1.9140621213415876
0.8028727727727727 1.9270320793965443
0.8048647647647647 1.9398368535259793
0.8068567567567567 1.9524719944403834
0.8088487487487487 1.9649330901781672
0.8108407407407406 1.9772157686582348
0.8128327327327327 1.989315700222912
0.8148247247247247 2.001228600169187
0.8168167167167166 2.0129502312661987
0.8188087087087086 2.0244764062569063
0.8208007007007007 2.0358029903418924
0.8227926926926926 2.0469259036432343
0.8247846846846846 2.057841123646409
0.8267766766766766 2.0685446876181763
0.8287686686686686 2.079032694998424
0.8307606606606606 2.0893013097639583
0.8327526526526525 2.0993467627622318
0.8347446446446446 2.1091653540130286
0.8367366366366366 2.11875345497615
0.8387286286286285 2.128107510783147
0.8407206206206206 2.1372240424311877
0.8427126126126125 2.1460996489371644
0.8447046046046045 2.1547310094501784
0.8466965965965966 2.163114885320561
0.8486885885885885 2.1712481221236337
0.8506805805805805 2.1791276516364393
0.8526725725725725 2.1867504937657007
0.8546645645645645 2.194113758425332
0.8566565565565565 2.201214647361818
0.8586485485485484 2.2080504559258842
0.8606405405405405 2.2146185747888536
0.8626325325325325 2.2209164916021864
0.8646245245245244 2.226941792598727
0.8666165165165164 2.2326921641342117
0.8686085085085085 2.238165394167678
0.8706005005005004 2.243359373679438
0.8725924924924924 2.2482720980253523
0.8745844844844844 2.2529016682261793
0.8765764764764764 2.257246292190842
0.8785684684684684 2.261304285872511
0.8805604604604603 2.265074074356457
0.8825524524524524 2.2685541928786925
0.8845444444444444 2.2717432877744743
0.8865364364364363 2.2746401173558155
0.8885284284284284 2.2772435527172
0.8905204204204203 2.2795525784687793
0.8925124124124123 2.281566293396378
0.8945044044044044 2.2832839110477052
0.8964963963963963 2.284704760244243
0.8984883883883883 2.2858282855183485
0.9004803803803803 2.2866540474751584
0.9024723723723723 2.287181723078982
0.9044643643643643 2.287411105863908
0.9064563563563562 2.287342106068439
0.9084483483483483 2.286974750694034
0.9104403403403403 2.286309183487495
0.9124323323323322 2.2853456648472275
0.9144243243243242 2.284084571653446
0.9164163163163163 2.2825263970224916
0.9184083083083082 2.280671749985481
0.9204003003003002 2.278521355091578
0.9223922922922922 2.2760760519362506
0.9243842842842842 2.2733367946149494
0.9263762762762762 2.2703046511026934
0.9283682682682682 2.2669808025601403
0.9303602602602602 2.2633665425667644
0.9323522522522522 2.2594632762818403
0.9343442442442441 2.255272519533998
0.9363362362362362 2.2507958978401716
0.9383282282282281 2.24603514535483
0.9403202202202201 2.240992103750444
0.9423122122122122 2.235668721030198
0.9443042042042041 2.2300670502740223
0.9462961961961961 2.2241892483190653
0.948288188188188 2.2180375743758125
0.9502801801801801 2.2116143885810704
0.9522721721721721 2.2049221504891356
0.954264164164164 2.1979634175024803
0.9562561561561561 2.1907408432433706
0.9582481481481481 2.1832571758678636
0.96024014014014 2.175515256323671
0.9622321321321321 2.167518016553459
0.9642241241241241 2.1592684776451505
0.966216116116116 2.1507697479308785
0.968208108108108 2.1420250210362553
0.9702001001001 2.1330375738816745
0.972192092092092 2.1238107646374003
0.974184084084084 2.114348030634212
0.976176076076076 2.104652886231447
0.978168068068068 2.0947289206442665
0.98016006006006 2.084579795732044
0.9821520520520519 2.0742092437497592
0.984144044044044 2.0636210650643516
0.986136036036036 2.052819125837969
0.9881280280280279 2.0418073556800853
0.99012002002002 2.0305897452704893
0.9921120120120119 2.0191703439551465
0.9941040040040039 2.0075532573169514
0.9960959959959959 1.9957426447234086
0.9980879879879879 1.9837427168532913
1.00007997997998 1.9715577332043195
1.002071971971972 1.9591919995839173
1.004063963963964 1.9466498655851074
1.0060559559559559 1.9339357220496112
1.0080479479479478 1.921053998520201
1.0100399399399398 1.9080091606843745
1.0120319319319317 1.8948057078113894
1.014023923923924 1.881448170184707
1.016015915915916 1.867941106531889
1.0180079079079078 1.8542891014539407
1.0199998998998998 1.8404967628561453
1.0219918918918918 1.8265687193823543
1.0239838838838837 1.812509617854724
1.0259758758758757 1.7983241207208482
1.0279678678678679 1.7840169035102174
1.0299598598598598 1.7695926523019332
1.0319518518518518 1.755056061205534
1.0339438438438437 1.7404118298568243
1.0359358358358357 1.725664660930512
1.0379278278278277 1.7108192576714696
1.0399198198198196 1.6958803214463833
1.0419118118118118 1.6808525493175188
1.0439038038038038 1.6657406316403234
1.0458957957957957 1.6505492496864929
1.0478877877877877 1.635283073294175
1.0498797797797796 1.619946758546858
1.0518717717717716 1.6045449454825111
1.0538637637637636 1.589082255834473
1.0558557557557557 1.5735632908055552
1.0578477477477477 1.5579926288767834
1.0598397397397397 1.5423748236521222
1.0618317317317316 1.526714401740555
1.0638237237237236 1.511015860676757
1.0658157157157155 1.4952836668816223
1.0678077077077077 1.4795222536638057
1.0697996996996997 1.4637360192634408
1.0717916916916916 1.4479293249390819
1.0737836836836836 1.4321064930989402
1.0757756756756756 1.416271805477374
1.0777676676676675 1.4004295013575678
1.0797596596596595 1.3845837758412858
1.0817516516516517 1.3687387781665128
1.0837436436436436 1.3528986100737765
1.0857356356356356 1.3370673242218425
1.0877276276276275 1.3212489226534818
1.0897196196196195 1.3054473553119006
1.0917116116116115 1.2896665186084084
1.0937036036036034 1.2739102540418221
1.0956955955955956 1.2581823468700695
1.0976875875875876 1.2424865248343973
1.0996795795795795 1.2268264569365106
1.1016715715715715 1.2112057522689759
1.1036635635635634 1.1956279588991081
1.1056555555555554 1.1800965628065407
1.1076475475475474 1.1646149868746274
1.1096395395395395 1.1491865899357596
1.1116315315315315 1.1338146658706545
1.1136235235235235 1.1185024427615802
1.1156155155155154 1.1032530820994955
1.1176075075075074 1.088069678044974
1.1195994994994993 1.0729552567427691
1.1215914914914913 1.0579127756898274
1.1235834834834835 1.042945123156489
1.1255754754754754 1.0280551176606152
1.1275674674674674 1.0132455074942674
1.1295594594594593 0.9985189703026098
1.1315514514514513 0.9838781127145788
1.1335434434434433 0.969325470024883
1.1355354354354352 0.9548635059268238
1.1375274274274274 0.9404946122954025
1.1395194194194194 0.9262211090201462
1.1415114114114113 0.9120452438870172
1.1435034034034033 0.8979691925087913
1.1454953953953952 0.8839950583031992
1.1474873873873872 0.8701248725181269
1.1494793793793794 0.8563605943031255
1.1514713713713713 0.842704110826462
1.1534633633633633 0.8291572374368905
1.1554553553553553 0.8157217178693277
1.1574473473473472 0.8023992244935638
1.1594393393393392 0.7891913586051246
1.1614313313313311 0.7760996507573775
1.1634233233233233 0.763125561133948
1.1654153153153153 0.7502704799605042
1.1674073073073072 0.7375357279549107
1.1693992992992992 0.7249225568147991
1.1713912912912912 0.7124321497415113
1.1733832832832831 0.7000656219994148
1.175375275275275 0.687824021509539
1.1773672672672673 0.6757083294764857
1.1793592592592592 0.663719461047553
1.1813512512512512 0.6518582660029807
1.1833432432432431 0.6401255294762646
1.185335235235235 0.6285219727034165
1.187327227227227 0.61704825380009
1.189319219219219 0.6057049685654622
1.1913112112112112 0.5944926513117605
1.1933032032032032 0.5834117757183352
1.1952951951951951 0.5724627557091394
1.197287187187187 0.5616459463525323
1.199279179179179 0.550961644782274
1.201271171171171 0.5404100911386033
1.203263163163163 0.5299914695282899
1.2052551551551551 0.5197059090025613
1.207247147147147 0.5095534845517966
1.209239139139139 0.49953421811589344
1.211231131131131 0.48964807960922874
1.213223123123123 0.47989498795912583
1.215215115115115 0.470274812156761
1.2172071071071071 0.46078737231944833
1.219199099099099 0.4514324407632567
1.221191091091091 0.4422097430849108
1.223183083083083 0.43311895925196325
1.225175075075075 0.4241597247002188
1.227167067067067 0.41533163143741214
1.2291590590590589 0.40663422915215813
1.231151051051051 0.3980670263272036
1.233143043043043 0.3896294913560375
1.235135035035035 0.3813210536619065
1.237127027027027 0.3731411048183415
1.2391190190190189 0.3650889996702793
1.2411110110110108 0.3571640574549033
1.2431030030030028 0.3493655629213437
1.245094994994995 0.3416927674483916
1.247086986986987 0.3341448901594109
1.249078978978979 0.32672111903363393
1.2510709709709709 0.3194206120130761
1.2530629629629628 0.31224249810429705
1.2550549549549548 0.3051858784742767
1.2570469469469467 0.29824982753968765
1.259038938938939 0.29143339404886837
1.2610309309309309 0.28473560215582877
1.2630229229229228 0.2781554524856325
1.2650149149149148 0.27169192319053315
1.2670069069069068 0.26534397099626245
1.2689988988988987 0.25911053223787867
1.2709908908908907 0.25299052388462884
1.2729828828828829 0.24698284455327812
1.2749748748748748 0.24108637550940507
1.2769668668668668 0.23529998165615584
1.2789588588588587 0.22962251251001115
1.2809508508508507 0.22405280316310466
1.2829428428428427 0.2185896752316809
1.2849348348348346 0.21323193779029015
1.2869268268268268 0.20797838829134277
1.2889188188188188 0.20282781346967785
1.2909108108108107 0.1977789902317974
1.2929028028028027 0.19283068652947627
1.2948947947947946 0.1879816622174442
1.2968867867867866 0.18323066989488274
1.2988787787787788 0.17857645573048517
1.3008707707707707 0.1740177602708636
1.3028627627627627 0.16955331923208658
1.3048547547547547 0.16518186427417925
1.3068467467467466 0.16090212375841098
1.3088387387387386 0.15671282348723287
1.3108307307307305 0.15261268742673836
1.3128227227227227 0.1486004384115425
1.3148147147147147 0.14467479883199508
1.3168067067067066 0.14083449130365383
1.3187986986986986 0.1370782393189735
1.3207906906906905 0.13340476788117223
1.3227826826826825 0.12981280412026255
1.3247746746746745 0.12630107789124334
1.3267666666666666 0.12286832235447276
1.3287586586586586 0.11951327453825168
1.3307506506506506 0.11623467588366317
1.3327426426426425 0.11303127277173318
1.3347346346346345 0.10990181703298653
1.3367266266266264 0.10684506643948616
1.3387186186186184 0.10385978517946225
1.3407106106106106 0.10094474431464298
1.3427026026026025 0.09809872222041931
1.3446945945945945 0.09532050500897823
1.3466865865865865 0.09260888693556256
1.3486785785785784 0.08996267078801493
1.3506705705705704 0.08738066825977898
1.3526625625625623 0.08486170030654414
1.3546545545545545 0.082404597486721
1.3566465465465465 0.08000820028595529
1.3586385385385384 0.07767135942588173
1.3606305305305304 0.07539293615734519
1.3626225225225224 0.07317180253830724
1.3646145145145143 0.07100684169667625
1.3666065065065063 0.06889694807829633
1.3685984984984985 0.06684102768034511
1.3705904904904904 0.06483799827038945
1.3725824824824824 0.06288678959135605
1.3745744744744743 0.060986343552682634
1.3765664664664663 0.059135614407911624
1.3785584584584583 0.0573335689190021
1.3805504504504504 0.05557918650763049
1.3825424424424424 0.0538714593937627
1.3845344344344344 0.052209392721773294
1.3865264264264263 0.050592004674401496
1.3885184184184183 0.04901832657482495
1.3905104104104102 0.04748740297714278
1.3925024024024022 0.04599829174555427
1.3944943943943944 0.044550064122526496
1.3964863863863863 0.043141804786240544
1.3984783783783783 0.041772611897608156
1.4004703703703703 0.040441597137152466
1.4024623623623622 0.0391478857320432
1.4044543543543542 0.03789061647357893
1.4064463463463461 0.03666894172540658
1.4084383383383383 0.035482027422769034
1.4104303303303303 0.03432905306306906
1.4124223223223222 0.03320921168803587
1.4144143143143142 0.03212170985778162
1.4164063063063062 0.031065767617030525
1.418398298298298 0.030040618453801016
1.42039029029029 0.02904550925082162
1.4223822822822823 0.028079700229954943
1.4243742742742742 0.02714246488990523
1.4263662662662662 0.026233089937477607
1.4283582582582581 0.025350875212658525
1.43035025025025 0.024495133607780085
1.432342242242242 0.023665190981028258
1.434334234234234 0.02286038606455321
1.4363262262262262 0.02208007036743304
1.4383182182182181 0.021323608073741302
1.44031021021021 0.020590375935961587
1.442302202202202 0.019879763163992092
1.444294194194194 0.019191171309974595
1.446286186186186 0.0185240141491813
1.448278178178178 0.017877717557186562
1.4502701701701701 0.01725171938354692
1.452262162162162 0.016645469322207812
1.454254154154154 0.016058428778850553
1.456246146146146 0.015490070735389374
1.458238138138138 0.014939879611822202
1.46023013013013 0.014407351125634965
1.462222122122122 0.013891992148953859
1.464214114114114 0.013393320563636166
1.466206106106106 0.012910865114482728
1.468198098098098 0.012444165260754328
1.47019009009009 0.011992771026164938
1.472182082082082 0.011556242847523521
1.4741740740740739 0.011134151422188297
1.476166066066066 0.010726077554494578
1.478158058058058 0.010331612001311332
1.48015005005005 0.009950355316876576
1.482142042042042 0.0095819176970576
1.4841340340340339 0.00922591882317686
1.4861260260260258 0.008881987705539218
1.4881180180180178 0.008549762526791764
1.49011001001001 0.008228890485243136
1.492102002002002 0.007919027638263756
1.494093993993994 0.007619838745884289
1.4960859859859859 0.007330997114705092
1.4980779779779778 0.007052184442224817
1.5000699699699698 0.006783090661691488
1.5020619619619617 0.006523413787575968
1.504053953953954 0.006272859761761991
1.5060459459459459 0.0060311423005443895
1.5080379379379378 0.005797982742520975
1.5100299299299298 0.0055731098974614625
1.5120219219219218 0.0053562598962310914
1.5140139139139137 0.005147176041843739
1.5160059059059057 0.0049456086617147505
1.5179978978978979 0.0047513149611802625
1.5199898898898898 0.004564058878346205
1.5219818818818818 0.004383610940325623
1.5239738738738737 0.004209748120920953
1.5259658658658657 0.0040422536998026845
1.5279578578578576 0.0038809171232337416
1.5299498498498496 0.0037255338663849022
1.5319418418418418 0.0035759052972835904
1.5339338338338337 0.003431838542435265
1.5359258258258257 0.0032931463541532825
1.5379178178178177 0.003159646979630592
1.5399098098098096 0.003031164031783355
1.5419018018018016 0.002907526361893883
1.5438937937937938 0.002788567934077618
1.5458857857857857 0.0026741277015963206
1.5478777777777777 0.002564049485036741
1.5498697697697696 0.0024581818523720677
1.5518617617617616 0.0023563780009206938
1.5538537537537536 0.0022584956412146752
1.5558457457457455 0.0021643968827880548
1.5578377377377377 0.0020739481218930446
1.5598297297297297 0.0019870199311500724
1.5618217217217216 0.0019034869511355772
1.5638137137137136 0.0018232277839097285
1.5658057057057055 0.0017461248884843203
1.5677976976976975 0.0016720644782292878
1.5697896896896895 0.001600936420214789
1.5717816816816816 0.0015326341364840033
1.5737736736736736 0.0014670545072504979
1.5757656656656656 0.0014040977760122633
1.5777576576576575 0.0013436674565734943
1.5797496496496495 0.0012856702419635714
1.5817416416416414 0.0012300159152415812
1.5837336336336334 0.0011766172621735839
1.5857256256256256 0.0011253899857685725
1.5877176176176175 0.0010762526226581772
1.5897096096096095 0.0010291264613039714
1.5917016016016015 0.0009839354620155736
1.5936935935935934 0.0009406061787615667
1.5956855855855854 0.000899067682754669
1.5976775775775773 0.0008592514877916594
1.5996695695695695 0.0008210914773279964
1.6016615615615615 0.0007845238332662711
1.6036535535535534 0.0007494869664370902
1.6056455455455454 0.0007159214487504611
1.6076375375375374 0.0006837699469951752
1.6096295295295293 0.0006529771582631937
1.6116215215215215 0.0006234897469757319
1.6136135135135135 0.0005952562834872552
1.6156055055055054 0.0005682271842432447
1.6175974974974974 0.0005423546534674213
1.6195894894894893 0.0005175926263537127
1.6215814814814813 0.0004938967137380806
1.6235734734734732 0.0004712241482251707
1.6255654654654654 0.000449533731744528
1.6275574574574574 0.0004287857845110557
1.6295494494494493 0.0004089420953642408
1.6315414414414413 0.00038996587346069926
1.6335334334334333 0.00037182170129446606
1.6355254254254252 0.0003544754890195172
1.6375174174174172 0.0003378944300490138
1.6395094094094094 0.00032204695790577904
1.6415014014014013 0.00030690270429865364
1.6434933933933933 0.0002924324583993758
1.6454853853853852 0.00027860812729485143
1.6474773773773772 0.00026540269758972647
1.6494693693693692 0.0002527901981343844
1.6514613613613611 0.00024074566385362333
1.6534533533533533 0.00022924510065150213
1.6554453453453453 0.00021826545136801126
1.6574373373373372 0.00020778456276344395
1.6594293293293292 0.00019778115350662542
1.6614213213213211 0.00018823478314334804
1.663413313313313 0.00017912582202164176
1.665405305305305 0.00017043542215080013
1.6673972972972972 0.00016214548897133335
1.6693892892892892 0.0001542386540133239
1.6713812812812812 0.00014669824842096586
1.6733732732732731 0.00013950827732136563
1.675365265265265 0.00013265339501600755
1.677357257257257 0.0001261188809736031
1.679349249249249 0.0001198906166033727
1.6813412412412412 0.00011395506278813694
1.6833332332332331 0.00010829923815695259
1.685325225225225 0.00010291069807733039
1.687317217217217 9.777751434746633e-05
1.689309209209209 9.288825556922425e-05
1.691301201201201 8.823196818298291e-05
1.6932931931931932 8.379815814579842e-05
1.6952851851851851 7.957677323470336e-05
1.697277177177177 7.555818595729096e-05
1.699269169169169 7.173317705212222e-05
1.701261161161161 6.809291956181773e-05
1.703253153153153 6.462896346206412e-05
1.705245145145145 6.133322083012269e-05
1.707237137137137 5.819795153676619e-05
1.709229129129129 5.521574944593623e-05
1.711221121121121 5.23795291067437e-05
1.713213113113113 4.968251292280503e-05
1.715205105105105 4.7118218784225686e-05
1.717197097097097 4.4680448147904914e-05
1.7191890890890889 4.2363274552161415e-05
1.721181081081081 4.016103255201809e-05
1.723173073073073 3.806830706182043e-05
1.725165065065065 3.607992309218352e-05
1.727157057057057 3.419093586859269e-05
1.7291490490490489 3.239662131930282e-05
1.7311410410410408 3.069246692049431e-05
1.7331330330330328 2.9074162886958465e-05
1.735125025025025 2.753759369689221e-05
1.737117017017017 2.6078829939685956e-05
1.7391090090090089 2.469412047588172e-05
1.7411010010010008 2.3379884898781435e-05
1.7430929929929928 2.2132706287465485e-05
1.7450849849849848 2.0949324241269317e-05
1.7470769769769767 1.9826628186045763e-05
1.749068968968969 1.8761650942812492e-05
1.7510609609609609 1.775156254965353e-05
1.7530529529529528 1.6793664328008528e-05
1.7550449449449448 1.5885383184740355e-05
1.7570369369369367 1.5024266141627344e-05
1.7590289289289287 1.4207975084171936e-05
1.7610209209209207 1.3434281721863578e-05
1.7630129129129128 1.2701062752268884e-05
1.7650049049049048 1.2006295221558152e-05
1.7669968968968968 1.1348052074300593e-05
1.7689888888888887 1.072449788558829e-05
1.7709808808808807 1.0133884768761973e-05
1.7729728728728726 9.57454845222667e-06
1.7749648648648648 9.044904519051136e-06
1.7769568568568568 8.543444803249027e-06
1.7789488488488487 8.068733936834606e-06
1.7809408408408407 7.619406041941165e-06
1.7829328328328327 7.19416156247592e-06
1.7849248248248246 6.791764229968248e-06
1.7869168168168166 6.4110381584474255e-06
1.7889088088088088 6.050865063357922e-06
1.7909008008008007 5.710181599690342e-06
1.7928927927927927 5.3879768146689475e-06
1.7948847847847846 5.083289710498573e-06
1.7968767767767766 4.79520691282651e-06
1.7988687687687686 4.52286044072835e-06
1.8008607607607605 4.265425574171664e-06
1.8028527527527527 4.0221188150552665e-06
1.8048447447447447 3.7921959380591692e-06
1.8068367367367366 3.5749501276755847e-06
1.8088287287287286 3.3697101979211828e-06
1.8108207207207205 3.1758388913575113e-06
1.8128127127127125 2.992731254169243e-06
1.8148047047047045 2.819813084168616e-06
1.8167966966966966 2.656539448710146e-06
1.8187886886886886 2.5023932696111643e-06
1.8207806806806806 2.356883972281717e-06
1.8227726726726725 2.2195461963729075e-06
1.8247646646646645 2.0899385653534746e-06
1.8267566566566564 1.9676425125229243e-06
1.8287486486486484 1.8522611610646607e-06
1.8307406406406406 1.7434182558342346e-06
1.8327326326326325 1.6407571446669355e-06
1.8347246246246245 1.5439398070744671e-06
1.8367166166166164 1.4526459282841936e-06
1.8387086086086084 1.366572016653829e-06
1.8407006006006004 1.2854305625726446e-06
1.8426925925925923 1.2089492370347059e-06
1.8446845845845845 1.1368701281419512e-06
1.8466765765765765 1.0689490138649414e-06
1.8486685685685684 1.0049546694558707e-06
1.8506605605605604 9.446682079739293e-07
1.8526525525525523 8.878824524452211e-07
1.8546445445445443 8.344013382400992e-07
1.8566365365365365 7.840393443087369e-07
1.8586285285285284 7.366209519720504e-07
1.8606205205205204 6.919801300188001e-07
1.8626125125125124 6.499598449120354e-07
1.8646045045045043 6.10411594957866e-07
1.8665964964964963 5.731949673379424e-07
1.8685884884884882 5.38177216953319e-07
1.8705804804804804 5.052328660721265e-07
1.8725724724724724 4.742433238164073e-07
1.8745644644644643 4.450965245646787e-07
1.8765564564564563 4.1768658438674516e-07
1.8785484484484483 3.919134746651908e-07
1.8805404404404402 3.676827120949192e-07
1.8825324324324322 3.4490506428722027e-07
1.8845244244244244 3.2349627023877194e-07
1.8865164164164163 3.033767749585243e-07
1.8885084084084083 2.844714775766101e-07
1.8905004004004002 2.667094922894474e-07
1.8924923923923922 2.5002392152394953e-07
1.8944843843843842 2.343516407313684e-07
1.8964763763763761 2.1963309424779238e-07
1.8984683683683683 2.0581210168369724e-07
1.9004603603603603 1.9283567432934584e-07
1.9024523523523522 1.806538410860982e-07
1.9044443443443442 1.6921948345617796e-07
1.9064363363363361 1.5848817914477444e-07
1.908428328328328 1.484180538489584e-07
1.91042032032032 1.3896964082754753e-07
1.9124123123123122 1.3010574786488824e-07
1.9144043043043042 1.2179133125955227e-07
1.9163962962962962 1.1399337648620049e-07
1.9183882882882881 1.0668078519540746e-07
1.92038028028028 9.982426823199924e-08
1.922372272272272 9.339624436761183e-08
1.9243642642642642 8.737074445760353e-08
1.9263562562562562 8.172332074628067e-08
1.9283482482482481 7.643096105761133e-08
1.93034024024024 7.147200762122129e-08
1.932332232232232 6.682608029552511e-08
1.934324224224224 6.247400396137613e-08
1.936316216216216 5.839773987061897e-08
1.9383082082082081 5.4580320744436676e-08
1.9403002002002 5.100578942642776e-08
1.942292192192192 4.765914090490527e-08
1.944284184184184 4.4526267528074333e-08
1.946276176176176 4.159390724444148e-08
1.948268168168168 3.8849594709140884e-08
1.95026016016016 3.6281615104787584e-08
1.952252152152152 3.387896053303761e-08
1.954244144144144 3.163128884024219e-08
1.956236136136136 2.952888474745426e-08
1.958228128128128 2.7562623161603218e-08
1.96022012012012 2.572393455088347e-08
1.9622121121121119 2.400477227335466e-08
1.9642041041041038 2.239758175340889e-08
1.966196096096096 2.0895271406150058e-08
1.968188088088088 1.9491185214863627e-08
1.97018008008008 1.8179076871638323e-08
1.972172072072072 1.6953085395849943e-08
1.9741640640640639 1.5807712149637984e-08
1.9761560560560558 1.4737799173714232e-08
1.9781480480480478 1.3738508770842036e-08
1.98014004004004 1.2805304268127774e-08
1.982132032032032 1.1933931892886769e-08
1.9841240240240239 1.112040370027677e-08
1.9861160160160158 1.0360981494165893e-08
1.9881080080080078 9.652161685800518e-09
1.9901 8.990661037788481e-09
