# x0_trunc = 0.8836037449410601
# sigma_trunc = 0.17780110827219248
# lower_bound = 0.0001
# n  (P_BP-P_GAUSS)
0.0001 -0.07750790767739527
0.0051 -0.10832800272568088
0.0101 -0.06843148279971219
0.0151 -0.12067629387317468
0.0201 -0.11526745224776126
0.0251 -0.07348594855792116
0.0301 -0.10089232700514598
0.0351 -0.09623568122809378
0.0401 -0.0719311212077712
0.0451 -0.06715245442286512
0.0501 -0.07723098928924703
0.0551 -0.07529252299789511
0.0601 -0.06682074801606036
0.0651 -0.0735608606792311
0.0701 -0.07612053490844614
0.0751 -0.07714960881249171
0.0801 -0.0663505148589867
0.0851 -0.07062181970656202
0.0901 -0.0675362872045728
0.0951 -0.06914563889193037
0.1001 -0.06786707327146627
0.1051 -0.06590622635560824
0.1101 -0.06478192922002814
0.1151 -0.06041135892522721
0.1201 -0.05963489916505284
0.1251 -0.05856606036665457
0.1301 -0.05847781152092117
0.1351 -0.0570586180059212
0.1401 -0.05585629253888717
0.1451 -0.05344079382726276
0.1501 -0.051308631570842804
0.1551 -0.05048246849140375
0.1601 -0.04986580005452302
0.1651 -0.04884442808042178
0.1701 -0.047141087569224756
0.1751 -0.045956683872725626
0.1801 -0.04499216105301309
0.1851 -0.04412436601848855
0.1901 -0.04334612144430279
0.1951 -0.04191836894882775
0.2001 -0.0409148118786219
0.2051 -0.039782930113309585
0.2101 -0.038820530199304634
0.2151 -0.038277967899960824
0.2201 -0.03694646509944176
0.2251 -0.03625542388915435
0.2301 -0.035258820726838946
0.2351 -0.03409372613000332
0.2401 -0.033224799521135225
0.2451 -0.032435472523401086
0.2501 -0.03137300136618754
0.2551 -0.030553435883982134
0.2601 -0.029731578356960796
0.2651 -0.028975793299073294
0.2701 -0.0280281805913577
0.2751 -0.02723032953897895
0.2801 -0.026421753232959557
0.2851 -0.02565927784696086
0.2901 -0.02478081970882434
0.2951 -0.024033781234389158
0.3001 -0.023323386530983127
0.3051 -0.022524696507739656
0.3101 -0.02182669870621049
0.3151 -0.02108842950134462
0.3201 -0.020374805296351495
0.3251 -0.019693239277907823
0.3301 -0.019014643447698546
0.3351 -0.01834075219586141
0.3401 -0.01769366922301382
0.3451 -0.017064202616839056
0.3501 -0.01642372518132696
0.3551 -0.015806742215520156
0.3601 -0.015219598065705563
0.3651 -0.014649993501687834
0.3701 -0.014074081874226074
0.3751 -0.013488291958311985
0.3801 -0.012951972001466456
0.3851 -0.012404797773964225
0.3901 -0.011876862213499569
0.3951 -0.011360612103597586
0.4001 -0.010859252242275037
0.4051 -0.010366347360364205
0.4101 -0.009899919087832993
0.4151 -0.009422031307228901
0.4201 -0.0089642831974027
0.4251 -0.00853037505873879
0.4301 -0.008092758946532401
0.4351 -0.007667352637977389
0.4401 -0.007259502016236524
0.4451 -0.0068573184988818805
0.4501 -0.006471727650248917
0.4551 -0.00608838303550193
0.4601 -0.005720801017832723
0.4651 -0.005365965401983316
0.4701 -0.00501546058626207
0.4751 -0.004675636721097086
0.4801 -0.004351224730526099
0.4851 -0.004034306028772038
0.4901 -0.0037282994487049894
0.4951 -0.003429887346396037
0.5001 -0.003144261571293502
0.5051 -0.0028651998799267054
0.5101 -0.0025940848351892194
0.5151 -0.002337565849497709
0.5201 -0.0020877118635370556
0.5251 -0.0018460057999345242
0.5301 -0.0016142110832018375
0.5351 -0.0013909285552195921
0.5401 -0.0011778805057182835
0.5451 -0.0009706591632962734
0.5501 -0.0007729602507775986
0.5551 -0.0005845255501238147
0.5601 -0.0004041661747640638
0.5651 -0.00023199037493487702
0.5701 -6.678618900802208e-05
0.5751 8.984610503130701e-05
0.5801 0.00023815193539684554
0.5851 0.00037998904551337715
0.5901 0.0005151332292119101
0.5951 0.0006418684843879815
0.6001 0.0007606305791320418
0.6051 0.000872159407425329
0.6101 0.0009789907484690215
0.6151 0.00107680213051686
0.6201 0.0011692466484446511
0.6251 0.00125362426885266
0.6301 0.0013332507919856758
0.6351 0.00140570026470819
0.6401 0.0014718772810928718
0.6451 0.0015321439602278576
0.6501 0.0015864230421505203
0.6551 0.0016352911816615943
0.6601 0.0016788707163922201
0.6651 0.0017159349438415693
0.6701 0.001747768888243291
0.6751 0.0017750614582706886
0.6801 0.0017962314680882436
0.6851 0.0018135415881916639
0.6901 0.0018251972891178579
0.6951 0.0018321284095466905
0.7001 0.0018344800334073744
0.7051 0.0018331116595095957
0.7101 0.0018265371768085151
0.7151 0.0018160289333299157
0.7201 0.0018017560330699813
0.7251 0.0017828175184371295
0.7301 0.0017604974638131816
0.7351 0.0017347332285682943
0.7401 0.0017053898079561571
0.7451 0.0016721489219553806
0.7501 0.0016361799601052258
0.7551 0.0015969709155289875
0.7601 0.0015546447876686297
0.7651 0.0015092180017002384
0.7701 0.0014610341698553997
0.7751 0.0014106134988590366
0.7801 0.0013574627405020954
0.7851 0.0013021171535040148
0.7901 0.0012444077454929043
0.7951 0.0011844085121471256
0.8001 0.001122307018009035
0.8051 0.0010587801076126012
0.8101 0.000993404371053264
0.8151 0.0009265409408788134
0.8201 0.0008582453053798598
0.8251 0.0007886629642232866
0.8301 0.0007174726809843964
0.8351 0.0006456750846955365
0.8401 0.0005727112388169209
0.8451 0.0004987317117427458
0.8501 0.00042450854613411995
0.8551 0.0003495580057962631
0.8601 0.0002739198220396973
0.8651 0.00019810079258054762
0.8701 0.00012213815044142723
0.8751 4.6023786931196356e-05
0.8801 -2.9872286753171777e-05
0.8851 -0.00010570923335941944
0.8901 -0.0001812903596794897
0.8951 -0.0002560626207259981
0.9001 -0.0003308948782228918
0.9051 -0.00040448925799543877
0.9101 -0.00047738120359299443
0.9151 -0.0005496789825070554
0.9201 -0.0006205650370458223
0.9251 -0.0006905147442185728
0.9301 -0.0007594401926893743
0.9351 -0.000826614488571002
0.9401 -0.000892454551412192
0.9451 -0.0009566061071073651
0.9501 -0.0010187862679119687
0.9551 -0.0010791848996310985
0.9601 -0.0011379124872132075
0.9651 -0.001194406598649506
0.9701 -0.0012482907770831825
0.9751 -0.001300296621653383
0.9801 -0.001349652823232243
0.9851 -0.001397004057787007
0.9901 -0.001441206606409785
0.9951 -0.001482309870359373
1.0001 -0.0015209821311923841
1.0051 -0.0015567538492372193
1.0101 -0.0015889265998036083
1.0151 -0.001618173840462696
1.0201 -0.001644159179067705
1.0251 -0.001667128575122479
1.0301 -0.001685965519461764
1.0351 -0.0017010997914264753
1.0401 -0.0017125936642227524
1.0451 -0.0017206386438894314
1.0501 -0.001724752851779361
1.0551 -0.0017242733916240348
1.0601 -0.0017196664650272852
1.0651 -0.0017110692619742255
1.0701 -0.0016981264739712406
1.0751 -0.001680601376025133
1.0801 -0.0016582901114862941
1.0851 -0.0016317760327201085
1.0901 -0.0016007180367593069
1.0951 -0.0015636094011370156
1.1001 -0.0015231138873917386
1.1051 -0.0014760873606631186
1.1101 -0.0014255024698925632
1.1151 -0.0013680201898771931
1.1201 -0.0013067780383619143
1.1251 -0.001239177983183087
1.1301 -0.0011662071162856832
1.1351 -0.0010871129005593971
1.1401 -0.001002832040761475
1.1451 -0.0009137428997692924
1.1501 -0.0008168316488177806
1.1551 -0.0007150097180214462
1.1601 -0.0006080687833443844
1.1651 -0.000493582051121458
1.1701 -0.0003730197204964645
1.1751 -0.0002476746832219185
1.1801 -0.00011514439918815351
1.1851 2.3935380327078537e-05
1.1901 0.00017085565350086096
1.1951 0.00032295008987073945
1.2001 0.00048106753497529785
1.2051 0.0006480371202446583
1.2101 0.0008217317415818064
1.2151 0.0010010504117170173
1.2201 0.001185983397151118
1.2251 0.0013804811815086337
1.2301 0.0015813651019081464
1.2351 0.00178848626084252
1.2401 0.0020053534292766117
1.2451 0.002225783337095496
1.2501 0.002456689329110098
1.2551 0.0026941434850005883
1.2601 0.0029404667105462877
1.2651 0.003192520097621969
1.2701 0.003453714798609844
1.2751 0.003720672483154914
1.2801 0.003996570328341194
1.2851 0.004281541365324806
1.2901 0.004571111349221526
1.2951 0.004873666854770534
1.3001 0.005179877383172585
1.3051 0.0054928497285355905
1.3101 0.005816517313351896
1.3151 0.00615533272851756
1.3201 0.006495677149151633
1.3251 0.0068376185854725725
1.3301 0.0072000454124503815
1.3351 0.007559925834146877
1.3401 0.007943687936816596
1.3451 0.008317135774769214
1.3501 0.008713828627210913
1.3551 0.009112550297797199
1.3601 0.009527007249955106
1.3651 0.00993320159664126
1.3701 0.01036631377092854
1.3751 0.01080319701552463
1.3801 0.011246344440553514
1.3851 0.011688028979643914
1.3901 0.01215728779956761
1.3951 0.012623958828474181
1.4001 0.013092906466713052
1.4051 0.013588123661704225
1.4101 0.014089241049324408
1.4151 0.014588386508923185
1.4201 0.01509738184454384
1.4251 0.015657343753230676
1.4301 0.01615064911144462
1.4351 0.016718949408756383
1.4401 0.0172940906143163
1.4451 0.017816952375971383
1.4501 0.018390825106020955
1.4551 0.018973160343410615
1.4601 0.01955507550876447
1.4651 0.02018247752389262
1.4701 0.02077918013662822
1.4751 0.021423147077780046
1.4801 0.0220593495014319
1.4851 0.022700701555077207
1.4901 0.02331959089773112
1.4951 0.023993304399963836
1.5001 0.0245988863037114
1.5051 0.02530673183700104
1.5101 0.02608406701205414
1.5151 0.026574176669490426
1.5201 0.027284459162575263
1.5251 0.027993934429621295
1.5301 0.0289658581621323
1.5351 0.02940515744433394
1.5401 0.030112213593155322
1.5451 0.030842586974189293
1.5501 0.03164382144144776
1.5551 0.03249739567195869
1.5601 0.03328212360036557
1.5651 0.03441572039606978
1.5701 0.034876217334154296
1.5751 0.035618164450052295
1.5801 0.03702817607791721
1.5851 0.03740177833015054
1.5901 0.03765163989978058
1.5951 0.03908939326374907
1.6001 0.04054336032573635
1.6051 0.04004946680662569
1.6101 0.04208331633802728
1.6151 0.04278180007734909
1.6201 0.04312518113096646
1.6251 0.04455310096600019
1.6301 0.04610199164674138
1.6351 0.04606310749216108
1.6401 0.04549008650773877
1.6451 0.04595145561667526
1.6501 0.04968588359338903
1.6551 0.04887133305576085
1.6601 0.04962632923508584
1.6651 0.054559269362687984
1.6701 0.05147120043141332
1.6751 0.05687320356172153
1.6801 0.056118866094957955
1.6851 0.06010605335588441
1.6901 0.05991728614005459
1.6951 0.05587915862090191
1.7001 0.06563573263374643
1.7051 0.05897745576781519
1.7101 0.05284516241230633
1.7151 0.050304547946466896
1.7201 0.05573230330920639
1.7251 0.07521570763942777
1.7301 0.07982325470592594
1.7351 0.06466051605584966
1.7401 0.07239239428918137
1.7451 0.06093308685595695
1.7501 0.08825358429135198
1.7551 0.10169830058165347
1.7601 0.09634805871528518
1.7651 0.0660434535237492
1.7701 0.1145582957482019
1.7751 0.026258543479318202
1.7801 0.034361368517274914
1.7851 0.022060018112822787
1.7901 -0.01737118807843216
1.7951 0.1345595041668859
1.8001 0.048814041336311106
1.8051 0.21289488429390763
1.8101 0.052816160374131414
1.8151 0.21945028930591834
1.8201 -0.057616129991603156
1.8251 0.09326712697452845
1.8301 0.2693113949764012
1.8351 -0.2625653908982678
1.8401 -0.14246413588914894
1.8451 -0.0020138546559731844
1.8501 0.16235871365750557
1.8551 0.35487516663958096
1.8601 0.5805266873063731
1.8651 0.8452186162745087
1.8701 1.155942954013087
1.8751 -1.0
1.8801 -1.0
1.8851 -1.0
1.8901 -1.0
1.8951 -1.0
1.9001 -1.0
1.9051 -1.0
1.9101 -1.0
1.9151 -1.0
1.9201 -1.0
1.9251 -1.0
1.9301 -1.0
1.9351 -1.0
1.9401 -1.0
1.9451 -1.0
1.9501 -1.0
1.9551 -1.0
1.9601 -1.0
1.9651 -1.0
1.9701 -1.0
1.9751 -1.0
1.9801 -1.0
1.9851 -1.0
1.9901 -1.0
