# x0_trunc = 0.8836037449410601
# sigma_trunc = 0.17780110827219248
# lower_bound = 0.0001
# n  P_GAUSS(n)
0.0001 9.75618119103899e-06
0.0020919919919919917 1.0314070606239535e-05
0.004083983983983984 1.090249336363282e-05
0.006075975975975975 1.1523039485820458e-05
0.008067967967967967 1.2177377161839343e-05
0.010059959959959959 1.2867256334948077e-05
0.01205195195195195 1.359451244162589e-05
0.014043943943943942 1.4361070307476362e-05
0.016035935935935934 1.5168948205908057e-05
0.018027927927927925 1.602026208564924e-05
0.02001991991991992 1.6917229973345154e-05
0.02201191191191191 1.786217655767786e-05
0.0240039039039039 1.8857537961647616e-05
0.025995895895895894 1.9905866709857634e-05
0.027987887887887884 2.100983689784961e-05
0.029979879879879878 2.217224957074749e-05
0.03197187187187187 2.3396038318685286e-05
0.033963863863863866 2.468427509670852e-05
0.03595585585585585 2.6040176277068336e-05
0.03794784784784785 2.7467108942051066e-05
0.03993983983983984 2.896859742571748e-05
0.04193183183183183 3.0548330113166545e-05
0.04392382382382382 3.221016650617289e-05
0.045915815815815816 3.395814456429453e-05
0.0479078078078078 3.5796488330794944e-05
0.0498997997997998 3.772961585297575e-05
0.05189179179179179 3.976214740677039e-05
0.053883783783783785 4.1898914035709206e-05
0.05587577577577577 4.414496641463443e-05
0.05786776776776777 4.650558404879957e-05
0.05985975975975976 4.898628481926599e-05
0.06185175175175175 5.1592834885786e-05
0.06384374374374374 5.433125895862309e-05
0.06583573573573573 5.7207850951055764e-05
0.06782772772772773 6.022918502458566e-05
0.06981971971971972 6.340212703915537e-05
0.0718117117117117 6.673384642096806e-05
0.0738037037037037 7.023182846079614e-05
0.07579569569569569 7.39038870559511e-05
0.07778768768768768 7.775817790938052e-05
0.07977967967967968 8.180321219965787e-05
0.08177167167167167 8.60478707359245e-05
0.08376366366366365 9.050141861213201e-05
0.08575565565565565 9.517352037524973e-05
0.08774764764764764 0.00010007425572237701
0.08973963963963963 0.00010521413574201855
0.09173163163163163 0.00011060411971506731
0.09372362362362362 0.00011625563249133538
0.0957156156156156 0.0001221805824577818
0.0977076076076076 0.00012839138011486992
0.09969959959959959 0.00013490095727777655
0.10169159159159159 0.00014172278691948484
0.10368358358358358 0.00014887090367306048
0.10567557557557557 0.00015635992501070433
0.10766756756756757 0.0001642050731174578
0.10965955955955956 0.00017242219747771632
0.11165155155155154 0.00018102779819295932
0.11364354354354354 0.00019003905004941047
0.11563553553553553 0.00019947382735455502
0.11762752752752752 0.00020935072956174377
0.11961951951951952 0.00021968910770232367
0.1216115115115115 0.00023050909164499373
0.12360350350350349 0.0002418316182023146
0.12559549549549548 0.0002536784601045246
0.12758748748748747 0.00026607225586101744
0.12957947947947945 0.00027903654053004214
0.13157147147147144 0.0002925957774174133
0.13356346346346346 0.0003067753907251211
0.13555545545545544 0.0003216017991709781
0.13754744744744743 0.00033710245060054915
0.13953943943943942 0.0003533058576127619
0.1415314314314314 0.0003702416342207028
0.1435234234234234 0.0003879405335692415
0.1455154154154154 0.000406434486731201
0.1475074074074074 0.00042575664260383213
0.14949939939939938 0.000445941408927474
0.15149139139139137 0.00046702449444825363
0.15348338338338335 0.0004890429522467015
0.15547537537537534 0.000512035224254194
0.15746736736736736 0.000536041186979033
0.15945935935935934 0.0005611021984639762
0.16145135135135133 0.0005872611464969161
0.16344334334334332 0.0006145624980963195
0.1654353353353353 0.0006430523502928643
0.1674273273273273 0.0006727784822286235
0.1694193193193193 0.0007037904085948608
0.1714113113113113 0.0007361394344293529
0.17340330330330328 0.0007698787112938781
0.17539529529529527 0.0008050632948521713
0.17738728728728725 0.0008417502038684331
0.17937927927927924 0.0008799984806460022
0.18137127127127126 0.0009198692529254977
0.18336326326326324 0.0009614257972612425
0.18535525525525523 0.0010047336038943775
0.18734724724724722 0.0010498604431404815
0.1893392392392392 0.00109687643330902
0.1913312312312312 0.0011458541101713533
0.1933232232232232 0.0011968684979933282
0.1953152152152152 0.0012499971821479001
0.19730720720720718 0.0013053203833223695
0.19929919919919917 0.001362921033334193
0.20129119119119115 0.0014228848525683485
0.20328318318318317 0.001485300429048455
0.20527517517517516 0.0015502592991529038
0.20726716716716714 0.0016178560299862517
0.20925915915915913 0.0016881883034150823
0.21125115115115112 0.0017613570017765041
0.2132431431431431 0.0018374662952662835
0.21523513513513512 0.0019166237310123588
0.2172271271271271 0.001998940323838292
0.2192191191191191 0.0020845306487198736
0.22121111111111108 0.0021735129349366856
0.22320310310310307 0.002266009161919016
0.22519509509509505 0.0023621451567889893
0.22718708708708707 0.002462050693593272
0.22917907907907906 0.0025658595942229454
0.23117107107107104 0.0026737098310146406
0.23316306306306303 0.0027857436310250267
0.23515505505505502 0.0029021075819691804
0.237147047047047 0.0030229527398112008
0.23913903903903902 0.003148434737993649
0.241131031031031 0.0032787138982904376
0.243123023023023 0.0034139553432652042
0.24511501501501498 0.003554329110315897
0.24710700700700697 0.0037000102672830886
0.24909899899899896 0.003851179029597932
0.25109099099099097 0.004008020878943026
0.25308298298298293 0.0041707266833969385
0.25507497497497494 0.004339492819030786
0.25706696696696696 0.004514521292922495
0.2590589589589589 0.004696019867551946
0.26105095095095093 0.004884202186537088
0.2630429429429429 0.005079287901668757
0.2650349349349349 0.005281502801198721
0.2670269269269269 0.005491078939332644
0.2690189189189189 0.005708254766876665
0.2710109109109109 0.005933275262983323
0.27300290290290286 0.006166392067938962
0.27499489489489487 0.0064078636169322195
0.27698688688688683 0.006657955274739338
0.27897887887887884 0.0069169394712589715
0.28097087087087086 0.007185095837825787
0.2829628628628628 0.007462711344228436
0.28495485485485483 0.007750080436354457
0.2869468468468468 0.008047505174380295
0.2889388388388388 0.00835529537142183
0.2909308308308308 0.008673768732556713
0.2929228228228228 0.009003250994125783
0.2949148148148148 0.009344076063217749
0.29690680680680676 0.009696586157236835
0.29889879879879877 0.010061131943449575
0.30089079079079073 0.010438072678402872
0.30288278278278274 0.010827776347101453
0.30487477477477476 0.0112306198018292
0.3068667667667667 0.011646988900494018
0.30885875875875873 0.012077278644372946
0.3108507507507507 0.012521893315128981
0.3128427427427427 0.012981246610968136
0.3148347347347347 0.013455761781799967
0.3168267267267267 0.013945871763261675
0.3188187187187187 0.01445201930946122
0.32081071071071066 0.014974657124290454
0.32280270270270267 0.015514247991156695
0.3247946946946947 0.016071264900974082
0.32678668668668664 0.0166461911782555
0.32877867867867866 0.01723952060513869
0.3307706706706706 0.01785175754317801
0.33276266266266263 0.01848341705272824
0.3347546546546546 0.019135025009743248
0.3367466466466466 0.01980711821980848
0.3387386386386386 0.020500244529221244
0.3407306306306306 0.02121496293293067
0.3427226226226226 0.02195184367914345
0.34471461461461456 0.022711468370398884
0.34670660660660657 0.023494430060913
0.3486985985985986 0.024301333349987176
0.35069059059059055 0.025132794471273576
0.35268258258258256 0.025989441377686558
0.3546745745745745 0.026871913821745304
0.35666656656656653 0.027780863431129364
0.3586585585585585 0.02871695377922722
0.3606505505505505 0.029680860450452498
0.3626425425425425 0.03067327110010183
0.3646345345345345 0.031694885508524374
0.3666265265265265 0.03274641562937054
0.36861851851851846 0.03382858563168466
0.37061051051051047 0.03494213193560506
0.3726025025025025 0.03608780324143208
0.37459449449449445 0.03726636055182128
0.37658648648648646 0.03847857718686111
0.3785784784784784 0.03972523879178745
0.38057047047047043 0.041007143337090796
0.3825624624624624 0.042325101110767316
0.3845544544544544 0.04367993470246589
0.3865464464464464 0.04507247897928131
0.3885384384384384 0.04650358105294361
0.3905304304304304 0.047974100238154224
0.39252242242242236 0.049484908001817214
0.39451441441441437 0.05103688790291633
0.3965064064064064 0.05263093552278742
0.39849839839839835 0.05426795838553806
0.40049039039039036 0.05594887586836507
0.4024823823823823 0.05767461910152353
0.40447437437437433 0.05944613085770272
0.40646636636636635 0.061264365430563635
0.4084583583583583 0.06313028850219836
0.4104503503503503 0.06504487699927215
0.4124423423423423 0.06700911893761043
0.4144343343343343 0.06902401325500021
0.41642632632632626 0.07109056963197387
0.41841831831831827 0.0732098083003513
0.4204103103103103 0.07538275983931683
0.42240230230230225 0.0776104649588159
0.42439429429429426 0.07989397427005668
0.4263862862862862 0.08223434804291052
0.42837827827827824 0.08463265595000971
0.43037027027027025 0.08708997679734594
0.4323622622622622 0.08960739824117957
0.4343542542542542 0.09218601649107903
0.4363462462462462 0.09482693599891089
0.4383382382382382 0.09753126913361503
0.44033023023023016 0.10030013584160333
0.44232222222222217 0.10313466329262941
0.4443142142142142 0.10603598551098442
0.44630620620620615 0.10900524299188635
0.44829819819819816 0.11204358230293615
0.4502901901901901 0.1151521556705228
0.45228218218218214 0.11833212055107634
0.45427417417417415 0.12158463918706966
0.4562661661661661 0.12491087814768602
0.4582581581581581 0.12831200785408176
0.4602501501501501 0.1317892020891794
0.4622421421421421 0.13534363749194553
0.4642341341341341 0.13897649303611403
0.4662261261261261 0.1426889494933342
0.4682181181181181 0.14648218888073053
0.47021011011011005 0.15035739389287828
0.47220210210210206 0.15431574731821343
0.474194094094094 0.1583584314399057
0.47618608608608604 0.16248662742124362
0.47817807807807805 0.16670151467558977
0.48017007007007 0.17100427022098655
0.482162062062062 0.17539606801950036
0.484154054054054 0.17987807830141467
0.486146046046046 0.18445146687439798
0.488138038038038 0.18911739441778136
0.49013003003003 0.19387701576211264
0.492122022022022 0.19873147915415332
0.49411401401401395 0.20368192550751585
0.49610600600600596 0.2087294876391497
0.4980979979979979 0.21387528949190424
0.50008998998999 0.21912044534341293
0.502081981981982 0.22446605900156472
0.5040739739739739 0.22991322298684552
0.5060659659659659 0.23546301770184877
0.5080579579579579 0.24111651058827682
0.5100499499499499 0.2468747552717708
0.5120419419419419 0.2527387906949301
0.5140339339339339 0.2587096402388932
0.5160259259259259 0.2647883108338804
0.5180179179179178 0.27097579205911226
0.5200099099099098 0.27727305523253964
0.5220019019019019 0.2836810524908364
0.5239938938938938 0.29020071586013196
0.5259858858858858 0.2968329563179745
0.5279778778778779 0.30357866284703666
0.5299698698698698 0.31043870148109304
0.5319618618618618 0.3174139143438243
0.5339538538538539 0.32450511868101245
0.5359458458458458 0.33171310588671304
0.5379378378378378 0.3390386405240204
0.5399298298298297 0.3464824593410372
0.5419218218218218 0.35404527028270305
0.5439138138138138 0.36172775149913144
0.5459058058058057 0.36953055035114846
0.5478977977977978 0.37745428241371143
0.5498897897897898 0.38549953047793234
0.5518817817817817 0.39366684355243536
0.5538737737737737 0.4019567358647848
0.5558657657657657 0.41036968586375466
0.5578577577577577 0.41890613522321213
0.5598497497497497 0.42756648784840806
0.5618417417417417 0.43635110888548206
0.5638337337337337 0.44526032373499713
0.5658257257257256 0.4542944170703482
0.5678177177177176 0.46345363186187966
0.5698097097097097 0.4727381684075794
0.5718017017017016 0.482148183371213
0.5737936936936936 0.49168378882878855
0.5757856856856857 0.5013450513242378
0.5777776776776776 0.5111319909352094
0.5797696696696696 0.5210445803499041
0.5817616616616617 0.5310827439558481
0.5837536536536536 0.5412463569415438
0.5857456456456456 0.5515352444119304
0.5877376376376375 0.5619491805185871
0.5897296296296296 0.5724878876056249
0.5917216216216216 0.5831510353722154
0.5937136136136135 0.5939382400527082
0.5957056056056056 0.6048490636152877
0.5976975975975976 0.6158830129801184
0.5996895895895895 0.6270395392579508
0.6016815815815815 0.6383180370101181
0.6036735735735735 0.6497178435308995
0.6056655655655655 0.6612382381531797
0.6076575575575575 0.6728784415783707
0.6096495495495495 0.6846376152315231
0.6116415415415415 0.6965148606425663
0.6136335335335334 0.7085092188546208
0.6156255255255255 0.7206196698602847
0.6176175175175175 0.7328451320668171
0.6196095095095094 0.7451844617911348
0.6216015015015014 0.757636452785489
0.6235934934934935 0.7701998357947262
0.6255854854854854 0.7828732781459853
0.6275774774774774 0.7956553833717005
0.6295694694694695 0.8085446908667301
0.6315614614614614 0.821539675580444
0.6335534534534534 0.8346387477445785
0.6355454454454453 0.8478402526376304
0.6375374374374374 0.8611424703865682
0.6395294294294294 0.8745436158066006
0.6415214214214213 0.8880418382797317
0.6435134134134134 0.9016352216727913
0.6455054054054054 0.9153217842956306
0.6474973973973973 0.9290994789001276
0.6494893893893894 0.942966192720628
0.6514813813813813 0.9569197475564198
0.6534733733733733 0.9709578998968164
0.6554653653653653 0.9850783410893813
0.6574573573573573 0.9992786975518136
0.6594493493493493 1.0135565310279606
0.6614413413413412 1.0279093388884302
0.6634333333333333 1.0423345544761853
0.6654253253253253 1.0568295474975256
0.6674173173173172 1.0713916244587975
0.6694093093093092 1.0860180291491335
0.6714013013013013 1.1007059431695037
0.6733932932932932 1.1154524865083155
0.6753852852852852 1.1302547181637606
0.6773772772772773 1.145109636813065
0.6793692692692692 1.1600141815287666
0.6813612612612612 1.1749652325421054
0.6833532532532531 1.1899596120535585
0.6853452452452452 1.2049940850905265
0.6873372372372372 1.2200653604121205
0.6893292292292291 1.2351700914609807
0.6913212212212212 1.2503048773619787
0.6933132132132132 1.265466263967648
0.6953052052052051 1.2806507449501288
0.6972971971971972 1.2958547629393615
0.6992891891891891 1.3110747107072274
0.7012811811811811 1.3263069323973076
0.7032731731731731 1.341547724799847
0.7052651651651651 1.3567933386715043
0.7072571571571571 1.3720399800993983
0.709249149149149 1.3872838119089448
0.7112411411411411 1.4025209551148883
0.7132331331331331 1.4177474904149348
0.715225125125125 1.432959459725331
0.717217117117117 1.4481528677576643
0.7192091091091091 1.4633236836361687
0.721201101101101 1.4784678425547157
0.723193093093093 1.493581247472688
0.7251850850850851 1.5086597708488303
0.727177077077077 1.5236992564121752
0.729169069069069 1.5386955209690834
0.731161061061061 1.5536443562453848
0.733153053053053 1.568541530762581
0.735145045045045 1.583382791747034
0.7371370370370369 1.598163867071
0.739129029029029 1.6128804672243588
0.741121021021021 1.6275282873158272
0.7431130130130129 1.642103009102431
0.745105005005005 1.6566003030459457
0.7470969969969969 1.671015830395003
0.7490889889889889 1.6853452452915196
0.7510809809809809 1.6995841969000662
0.7530729729729729 1.7137283315587684
0.7550649649649649 1.7277732949502869
0.7570569569569569 1.7417147342914348
0.7590489489489489 1.7555483005398875
0.7610409409409409 1.7692696506164949
0.7630329329329328 1.7828744496416251
0.7650249249249248 1.7963583731839576
0.7670169169169169 1.809717109520132
0.7690089089089088 1.8229463619036208
0.7710009009009008 1.836041850841188
0.7729928928928929 1.848999316375262
0.7749848848848848 1.8618145203705427
0.7769768768768768 1.874483248803155
0.7789688688688688 1.8870013140506168
0.7809608608608608 1.8993645571809197
0.7829528528528528 1.91156885023897
0.7849448448448447 1.923610098528654
0.7869368368368368 1.9354842428887664
0.7889288288288288 1.9471872619610553
0.7909208208208207 1.9587151744486102
0.7929128128128128 1.9700640413628325
0.7949048048048047 1.9812299682572165
0.7968967967967967 1.9922091074461934
0.7988887887887887 2.002997660207247
0.8008807807807807 2.013591878964571
0.8028727727727727 2.0239880694525016
0.8048647647647647 2.034182592856987
0.8068567567567567 2.04417186793336
0.8088487487487487 2.05395237309869
0.8108407407407406 2.0635206484970134
0.8128327327327327 2.0728732980357485
0.8148247247247247 2.082006991391607
0.8168167167167166 2.090918465984369
0.8188087087087086 2.099604528916869
0.8208007007007007 2.1080620588795846
0.8227926926926926 2.1162880080182367
0.8247846846846846 2.124279403762851
0.8267766766766766 2.132033350616725
0.8287686686686686 2.13954703190381
0.8307606606606606 2.1468177114730294
0.8327526526526525 2.153842735358086
0.8347446446446446 2.160619533391354
0.8367366366366366 2.167145620770475
0.8387286286286285 2.1734185995763413
0.8407206206206206 2.179436160241138
0.8427126126126125 2.1851960829652124
0.8447046046046045 2.1906962390815443
0.8466965965965966 2.1959345923666382
0.8486885885885885 2.2009092002967185
0.8506805805805805 2.205618215248132
0.8526725725725725 2.210059885640928
0.8546645645645645 2.214232557024619
0.8566565565565565 2.218134673105182
0.8586485485485484 2.2217647767124133
0.8606405405405405 2.2251215107067814
0.8626325325325325 2.228203618825005
0.8646245245245244 2.2310099464636046
0.8666165165165164 2.233539441399752
0.8686085085085085 2.235791154448782
0.8706005005005004 2.237764240057799
0.8725924924924924 2.2394579568348454
0.8745844844844844 2.240871668013186
0.8765764764764764 2.242004841850285
0.8785684684684684 2.2428570519611335
0.8805604604604603 2.2434279775856365
0.8825524524524524 2.243717403789821
0.8845444444444444 2.2437252216006867
0.8865364364364363 2.2434514280745894
0.8885284284284284 2.2428961262990867
0.8905204204204203 2.242059525328249
0.8925124124124123 2.2409419400514974
0.8945044044044044 2.239543790996074
0.8964963963963963 2.237865604063324
0.8984883883883883 2.235908010199024
0.9004803803803803 2.233671744998036
0.9024723723723723 2.2311576482436446
0.9044643643643643 2.228366663381976
0.9064563563563562 2.225299836931955
0.9084483483483483 2.2219583178313296
0.9104403403403403 2.2183433567193203
0.9124323323323322 2.2144563051565305
0.9144243243243242 2.210298614782798
0.9164163163163163 2.2058718364137175
0.9184083083083082 2.2011776190766295
0.9204003003003002 2.196217708986903
0.9223922922922922 2.1909939484654135
0.9243842842842842 2.1855082747981514
0.9263762762762762 2.1797627190389415
0.9283682682682682 2.1737594047563205
0.9303602602602602 2.167500546725653
0.9323522522522522 2.1609884495676037
0.9343442442442441 2.154225506334148
0.9363362362362362 2.1472141970433327
0.9383282282282281 2.1399570871640394
0.9403202202202201 2.132456826052048
0.9423122122122122 2.124716145338735
0.9443042042042041 2.1167378572737805
0.9462961961961961 2.108524853023282
0.948288188188188 2.1000801009247256
0.9502801801801801 2.0914066447002875
0.9522721721721721 2.082507601629962
0.954264164164164 2.073386160686056
0.9562561561561561 2.064045580630614
0.9582481481481481 2.054489188077355
0.96024014014014 2.0447203755197325
0.9622321321321321 2.0347425993267607
0.9642241241241241 2.0245593777082522
0.966216116116116 2.0141742886511422
0.968208108108108 2.0035909678285972
0.9702001001001 1.9928131064836094
0.972192092092092 1.9818444492887979
0.974184084084084 1.9706887921841458
0.976176076076076 1.9593499801944287
0.978168068068068 1.9478319052280682
0.98016006006006 1.9361385038591752
0.9821520520520519 1.9242737550945523
0.984144044044044 1.9122416781274068
0.986136036036036 1.9000463300795536
0.9881280280280279 1.887691803733857
0.99012002002002 1.8751822252586958
0.9921120120120119 1.862521751926192
0.9941040040040039 1.849714569825964
0.9960959959959959 1.8367648915761547
0.9980879879879879 1.823676954033457
1.00007997997998 1.8104550160038804
1.002071971971972 1.7971033559559517
1.004063963963964 1.7836262697380618
1.0060559559559559 1.7700280683016378
1.0080479479479478 1.7563130754318073
1.0100399399399398 1.7424856254871919
1.0120319319319317 1.7285500611504678
1.014023923923924 1.7145107311912917
1.016015915915916 1.7003719882431743
1.0180079079079078 1.686138186595848
1.0199998998998998 1.671813680004678
1.0219918918918918 1.6574028195185988
1.0239838838838837 1.6429099513280623
1.0259758758758757 1.628339414634438
1.0279678678678679 1.6136955395422714
1.0299598598598598 1.5989826449757978
1.0319518518518518 1.5842050366210307
1.0339438438438437 1.5693670048947699
1.0359358358358357 1.5544728229417795
1.0379278278278277 1.5395267446613945
1.0399198198198196 1.5245330027647455
1.0419118118118118 1.509495806863779
1.0439038038038038 1.494419341593195
1.0458957957957957 1.4793077647663782
1.0478877877877877 1.4641652055663907
1.0498797797797796 1.448995762773015
1.0518717717717716 1.4338035030268146
1.0538637637637636 1.4185924591311345
1.0558557557557557 1.4033666283929245
1.0578477477477477 1.3881299710032187
1.0598397397397397 1.3728864084580508
1.0618317317317316 1.3576398220205803
1.0638237237237236 1.3423940512251105
1.0658157157157155 1.327152892423669
1.0678077077077077 1.3119200973757652
1.0697996996996997 1.2966993718818989
1.0717916916916916 1.2814943744613303
1.0737836836836836 1.2663087150746213
1.0757756756756756 1.2511459538913607
1.0777676676676675 1.2360096001034768
1.0797596596596595 1.220903110784484
1.0817516516516517 1.205829889794964
1.0837436436436436 1.1907932867345543
1.0857356356356356 1.1757965959406314
1.0877276276276275 1.1608430555339002
1.0897196196196195 1.1459358465109855
1.0917116116116115 1.1310780918841299
1.0937036036036034 1.1162728558680428
1.0956955955955956 1.1015231431138908
1.0976875875875876 1.0868318979904126
1.0996795795795795 1.072202003912051
1.1016715715715715 1.057636282714012
1.1036635635635634 1.0431374940740734
1.1056555555555554 1.028708334980957
1.1076475475475474 1.0143514392490198
1.1096395395395395 1.0000693770789983
1.1116315315315315 0.9858646546645055
1.1136235235235235 0.9717397138439084
1.1156155155155154 0.9576969317972459
1.1176075075075074 0.9437386207877415
1.1195994994994993 0.9298670279474845
1.1215914914914913 0.9160843351067919
1.1235834834834835 0.9023926586667451
1.1255754754754754 0.8887940495143686
1.1275674674674674 0.8752904929798622
1.1295594594594593 0.8618839088353174
1.1315514514514513 0.8485761513342732
1.1335434434434433 0.8353690092914691
1.1355354354354352 0.8222642062021197
1.1375274274274274 0.8092634004000102
1.1395194194194194 0.7963681852536971
1.1415114114114113 0.783580089400051
1.1435034034034033 0.7709005770144026
1.1454953953953952 0.7583310481164887
1.1474873873873872 0.7458728389114009
1.1494793793793794 0.733527222164712
1.1514713713713713 0.7212954076109556
1.1534633633633633 0.7091785423945819
1.1554553553553553 0.697177711542548
1.1574473473473472 0.6852939384676496
1.1594393393393392 0.673528185501702
1.1614313313313311 0.6618813544576683
1.1634233233233233 0.6503542872198254
1.1654153153153153 0.6389477663610449
1.1674073073073072 0.6276625157862487
1.1693992992992992 0.6164992014011198
1.1713912912912912 0.6054584318051177
1.1733832832832831 0.5945407590078483
1.175375275275275 0.583746679167847
1.1773672672672673 0.5730766333528149
1.1793592592592592 0.5625310083203624
1.1813512512512512 0.5521101373182891
1.1833432432432431 0.5418143009034682
1.185335235235235 0.5316437277783649
1.187327227227227 0.5215985956442453
1.189319219219219 0.5116790320701259
1.1913112112112112 0.5018851153765193
1.1933032032032032 0.4922168755330471
1.1952951951951951 0.482674295068965
1.197287187187187 0.473257309995699
1.199279179179179 0.4639658107404575
1.201271171171171 0.45479964309001336
1.203263163163163 0.4457586091437528
1.2052551551551551 0.4368424682750997
1.207247147147147 0.4280509381004347
1.209239139139139 0.41938369545462945
1.211231131131131 0.4108403773723499
1.213223123123123 0.4024205820742674
1.215215115115115 0.3941238699573555
1.2172071071071071 0.3859497645884404
1.219199099099099 0.3778977537002066
1.221191091091091 0.36996729018885594
1.223183083083083 0.36215779311265334
1.225175075075075 0.3544686486905859
1.227167067067067 0.34689921130039697
1.2291590590590589 0.33944880447525994
1.231151051051051 0.3321167218983792
1.233143043043043 0.3249022283948272
1.235135035035035 0.3178045609199233
1.237127027027027 0.3108229295435124
1.2391190190190189 0.3039565184294854
1.2411110110110108 0.29720448680991984
1.2431030030030028 0.2905659699532359
1.245094994994995 0.28404008012577436
1.247086986986987 0.2776259075462331
1.249078978978979 0.27132252133240176
1.2510709709709709 0.2651289704396722
1.2530629629629628 0.2590442845908072
1.2550549549549548 0.25306747519647177
1.2570469469469467 0.24719753626605742
1.259038938938939 0.24143344530834018
1.2610309309309309 0.23577416422154185
1.2630229229229228 0.23021864017236668
1.2650149149149148 0.22476580646363198
1.2670069069069068 0.2194145833901018
1.2689988988988987 0.21416387908216994
1.2709908908908907 0.20901259033705288
1.2729828828828829 0.20395960343716846
1.2749748748748748 0.1990037949554032
1.2769668668668668 0.19414403254697604
1.2789588588588587 0.1893791757276438
1.2809508508508507 0.18470807663799393
1.2829428428428427 0.18012958079359914
1.2849348348348346 0.175642527820821
1.2869268268268268 0.171245752178071
1.2889188188188188 0.16693808386235437
1.2909108108108107 0.16271834910093028
1.2929028028028027 0.1585853710279592
1.2948947947947946 0.15453797034600134
1.2968867867867866 0.15057496597226142
1.2988787787787788 0.14669517566948695
1.3008707707707707 0.14289741666144376
1.3028627627627627 0.13918050623290038
1.3048547547547547 0.135543262314085
1.3068467467467466 0.1319845040495735
1.3088387387387386 0.1285030523515944
1.3108307307307305 0.12509773043774736
1.3128227227227227 0.12176736435314303
1.3148147147147147 0.11851078347698922
1.3168067067067066 0.1153268210136559
1.3187986986986986 0.11221431446827218
1.3207906906906905 0.10917210610691065
1.3227826826826825 0.10619904340143534
1.3247746746746745 0.10329397945909345
1.3267666666666666 0.10045577343694792
1.3287586586586586 0.09768329094125487
1.3307506506506506 0.09497540441189989
1.3327426426426425 0.09233099349202042
1.3347346346346345 0.08974894538294721
1.3367266266266264 0.08722815518460872
1.3387186186186184 0.08476752622154966
1.3407106106106106 0.08236597035472534
1.3427026026026025 0.08002240827923923
1.3446945945945945 0.07773576980819702
1.3466865865865865 0.07550499414286446
1.3486785785785784 0.0733290301293138
1.3506705705705704 0.07120683650175648
1.3526625625625623 0.06913738211276343
1.3546545545545545 0.0671196461505791
1.3566465465465465 0.0651526183437431
1.3586385385385384 0.06323529915323334
1.3606305305305304 0.06136669995235675
1.3626225225225224 0.059545843194609
1.3646145145145143 0.05777176256973575
1.3666065065065063 0.05604350314822563
1.3685984984984985 0.05436012151447327
1.3705904904904904 0.052720685888850816
1.3725824824824824 0.05112427623892629
1.3745744744744743 0.04956998438007752
1.3765664664664663 0.04805691406574163
1.3785584584584583 0.04658418106755063
1.3805504504504504 0.04515091324559891
1.3825424424424424 0.04375625060909362
1.3845344344344344 0.04239934536763485
1.3865264264264263 0.04107936197337993
1.3885184184184183 0.0397954771543381
1.3905104104104102 0.03854687993904864
1.3925024024024022 0.03733277167289137
1.3944943943943944 0.03615236602627844
1.3964863863863863 0.03500488899497759
1.3984783783783783 0.033889578892812584
1.4004703703703703 0.03280568633698859
1.4024623623623622 0.03175247422628738
1.4044543543543542 0.030729217712374492
1.4064463463463461 0.029735204164461456
1.4084383383383383 0.028769733127561196
1.4104303303303303 0.027832116274575682
1.4124223223223222 0.026921677352448353
1.4144143143143142 0.026037752122616324
1.4164063063063062 0.025179688295991074
1.418398298298298 0.024346845462694687
1.42039029029029 0.023538595016776305
1.4223822822822823 0.022754320076129337
1.4243742742742742 0.021993415397828755
1.4263662662662662 0.021255287289101046
1.4283582582582581 0.020539353514140393
1.43035025025025 0.019845043196977837
1.432342242242242 0.019171796720607977
1.434334234234234 0.01851906562257381
1.4363262262262262 0.017886312487207175
1.4383182182182181 0.017273010834717727
1.44031021021021 0.01667864500731916
1.442302202202202 0.01610271005257969
1.444294194194194 0.015544711604176918
1.446286186186186 0.015004165760235161
1.448278178178178 0.014480598959418924
1.4502701701701701 0.013973547854951472
1.452262162162162 0.01348255918672438
1.454254154154154 0.013007189651658636
1.456246146146146 0.012547005772475198
1.458238138138138 0.012101583765027346
1.46023013013013 0.011670509404343908
1.462222122122122 0.011253377889527906
1.464214114114114 0.01084979370765166
1.466206106106106 0.01045937049678368
1.468198098098098 0.010081730908280963
1.47019009009009 0.009716506468473952
1.472182082082082 0.009363337439868535
1.4741740740740739 0.009021872681985347
1.476166066066066 0.008691769511951952
1.478158058058058 0.008372693564960527
1.48015005005005 0.008064318654698442
1.482142042042042 0.0077663266338564236
1.4841340340340339 0.0074784072548142845
1.4861260260260258 0.007200258030600779
1.4881180180180178 0.00693158409622006
1.49011001001001 0.006672098070433606
1.492102002002002 0.006421519918083264
1.494093993993994 0.006179576813036062
1.4960859859859859 0.005946003001829715
1.4980779779779778 0.005720539668092606
1.5000699699699698 0.005502934797809576
1.5020619619619617 0.005292943045500767
1.504053953953954 0.005090325601378146
1.5060459459459459 0.004894850059540267
1.5080379379379378 0.004706290287263129
1.5100299299299298 0.004524426295441839
1.5120219219219218 0.004349044110234342
1.5140139139139137 0.004179935645955862
1.5160059059059057 0.004016898579269464
1.5179978978978979 0.0038597362247154766
1.5199898898898898 0.0037082574116195513
1.5219818818818818 0.003562276362416417
1.5239738738738737 0.0034216125724238974
1.5259658658658657 0.0032860906910989196
1.5279578578578576 0.003155540404804818
1.5299498498498496 0.0030297963211168492
1.5319418418418418 0.002908697854690267
1.5339338338338337 0.002792089114713288
1.5359258258258257 0.0026798187939645873
1.5379178178178177 0.00257174005949333
1.5399098098098096 0.002467710444937182
1.5419018018018016 0.002367591744491894
1.5438937937937938 0.0022712499085441483
1.5458857857857857 0.0021785549409773603
1.5478777777777777 0.0020893807981582
1.5498697697697696 0.0020036052896101686
1.5518617617617616 0.0019211099803784237
1.5538537537537536 0.001841780095088773
1.5558457457457455 0.0017655044237019958
1.5578377377377377 0.0016921752289631386
1.5598297297297297 0.001621688155544186
1.5618217217217216 0.0015539421408767716
1.5638137137137136 0.0014888393276706465
1.5658057057057055 0.0014262849781121073
1.5677976976976975 0.0013661873897354566
1.5697896896896895 0.0013084578129594442
1.5717816816816816 0.0012530103702794863
1.5737736736736736 0.00119976197710554
1.5757656656656656 0.0011486322642342791
1.5777576576576575 0.0010995435019436534
1.5797496496496495 0.0010524205256966632
1.5817416416416414 0.0010071906634406076
1.5837336336336334 0.0009637836644871415
1.5857256256256256 0.0009221316299578446
1.5877176176176175 0.0008821689447792354
1.5897096096096095 0.0008438322112105155
1.5917016016016015 0.0008070601838868756
1.5936935935935934 0.0007717937063604322
1.5956855855855854 0.0007379756491205163
1.5976775775775773 0.0007055508490744565
1.5996695695695695 0.0006744660504696531
1.6016615615615615 0.0006446698472372474
1.6036535535535534 0.0006161126267374362
1.6056455455455454 0.0005887465148860439
1.6076375375375374 0.0005625253226418076
1.6096295295295293 0.0005374044938334175
1.6116215215215215 0.0005133410543052883
1.6136135135135135 0.0004902935623607274
1.6156055055055054 0.0004682220604810396
1.6175974974974974 0.0004470880282989898
1.6195894894894893 0.00042685433680493345
1.6215814814814813 0.0004074852037637821
1.6235734734734732 0.00038894615032101593
1.6255654654654654 0.0003712039587758295
1.6275574574574574 0.0003542266314995365
1.6295494494494493 0.0003379833509773452
1.6315414414414413 0.00032244444095169336
1.6335334334334333 0.0003075813286453064
1.6355254254254252 0.0002933665080422905
1.6375174174174172 0.00027977350420562574
1.6395094094094094 0.00026677683860950864
1.6415014014014013 0.00025435199546518955
1.6434933933933933 0.0002424753890189848
1.6454853853853852 0.00023112433180139797
1.6474773773773772 0.00022027700380637913
1.6494693693693692 0.00020991242257996967
1.6514613613613611 0.0002000104141977343
1.6534533533533533 0.000190551585110636
1.6554453453453453 0.0001815172948391715
1.6574373373373372 0.00017288962949582468
1.6594293293293292 0.0001646513761161509
1.6614213213213211 0.00015678599777900872
1.663413313313313 0.0001492776094967123
1.665405305305305 0.00014211095485616024
1.6673972972972972 0.00013527138339220775
1.6693892892892892 0.00012874482867487273
1.6713812812812812 0.00012251778709217864
1.6733732732732731 0.00011657729731077574
1.675365265265265 0.00011091092039670508
1.677357257257257 0.00010550672057900104
1.679349249249249 0.00010035324663908376
1.6813412412412412 9.543951390920448e-05
1.6833332332332331 9.075498686348975e-05
1.685325225225225 8.628956228542138e-05
1.687317217217217 8.2033552995898e-05
1.689309209209209 7.79776721263148e-05
1.691301201201201 7.411301792138624e-05
1.6932931931931932 7.043105905675434e-05
1.6952851851851851 6.69236204567083e-05
1.697277177177177 6.358286959764033e-05
1.699269169169169 6.0401303283167365e-05
1.701261161161161 5.737173487714073e-05
1.703253153153153 5.448728198105246e-05
1.705245145145145 5.1741354542655764e-05
1.707237137137137 4.912764338289568e-05
1.709229129129129 4.664010912854167e-05
1.711221121121121 4.427297153819715e-05
1.713213113113113 4.202069920965527e-05
1.715205105105105 3.987799965683663e-05
1.717197097097097 3.783980974484077e-05
1.7191890890890889 3.590128647190876e-05
1.721181081081081 3.40577980873703e-05
1.723173073073073 3.230491553492379e-05
1.725165065065065 3.063840421085515e-05
1.727157057057057 2.9054216027074545e-05
1.7291490490490489 2.7548481769102864e-05
1.7311410410410408 2.6117503739399038e-05
1.7331330330330328 2.4757748676668282e-05
1.735125025025025 2.3465840942045684e-05
1.737117017017017 2.223855596328642e-05
1.7391090090090089 2.1072813928338415e-05
1.7411010010010008 1.996567371991062e-05
1.7430929929929928 1.891432708287852e-05
1.7450849849849848 1.791609301659747e-05
1.7470769769769767 1.6968412384421642e-05
1.749068968968969 1.6068842732939563e-05
1.7510609609609609 1.521505331365957e-05
1.7530529529529528 1.440482030008203e-05
1.7550449449449448 1.3636022193309847e-05
1.7570369369369367 1.2906635409543466e-05
1.7590289289289287 1.2214730043011653e-05
1.7610209209209207 1.1558465798077638e-05
1.7630129129129128 1.0936088084454073e-05
1.7650049049049048 1.0345924269643929e-05
1.7669968968968968 9.786380082904814e-06
1.7689888888888887 9.255936165213989e-06
1.7709808808808807 8.753144759882257e-06
1.7729728728728726 8.276626538633851e-06
1.7749648648648648 7.82506755813569e-06
1.7769568568568568 7.3972163421189136e-06
1.7789488488488487 6.991881084392215e-06
1.7809408408408407 6.607926968200574e-06
1.7829328328328327 6.24427359753115e-06
1.7849248248248246 5.899892536112615e-06
1.7869168168168166 5.573804949996917e-06
1.7889088088088088 5.265079349748843e-06
1.7909008008008007 4.972829428403065e-06
1.7928927927927927 4.696211991478345e-06
1.7948847847847846 4.434424975466052e-06
1.7968767767767766 4.1867055513317875e-06
1.7988687687687686 3.952328309690109e-06
1.8008607607607605 3.7306035244276966e-06
1.8028527527527527 3.520875491663313e-06
1.8048447447447447 3.3225209410433452e-06
1.8068367367367366 3.134947516476904e-06
1.8088287287287286 2.957592323519054e-06
1.8108207207207205 2.7899205407101017e-06
1.8128127127127125 2.631424092276546e-06
1.8148047047047045 2.4816203796931097e-06
1.8167966966966966 2.3400510696972755e-06
1.8187886886886886 2.2062809364355742e-06
1.8207806806806806 2.0798967555071584e-06
1.8227726726726725 1.960506247752949e-06
1.8247646646646645 1.8477370707193024e-06
1.8267566566566564 1.7412358558026794e-06
1.8287486486486484 1.6406672891575355e-06
1.8307406406406406 1.5457132345220038e-06
1.8327326326326325 1.4560718961870895e-06
1.8347246246246245 1.3714570204024314e-06
1.8367166166166164 1.2915971335784127e-06
1.8387086086086084 1.2162348157073473e-06
1.8407006006006004 1.14512600748849e-06
1.8426925925925923 1.0780393497006407e-06
1.8446845845845845 1.014755553423808e-06
1.8466765765765765 9.55066799766614e-07
1.8486685685685684 8.987761678094826e-07
1.8506605605605604 8.456970895255113e-07
1.8526525525525523 7.956528304904784e-07
1.8546445445445443 7.484759952414278e-07
1.8566365365365365 7.040080561896831e-07
1.8586285285285284 6.620989050386422e-07
1.8606205205205204 6.226064256996827e-07
1.8626125125125124 5.853960877410235e-07
1.8646045045045043 5.503405594442374e-07
1.8665964964964963 5.173193395814675e-07
1.8685884884884882 4.862184070635412e-07
1.8705804804804804 4.569298876446821e-07
1.8725724724724724 4.293517369038287e-07
1.8745644644644643 4.0338743875552e-07
1.8765564564564563 3.7894571877514676e-07
1.8785484484484483 3.559402716536635e-07
1.8805404404404402 3.3428950212642253e-07
1.8825324324324322 3.1391627874881407e-07
1.8845244244244244 2.9474769991858217e-07
1.8865164164164163 2.7671487157072496e-07
1.8885084084084083 2.5975269599583976e-07
1.8905004004004002 2.4379967125688235e-07
1.8924923923923922 2.28797700702315e-07
1.8944843843843842 2.1469191209579127e-07
1.8964763763763761 2.0143048590375897e-07
1.8984683683683683 1.88964492302792e-07
1.9004603603603603 1.7724773648799164e-07
1.9024523523523522 1.6623661188259578e-07
1.9044443443443442 1.5588996086690518e-07
1.9064363363363361 1.461689426619216e-07
1.908428328328328 1.3703690801960002e-07
1.91042032032032 1.2845928038749672e-07
1.9124123123123122 1.2040344323076022e-07
1.9144043043043042 1.128386332089848e-07
1.9163962962962962 1.0573583891934371e-07
1.9183882882882881 9.906770493081578e-08
1.92038028028028 9.280844084703169e-08
1.922372272272272 8.693373514754538e-08
1.9243642642642642 8.142067356899405e-08
1.9263562562562562 7.624766179884247e-08
1.9283482482482481 7.139435226507127e-08
1.93034024024024 6.684157481545802e-08
1.932332232232232 6.257127108984819e-08
1.934324224224224 5.856643239820181e-08
1.936316216216216 5.481104092613411e-08
1.9383082082082081 5.1290014098224345e-08
1.9403002002002 4.798915193753526e-08
1.942292192192192 4.489508726757948e-08
1.944284184184184 4.199523861043486e-08
1.946276176176176 3.927776564181397e-08
1.948268168168168 3.673152707068878e-08
1.95026016016016 3.434604081755745e-08
1.952252152152152 3.2111446371624025e-08
1.954244144144144 3.0018469213062395e-08
1.956236136136136 2.805838719217038e-08
1.958228128128128 2.6222998762589694e-08
1.96022012012012 2.450459297088281e-08
1.9622121121121119 2.289592110964508e-08
1.9642041041041038 2.1390169945980497e-08
1.966196096096096 1.9980936441603295e-08
1.968188088088088 1.8662203885056012e-08
1.97018008008008 1.7428319360551755e-08
1.972172072072072 1.6273972481793934e-08
1.9741640640640639 1.5194175322762765e-08
1.9761560560560558 1.4184243480946535e-08
1.9781480480480478 1.3239778211793017e-08
1.98014004004004 1.2356649576314097e-08
1.982132032032032 1.1530980546765641e-08
1.9841240240240239 1.0759132018179406e-08
1.9861160160160158 1.0037688676233043e-08
1.9881080080080078 9.363445674524065e-09
1.9901 8.733396076763069e-09
