# x0_trunc = 0.9294016599915838
# sigma_trunc = 0.19030802687727902
# lower_bound = 0.0001
# n  (P_BP-P_GAUSS)
0.0001 1.2274448251124546
0.0051 1.2128146187645688
0.0101 1.2267347682633312
0.0151 1.2072539832018603
0.0201 1.1624241425885442
0.0251 1.1369274158729585
0.0301 1.1226233886919115
0.0351 1.113592122686266
0.0401 1.0793143293863712
0.0451 1.049300918533278
0.0501 1.04121170323454
0.0551 1.027707985680148
0.0601 0.9921264740692775
0.0651 0.9829877435154969
0.0701 0.9646744506150051
0.0751 0.9381826663569356
0.0801 0.9246885623820534
0.0851 0.9095673929367167
0.0901 0.891610893798486
0.0951 0.8701096349819051
0.1001 0.8510656198727777
0.1051 0.8323625309716304
0.1101 0.8175907646336066
0.1151 0.7996725878783592
0.1201 0.7822542534323877
0.1251 0.767543212808766
0.1301 0.7502480462788472
0.1351 0.7357121572427606
0.1401 0.7193563957390449
0.1451 0.702900101593114
0.1501 0.6873879620993825
0.1551 0.6733767117461308
0.1601 0.657705772518866
0.1651 0.6428852837606381
0.1701 0.6277199041180939
0.1751 0.6138444569838214
0.1801 0.5988852883928352
0.1851 0.5852775307018772
0.1901 0.5718047077503099
0.1951 0.5576028854008411
0.2001 0.5442967231544235
0.2051 0.5315488367678111
0.2101 0.5184601834796193
0.2151 0.5054953203630379
0.2201 0.4929219145036525
0.2251 0.48041619966878424
0.2301 0.46812873264704385
0.2351 0.4561183834504239
0.2401 0.44438113905109294
0.2451 0.4328719898879013
0.2501 0.4212425625226641
0.2551 0.40999324083784844
0.2601 0.39896365291215447
0.2651 0.38822071743402026
0.2701 0.37739042677244367
0.2751 0.36689849027626503
0.2801 0.3565244396849685
0.2851 0.3463844726469799
0.2901 0.33639775044409925
0.2951 0.3266075893149522
0.3001 0.31702066826167025
0.3051 0.30751514874081065
0.3101 0.2981775206367467
0.3151 0.28904951701506015
0.3201 0.2801407744437767
0.3251 0.27129110431330644
0.3301 0.26264445735241604
0.3351 0.25422434197762905
0.3401 0.24591534296220255
0.3451 0.23772798795981223
0.3501 0.22975579109061056
0.3551 0.2219163015031152
0.3601 0.2142221861024563
0.3651 0.20671051184373904
0.3701 0.19932541896229894
0.3751 0.19211638969766087
0.3801 0.18504839384910457
0.3851 0.17811574475537506
0.3901 0.17133298729167917
0.3951 0.1647033254599629
0.4001 0.15819916098723882
0.4051 0.15185760430923073
0.4101 0.1456406726565592
0.4151 0.13956996541414557
0.4201 0.13362222309243835
0.4251 0.1278235672254984
0.4301 0.12215940842221187
0.4351 0.11661487948830701
0.4401 0.11121453922804052
0.4451 0.10593725302216812
0.4501 0.10078702686336628
0.4551 0.09576452707788329
0.4601 0.09087810979065915
0.4651 0.08610410902136287
0.4701 0.08145803875053628
0.4751 0.07692580038633326
0.4801 0.07251878064743056
0.4851 0.06823039306766351
0.4901 0.06405492508897993
0.4951 0.06000051502922916
0.5001 0.0560550824323397
0.5051 0.05222642319533312
0.5101 0.04851003784229883
0.5151 0.044902739295879526
0.5201 0.04140255650850885
0.5251 0.0380086356236992
0.5301 0.03472114134689083
0.5351 0.03154116055358456
0.5401 0.02846287819634286
0.5451 0.02548649372556681
0.5501 0.022613464390479253
0.5551 0.01983642686900974
0.5601 0.017160328854692385
0.5651 0.014578797296906098
0.5701 0.012093954926835201
0.5751 0.009703818934632793
0.5801 0.00740593576940612
0.5851 0.005202543465238393
0.5901 0.0030856155436328283
0.5951 0.0010593550711846143
0.6001 -0.0008772495316325809
0.6051 -0.002729229788832838
0.6101 -0.004494911322184704
0.6151 -0.006178393550307277
0.6201 -0.007777546989495326
0.6251 -0.009295460462779013
0.6301 -0.01073275445015858
0.6351 -0.012091134362085672
0.6401 -0.013371595588123805
0.6451 -0.014574491961578243
0.6501 -0.015703802722822232
0.6551 -0.016758319580361804
0.6601 -0.017740325899337984
0.6651 -0.018651188318476834
0.6701 -0.019491479403243733
0.6751 -0.020262252949502065
0.6801 -0.02096606935011551
0.6851 -0.02160346675167778
0.6901 -0.02217643307456336
0.6951 -0.022684100930258237
0.7001 -0.023130097700931343
0.7051 -0.023514223757141975
0.7101 -0.02383859575121224
0.7151 -0.024103729862168466
0.7201 -0.024312287674452725
0.7251 -0.02446371101566559
0.7301 -0.02456129958115433
0.7351 -0.02460450291382647
0.7401 -0.024595723375785927
0.7451 -0.02453541200090285
0.7501 -0.024426078263534125
0.7551 -0.024267741487984308
0.7601 -0.024062532688281246
0.7651 -0.02381174328341688
0.7701 -0.023516659778302147
0.7751 -0.023178630683090222
0.7801 -0.022798480066867903
0.7851 -0.022377903334773474
0.7901 -0.021918831086988028
0.7951 -0.021421647504746705
0.8001 -0.02088781196814106
0.8051 -0.020319840390299715
0.8101 -0.019717812775857296
0.8151 -0.019083080420842613
0.8201 -0.018418243494203176
0.8251 -0.01772381393544329
0.8301 -0.017001180368164188
0.8351 -0.016251547311458014
0.8401 -0.015477091499971141
0.8451 -0.014678876948951087
0.8501 -0.013857519679206247
0.8551 -0.013015859990803434
0.8601 -0.012154335417734329
0.8651 -0.011274707683748018
0.8701 -0.010378068458895377
0.8751 -0.009466426656589567
0.8801 -0.008540766350561661
0.8851 -0.007602616955703424
0.8901 -0.006653607414435628
0.8951 -0.005695036218451636
0.9001 -0.004728415930490327
0.9051 -0.003755036963712623
0.9101 -0.0027769760962510818
0.9151 -0.0017947360611760672
0.9201 -0.000810643279432792
0.9251 0.0001744742739949188
0.9301 0.00115838855466103
0.9351 0.002140789675971516
0.9401 0.0031189724942074846
0.9451 0.004092116686371182
0.9501 0.0050584138573238875
0.9551 0.006016978009724267
0.9601 0.006965929602285974
0.9651 0.0079033544821396
0.9701 0.008828776537154047
0.9751 0.009739778401916414
0.9801 0.010635425984481913
0.9851 0.011514353644712535
0.9901 0.012374282034569615
0.9951 0.013215055663885006
1.0001 0.014034182682888197
1.0051 0.01483038790258418
1.0101 0.015602161637591554
1.0151 0.016348862909379112
1.0201 0.017068165047173154
1.0251 0.017758727028860687
1.0301 0.018419232631427866
1.0351 0.01904902786253511
1.0401 0.01964542933512862
1.0451 0.020207671821699403
1.0501 0.020734817571387554
1.0551 0.021224651833496987
1.0601 0.021676687470485068
1.0651 0.022088731652157724
1.0701 0.022459335498565634
1.0751 0.022788610213842476
1.0801 0.02307327377173072
1.0851 0.023313734073892884
1.0901 0.023507787722370686
1.0951 0.023654618452973807
1.1001 0.02375221635902596
1.1051 0.023800267378088442
1.1101 0.023797479355187057
1.1151 0.023741567286325663
1.1201 0.02363238314494964
1.1251 0.023469073298455097
1.1301 0.023249252562994163
1.1351 0.022973164648630588
1.1401 0.022638000939481377
1.1451 0.022244790524921763
1.1501 0.021790668752055105
1.1551 0.02127605732165633
1.1601 0.020698311373507413
1.1651 0.020058475644329686
1.1701 0.019353481123182973
1.1751 0.018584274756130198
1.1801 0.017748628007585587
1.1851 0.016846487091673853
1.1901 0.0158755323199805
1.1951 0.01483709930145639
1.2001 0.013730333379235455
1.2051 0.012551757442230081
1.2101 0.011303246088366636
1.2151 0.009982792600600488
1.2201 0.008591327769730109
1.2251 0.007125321400846481
1.2301 0.005587409381206848
1.2351 0.003973809237079579
1.2401 0.002287276137127538
1.2451 0.00052527167132155
1.2501 -0.001311508481352642
1.2551 -0.003224682766496467
1.2601 -0.005214555882546457
1.2651 -0.007282205149817721
1.2701 -0.009425096469246663
1.2751 -0.011646313269790024
1.2801 -0.0139457611660596
1.2851 -0.01632227372998305
1.2901 -0.018776449401513826
1.2951 -0.021311373758104334
1.3001 -0.023920795859122
1.3051 -0.026610310661721807
1.3101 -0.029379787430482467
1.3151 -0.032225711980849246
1.3201 -0.03515234626759435
1.3251 -0.03815773419328386
1.3301 -0.04123655603077012
1.3351 -0.04439807706459313
1.3401 -0.04763659923504383
1.3451 -0.05095310544098158
1.3501 -0.05434679934574572
1.3551 -0.057820748396463645
1.3601 -0.061371121631755295
1.3651 -0.0649919246612066
1.3701 -0.06869574630248812
1.3751 -0.07247578021959278
1.3801 -0.07633113137008905
1.3851 -0.08025259160852614
1.3901 -0.08425609788706026
1.3951 -0.088334611003077
1.4001 -0.09249088193879436
1.4051 -0.0967088759345707
1.4101 -0.10100556706717156
1.4151 -0.10536900969532033
1.4201 -0.10980089390204271
1.4251 -0.11430800669050081
1.4301 -0.11888908231619269
1.4351 -0.12353189265116643
1.4401 -0.12824453656240367
1.4451 -0.1330262049548631
1.4501 -0.13786368707403096
1.4551 -0.1427702481662148
1.4601 -0.1477498541257904
1.4651 -0.1527679508067808
1.4701 -0.15787148503129442
1.4751 -0.1630187444540428
1.4801 -0.1682616239235534
1.4851 -0.17351394605305923
1.4901 -0.17885903786426022
1.4951 -0.18422749316782028
1.5001 -0.18967182634170682
1.5051 -0.195189027378645
1.5101 -0.20074389313083094
1.5151 -0.20630965250782318
1.5201 -0.21199117392834677
1.5251 -0.21769813426283038
1.5301 -0.22340065733259976
1.5351 -0.22923659488809003
1.5401 -0.23509298056390818
1.5451 -0.24093135991524212
1.5501 -0.24682825489011964
1.5551 -0.25281588295683477
1.5601 -0.25885466375607286
1.5651 -0.26492284373658925
1.5701 -0.27088835065530403
1.5751 -0.2770605598637919
1.5801 -0.2832511684584545
1.5851 -0.2894135907290987
1.5901 -0.29552702709704365
1.5951 -0.3018266988391125
1.6001 -0.30797634754041625
1.6051 -0.3143299006437566
1.6101 -0.3205807695258458
1.6151 -0.32697152922996914
1.6201 -0.3332100887052768
1.6251 -0.3396965254232674
1.6301 -0.3462215521324357
1.6351 -0.35253589246666256
1.6401 -0.3588570327521552
1.6451 -0.36556906955566176
1.6501 -0.37204003424477855
1.6551 -0.3781014341126429
1.6601 -0.38511523696209754
1.6651 -0.3909262371904742
1.6701 -0.39803886002272154
1.6751 -0.40401959899305057
1.6801 -0.4110711016946665
1.6851 -0.4174535903894861
1.6901 -0.42347801318090667
1.6951 -0.4297254543360001
1.7001 -0.4371469511757156
1.7051 -0.4433256950561127
1.7101 -0.4490564369697684
1.7151 -0.45568381181700796
1.7201 -0.46262249654168763
1.7251 -0.4690406879608706
1.7301 -0.4771242592598362
1.7351 -0.4827851011435527
1.7401 -0.48829635693454143
1.7451 -0.49266263179794595
1.7501 -0.499737063352909
1.7551 -0.5095859456747256
1.7601 -0.5156362274823499
1.7651 -0.5226802694181614
1.7701 -0.5300769284971433
1.7751 -0.5368970115055915
1.7801 -0.5418415424538324
1.7851 -0.5431402729743179
1.7901 -0.5516138302899747
1.7951 -0.5542931037017975
1.8001 -0.564532207373923
1.8051 -0.5654248327764217
1.8101 -0.5733996290836745
1.8151 -0.5903677860831625
1.8201 -0.5914077039836199
1.8251 -0.5994139830055664
1.8301 -0.6162941485917646
1.8351 -0.6048528756025999
1.8401 -0.5968615615761398
1.8451 -0.5935058069434641
1.8501 -0.5962478544657192
1.8551 -0.6068843957471546
1.8601 -0.6276159667066885
1.8651 -0.6611302219863509
1.8701 -0.6142691067274427
1.8751 -0.6704684080798021
1.8801 -0.6243804297181016
1.8851 -0.7143673213269617
1.8901 -0.6739692086271317
1.8951 -0.6276004661338864
1.9001 -0.5743433483569755
1.9051 -0.7565669672943907
1.9101 -0.7213690372383228
1.9151 -0.6808616269375675
1.9201 -0.6342128346444548
1.9251 -0.5804558358724174
1.9301 -0.5184662950268256
1.9351 -0.4469358823677713
1.9401 -1.0
1.9451 -1.0
1.9501 -1.0
1.9551 -1.0
1.9601 -1.0
1.9651 -1.0
1.9701 -1.0
1.9751 -1.0
1.9801 -1.0
1.9851 -1.0
1.9901 -1.0
