# T mu conv av_mess var_mess true_av true_var gauss_av gauss_var gauss_skewness
1 10 25 1 0.000477 0.000097 0.969873 0.001001 0.970904 0.001000 0.000000
1 12 25 1 0.000394 0.000067 0.964250 0.001002 0.965287 0.001000 0.000000
1 14 25 1 0.000334 0.000049 0.958692 0.001002 0.959736 0.001001 0.000000
1 16 25 1 0.000290 0.000037 0.953197 0.001002 0.954247 0.001001 0.000000
1 18 25 1 0.000256 0.000029 0.947765 0.001002 0.948822 0.001001 0.000000
1 20 26 1 0.000228 0.000024 0.942395 0.001002 0.943458 0.001001 0.000000
1 22 26 1 0.000206 0.000019 0.937085 0.001003 0.938154 0.001001 0.000000
1 24 26 1 0.000187 0.000016 0.931835 0.001003 0.932910 0.001002 0.000000
1 26 26 1 0.000171 0.000014 0.926643 0.001003 0.927724 0.001002 0.000000
1 28 26 1 0.000158 0.000012 0.921508 0.001004 0.922596 0.001002 0.000000
1 30 26 1 0.000146 0.000010 0.916430 0.001004 0.917524 0.001003 0.000000
1 32 26 1 0.000136 0.000009 0.911407 0.001004 0.912508 0.001003 0.000000
1 34 26 1 0.000127 0.000008 0.906440 0.001005 0.907547 0.001003 0.000000
1 36 26 1 0.000119 0.000007 0.901526 0.001005 0.902640 0.001004 0.000000
1 38 26 1 0.000112 0.000006 0.896665 0.001006 0.897785 0.001004 0.000000
1 40 26 1 0.000106 0.000006 0.891856 0.001006 0.892983 0.001005 0.000000
1 42 28 1 0.000100 0.000005 0.887098 0.001007 0.888232 0.001005 0.000000
1 44 28 1 0.000095 0.000005 0.882391 0.001007 0.883531 0.001006 0.000000
1 46 28 1 0.000090 0.000004 0.877733 0.001008 0.878880 0.001006 0.000000
1 48 31 1 0.000086 0.000004 0.873124 0.001008 0.874278 0.001007 0.000000
1 50 31 1 0.000082 0.000004 0.868564 0.001009 0.869724 0.001008 0.000000
1 52 31 1 0.000078 0.000003 0.864050 0.001010 0.865218 0.001008 0.000000
1 54 31 1 0.000075 0.000003 0.859584 0.001010 0.860758 0.001009 0.000000
1 56 31 1 0.000072 0.000003 0.855163 0.001011 0.856344 0.001010 0.000000
1 58 31 1 0.000069 0.000003 0.850787 0.001012 0.851975 0.001010 0.000000
1 60 31 1 0.000066 0.000002 0.846456 0.001012 0.847651 0.001011 0.000000
1 62 31 1 0.000064 0.000002 0.842169 0.001013 0.843371 0.001012 0.000000
1 64 32 1 0.000061 0.000002 0.837925 0.001014 0.839133 0.001013 0.000000
1 66 32 1 0.000059 0.000002 0.833723 0.001015 0.834939 0.001013 0.000000
1 68 32 1 0.000057 0.000002 0.829563 0.001016 0.830786 0.001014 0.000000
1 70 32 1 0.000055 0.000002 0.825445 0.001017 0.826675 0.001015 0.000000
1 72 32 1 0.000054 0.000002 0.821367 0.001018 0.822604 0.001016 0.000000
1 74 32 1 0.000052 0.000002 0.817329 0.001018 0.818574 0.001017 0.000000
1 76 32 1 0.000050 0.000002 0.813330 0.001019 0.814583 0.001018 0.000000
1 78 32 1 0.000049 0.000001 0.809371 0.001020 0.810631 0.001019 0.000000
1 80 32 1 0.000047 0.000001 0.805450 0.001021 0.806717 0.001020 0.000000
1 82 32 1 0.000046 0.000001 0.801566 0.001023 0.802841 0.001021 0.000000
1 84 32 1 0.000045 0.000001 0.797720 0.001024 0.799002 0.001022 0.000000
1 86 32 1 0.000043 0.000001 0.793911 0.001025 0.795200 0.001023 0.000000
1 88 32 1 0.000042 0.000001 0.790137 0.001026 0.791434 0.001024 0.000000
1 90 32 1 0.000041 0.000001 0.786400 0.001027 0.787704 0.001025 0.000000
1 92 32 1 0.000040 0.000001 0.782697 0.001028 0.784010 0.001027 0.000000
1 94 36 1 0.000039 0.000001 0.779029 0.001030 0.780349 0.001028 0.000000
1 96 36 1 0.000038 0.000001 0.775396 0.001031 0.776724 0.001029 0.000000
1 98 36 1 0.000037 0.000001 0.771795 0.001032 0.773131 0.001030 0.000000
1 100 36 1 0.000036 0.000001 0.768229 0.001033 0.769573 0.001032 0.000000
1 102 36 1 0.000035 0.000001 0.764695 0.001035 0.766047 0.001033 0.000000
1 104 36 1 0.000034 0.000001 0.761193 0.001036 0.762553 0.001034 0.000000
1 106 36 1 0.000034 0.000001 0.757723 0.001038 0.759091 0.001036 0.000000
1 108 36 1 0.000033 0.000001 0.754285 0.001039 0.755661 0.001037 0.000000
1 110 36 1 0.000032 0.000001 0.750878 0.001041 0.752262 0.001039 0.000000
1 112 36 1 0.000031 0.000001 0.747501 0.001042 0.748894 0.001040 0.000000
1 114 36 1 0.000031 0.000001 0.744154 0.001044 0.745555 0.001042 0.000000
1 116 36 1 0.000030 0.000001 0.740837 0.001045 0.742247 0.001043 0.000000
1 118 36 1 0.000030 0.000001 0.737550 0.001047 0.738968 0.001045 0.000000
1 120 36 1 0.000029 0.000001 0.734292 0.001049 0.735719 0.001047 0.000000
1 122 36 1 0.000028 0.000001 0.731062 0.001050 0.732498 0.001048 0.000000
1 124 36 1 0.000028 0.000001 0.727861 0.001052 0.729305 0.001050 0.000000
1 126 38 1 0.000027 0.000001 0.724687 0.001054 0.726140 0.001052 0.000000
1 128 38 1 0.000027 0.000001 0.721541 0.001056 0.723003 0.001054 0.000000
1 130 38 1 0.000026 0.000000 0.718422 0.001058 0.719893 0.001056 0.000000
1 132 38 1 0.000026 0.000000 0.715330 0.001060 0.716810 0.001057 0.000000
1 134 38 1 0.000025 0.000000 0.712264 0.001062 0.713753 0.001059 0.000000
1 136 38 1 0.000025 0.000000 0.709225 0.001064 0.710723 0.001061 0.000000
1 138 38 1 0.000024 0.000000 0.706211 0.001066 0.707719 0.001063 0.000000
1 140 38 1 0.000024 0.000000 0.703223 0.001068 0.704740 0.001065 0.000000
1 142 38 1 0.000023 0.000000 0.700260 0.001070 0.701786 0.001068 0.000000
1 144 38 1 0.000023 0.000000 0.697321 0.001072 0.698857 0.001070 0.000000
1 146 38 1 0.000023 0.000000 0.694408 0.001074 0.695953 0.001072 0.000000
1 148 38 1 0.000022 0.000000 0.691518 0.001077 0.693073 0.001074 0.000000
1 150 38 1 0.000022 0.000000 0.688652 0.001079 0.690218 0.001076 0.000000
1 152 38 1 0.000022 0.000000 0.685810 0.001081 0.687385 0.001079 0.000000
1 154 38 1 0.000021 0.000000 0.682992 0.001084 0.684577 0.001081 0.000000
1 156 38 1 0.000021 0.000000 0.680196 0.001086 0.681791 0.001084 0.000000
1 158 38 1 0.000021 0.000000 0.677423 0.001089 0.679029 0.001086 0.000000
1 160 42 1 0.000020 0.000000 0.674673 0.001091 0.676289 0.001089 0.000000
1 162 42 1 0.000020 0.000000 0.671945 0.001094 0.673571 0.001091 0.000000
1 164 42 1 0.000020 0.000000 0.669238 0.001097 0.670875 0.001094 0.000000
1 166 42 1 0.000019 0.000000 0.666554 0.001099 0.668201 0.001097 0.000000
1 168 42 1 0.000019 0.000000 0.663891 0.001102 0.665549 0.001099 0.000000
1 170 42 1 0.000019 0.000000 0.661249 0.001105 0.662918 0.001102 0.000000
1 172 42 1 0.000018 0.000000 0.658628 0.001108 0.660308 0.001105 0.000000
1 174 42 1 0.000018 0.000000 0.656027 0.001111 0.657719 0.001108 0.000000
1 176 42 1 0.000018 0.000000 0.653447 0.001114 0.655150 0.001111 0.000000
1 178 42 1 0.000018 0.000000 0.650887 0.001117 0.652601 0.001114 0.000000
1 180 42 1 0.000017 0.000000 0.648347 0.001120 0.650073 0.001117 0.000000
1 182 42 1 0.000017 0.000000 0.645827 0.001123 0.647565 0.001120 0.000000
1 184 42 1 0.000017 0.000000 0.643327 0.001127 0.645076 0.001123 0.000000
1 186 42 1 0.000017 0.000000 0.640845 0.001130 0.642607 0.001127 0.000000
1 188 42 1 0.000016 0.000000 0.638383 0.001133 0.640156 0.001130 0.000000
1 190 42 1 0.000016 0.000000 0.635939 0.001137 0.637725 0.001134 0.000000
1 192 42 1 0.000016 0.000000 0.633514 0.001140 0.635313 0.001137 0.000000
1 194 42 1 0.000016 0.000000 0.631108 0.001144 0.632919 0.001141 0.000000
1 196 42 1 0.000016 0.000000 0.628719 0.001148 0.630543 0.001144 0.000000
1 198 45 1 0.000015 0.000000 0.626349 0.001152 0.628186 0.001148 0.000000
1 200 45 1 0.000015 0.000000 0.623996 0.001155 0.625846 0.001152 0.000000
1 202 45 1 0.000015 0.000000 0.621661 0.001159 0.623525 0.001156 0.000000
1 204 45 1 0.000015 0.000000 0.619344 0.001163 0.621220 0.001160 0.000000
1 206 45 1 0.000015 0.000000 0.617043 0.001168 0.618934 0.001164 0.000000
1 208 45 1 0.000014 0.000000 0.614760 0.001172 0.616664 0.001168 0.000000
1 210 45 1 0.000014 0.000000 0.612493 0.001176 0.614412 0.001173 0.000000
1 212 45 1 0.000014 0.000000 0.610243 0.001181 0.612176 0.001177 0.000000
1 214 45 1 0.000014 0.000000 0.608010 0.001185 0.609957 0.001181 0.000000
1 216 45 1 0.000014 0.000000 0.605792 0.001190 0.607754 0.001186 0.000000
1 218 45 1 0.000013 0.000000 0.603591 0.001195 0.605568 0.001191 0.000000
1 220 45 1 0.000013 0.000000 0.601406 0.001199 0.603398 0.001195 0.000000
1 222 46 1 0.000013 0.000000 0.599236 0.001204 0.601244 0.001200 0.000000
1 224 48 1 0.000013 0.000000 0.597082 0.001209 0.599106 0.001205 0.000000
1 226 48 1 0.000013 0.000000 0.594943 0.001215 0.596983 0.001210 0.000000
1 228 48 1 0.000013 0.000000 0.592820 0.001220 0.594876 0.001216 0.000000
1 230 48 1 0.000013 0.000000 0.590712 0.001225 0.592784 0.001221 0.000000
1 232 48 1 0.000012 0.000000 0.588618 0.001231 0.590708 0.001227 0.000000
1 234 48 1 0.000012 0.000000 0.586540 0.001237 0.588646 0.001232 0.000000
1 236 48 1 0.000012 0.000000 0.584476 0.001243 0.586600 0.001238 0.000000
1 238 48 1 0.000012 0.000000 0.582426 0.001249 0.584568 0.001244 0.000000
1 240 48 1 0.000012 0.000000 0.580391 0.001255 0.582551 0.001250 0.000000
1 242 48 1 0.000012 0.000000 0.578370 0.001261 0.580548 0.001256 0.000000
1 244 48 1 0.000012 0.000000 0.576363 0.001268 0.578560 0.001263 0.000000
1 246 51 1 0.000011 0.000000 0.574369 0.001274 0.576586 0.001269 0.000000
1 248 51 1 0.000011 0.000000 0.572390 0.001281 0.574626 0.001276 0.000000
1 250 51 1 0.000011 0.000000 0.570424 0.001288 0.572680 0.001283 0.000000
1 252 51 1 0.000011 0.000000 0.568471 0.001295 0.570748 0.001290 0.000000
1 254 51 1 0.000011 0.000000 0.566532 0.001303 0.568830 0.001298 0.000000
1 256 51 1 0.000011 0.000000 0.564606 0.001311 0.566925 0.001305 0.000000
1 258 51 1 0.000011 0.000000 0.562693 0.001318 0.565034 0.001313 0.000000
1 260 51 1 0.000010 0.000000 0.560793 0.001327 0.563156 0.001321 0.000000
1 262 51 1 0.000010 0.000000 0.558905 0.001335 0.561291 0.001329 0.000000
1 264 51 1 0.000010 0.000000 0.557031 0.001343 0.559440 0.001338 0.000000
1 266 51 1 0.000010 0.000000 0.555168 0.001352 0.557602 0.001346 0.000000
1 268 51 1 0.000010 0.000000 0.553318 0.001361 0.555776 0.001355 0.000000
1 270 51 1 0.000010 0.000000 0.551481 0.001371 0.553964 0.001365 0.000000
1 272 51 1 0.000010 0.000000 0.549655 0.001381 0.552164 0.001374 0.000000
1 274 51 1 0.000010 0.000000 0.547842 0.001391 0.550378 0.001384 0.000000
1 276 51 1 0.000010 0.000000 0.546040 0.001401 0.548603 0.001394 0.000000
1 278 51 1 0.000009 0.000000 0.544251 0.001412 0.546842 0.001405 0.000000
1 280 53 1 0.000009 0.000000 0.542472 0.001423 0.545093 0.001416 0.000000
1 282 53 1 0.000009 0.000000 0.540706 0.001434 0.543356 0.001427 0.000000
1 284 53 1 0.000009 0.000000 0.538951 0.001446 0.541632 0.001439 0.000000
1 286 55 1 0.000009 0.000000 0.537207 0.001459 0.539920 0.001451 0.000000
1 288 55 1 0.000009 0.000000 0.535475 0.001472 0.538220 0.001464 0.000000
1 290 55 1 0.000009 0.000000 0.533753 0.001485 0.536532 0.001477 0.000000
1 292 55 1 0.000009 0.000000 0.532043 0.001499 0.534857 0.001491 0.000000
1 294 56 1 0.000009 0.000000 0.530343 0.001513 0.533194 0.001505 0.000000
1 296 56 1 0.000008 0.000000 0.528655 0.001528 0.531543 0.001520 0.000000
1 298 57 1 0.000008 0.000000 0.526977 0.001544 0.529904 0.001536 0.000000
1 300 57 1 0.000008 0.000000 0.525309 0.001561 0.528277 0.001552 0.000000
1 302 58 1 0.000008 0.000000 0.523652 0.001578 0.526663 0.001569 0.000000
1 304 59 1 0.000008 0.000000 0.522006 0.001596 0.525061 0.001587 0.000000
1 306 64 1 0.000008 0.000000 0.520369 0.001615 0.523470 0.001606 0.000000
1 308 64 1 0.000008 0.000000 0.518743 0.001635 0.521893 0.001625 0.000000
1 310 64 1 0.000008 0.000000 0.517127 0.001656 0.520327 0.001646 0.000000
1 312 64 1 0.000008 0.000000 0.515522 0.001679 0.518775 0.001668 0.000000
1 314 67 1 0.000008 0.000000 0.513926 0.001702 0.517235 0.001691 0.000000
1 316 67 1 0.000007 0.000000 0.512339 0.001728 0.515708 0.001716 0.000000
1 318 67 1 0.000007 0.000000 0.510763 0.001754 0.514194 0.001742 0.000000
1 320 68 1 0.000007 0.000000 0.509196 0.001783 0.512694 0.001770 0.000000
1 322 68 1 0.000007 0.000000 0.507639 0.001813 0.511207 0.001800 0.000000
1 324 72 1 0.000007 0.000000 0.506091 0.001846 0.509736 0.001833 0.000000
1 326 72 1 0.000007 0.000000 0.504553 0.001882 0.508279 0.001868 0.000000
1 328 75 1 0.000007 0.000000 0.503023 0.001920 0.506837 0.001906 0.000000
1 330 76 1 0.000007 0.000000 0.501504 0.001963 0.505413 0.001947 0.000000
1 332 78 1 0.000007 0.000000 0.499993 0.002009 0.504007 0.001993 0.000000
1 334 80 1 0.000007 0.000000 0.498491 0.002060 0.502620 0.002043 0.000000
1 336 87 1 0.000006 0.000000 0.496998 0.002118 0.501256 0.002100 0.000000
1 338 88 1 0.000006 0.000000 0.495514 0.002183 0.499916 0.002164 0.000000
1 340 92 1 0.000006 0.000000 0.494039 0.002258 0.498606 0.002237 0.000000
1 342 97 1 0.000006 0.000000 0.492572 0.002347 0.497332 0.002324 0.000000
1 344 105 1 0.000006 0.000000 0.491114 0.002453 0.496105 0.002428 0.000000
10 10 25 1 0.003447 0.003751 0.960654 0.010117 0.971184 0.010003 0.000000
10 12 25 1 0.003197 0.003328 0.955029 0.010119 0.965624 0.010004 0.000000
10 14 25 1 0.002966 0.002951 0.949469 0.010122 0.960129 0.010006 0.000000
10 16 25 1 0.002755 0.002616 0.943972 0.010126 0.954698 0.010008 0.000000
10 18 25 1 0.002563 0.002322 0.938538 0.010129 0.949330 0.010010 0.000000
10 20 25 1 0.002389 0.002063 0.933166 0.010133 0.944023 0.010012 0.000000
10 22 26 1 0.002232 0.001837 0.927853 0.010137 0.938778 0.010015 0.000000
10 24 26 1 0.002090 0.001639 0.922601 0.010141 0.933592 0.010018 0.000000
10 26 26 1 0.001962 0.001467 0.917407 0.010146 0.928465 0.010021 0.000000
10 28 26 1 0.001846 0.001317 0.912270 0.010151 0.923396 0.010024 0.000000
10 30 26 1 0.001742 0.001187 0.907190 0.010156 0.918384 0.010027 0.000000
10 32 26 1 0.001648 0.001072 0.902165 0.010162 0.913427 0.010031 0.000000
10 34 26 1 0.001562 0.000972 0.897195 0.010167 0.908526 0.010035 0.000000
10 36 26 1 0.001484 0.000885 0.892279 0.010173 0.903679 0.010040 0.000000
10 38 26 1 0.001414 0.000808 0.887415 0.010179 0.898885 0.010044 0.000000
10 40 26 1 0.001349 0.000740 0.882604 0.010186 0.894144 0.010049 0.000000
10 42 28 1 0.001290 0.000680 0.877844 0.010193 0.889454 0.010054 0.000000
10 44 28 1 0.001236 0.000627 0.873135 0.010200 0.884815 0.010059 0.000000
10 46 28 1 0.001187 0.000579 0.868475 0.010207 0.880226 0.010065 0.000000
10 48 31 1 0.001141 0.000537 0.863863 0.010215 0.875687 0.010071 0.000000
10 50 31 1 0.001098 0.000499 0.859300 0.010223 0.871196 0.010077 0.000000
10 52 31 1 0.001059 0.000466 0.854785 0.010231 0.866753 0.010083 0.000000
10 54 31 1 0.001022 0.000435 0.850315 0.010240 0.862356 0.010090 0.000000
10 56 31 1 0.000989 0.000407 0.845892 0.010248 0.858007 0.010097 0.000000
10 58 31 1 0.000957 0.000383 0.841514 0.010258 0.853702 0.010104 0.000000
10 60 31 1 0.000927 0.000360 0.837180 0.010267 0.849443 0.010112 0.000000
10 62 31 1 0.000899 0.000339 0.832891 0.010277 0.845228 0.010119 0.000000
10 64 32 1 0.000873 0.000320 0.828644 0.010287 0.841057 0.010127 0.000000
10 66 32 1 0.000849 0.000303 0.824440 0.010297 0.836928 0.010136 0.000000
10 68 32 1 0.000826 0.000287 0.820277 0.010308 0.832842 0.010144 0.000000
10 70 32 1 0.000804 0.000273 0.816156 0.010319 0.828798 0.010153 0.000000
10 72 32 1 0.000783 0.000259 0.812076 0.010330 0.824795 0.010162 0.000000
10 74 32 1 0.000764 0.000247 0.808035 0.010341 0.820832 0.010172 0.000000
10 76 32 1 0.000745 0.000235 0.804034 0.010353 0.816910 0.010182 0.000000
10 78 32 1 0.000728 0.000225 0.800072 0.010365 0.813027 0.010192 0.000000
10 80 32 1 0.000711 0.000215 0.796148 0.010378 0.809182 0.010202 0.000000
10 82 32 1 0.000695 0.000206 0.792262 0.010391 0.805376 0.010213 0.000000
10 84 32 1 0.000680 0.000197 0.788413 0.010404 0.801608 0.010223 0.000000
10 86 32 1 0.000666 0.000189 0.784601 0.010418 0.797877 0.010235 0.000000
10 88 32 1 0.000652 0.000181 0.780825 0.010432 0.794183 0.010246 0.000000
10 90 32 1 0.000639 0.000174 0.777084 0.010446 0.790525 0.010258 0.000000
10 92 32 1 0.000626 0.000168 0.773379 0.010460 0.786903 0.010270 0.000000
10 94 36 1 0.000614 0.000161 0.769708 0.010475 0.783317 0.010283 0.000000
10 96 36 1 0.000602 0.000156 0.766072 0.010491 0.779765 0.010296 0.000000
10 98 36 1 0.000591 0.000150 0.762469 0.010506 0.776247 0.010309 0.000000
10 100 36 1 0.000580 0.000145 0.758899 0.010523 0.772763 0.010322 0.000000
10 102 36 1 0.000570 0.000140 0.755362 0.010539 0.769313 0.010336 0.000000
10 104 36 1 0.000560 0.000135 0.751857 0.010556 0.765896 0.010350 0.000000
10 106 36 1 0.000551 0.000131 0.748385 0.010573 0.762511 0.010365 0.000000
10 108 36 1 0.000542 0.000127 0.744943 0.010591 0.759159 0.010380 0.000000
10 110 36 1 0.000533 0.000123 0.741533 0.010609 0.755838 0.010395 0.000000
10 112 36 1 0.000524 0.000119 0.738153 0.010627 0.752548 0.010411 0.000000
10 114 36 1 0.000516 0.000115 0.734803 0.010646 0.749290 0.010427 0.000000
10 116 36 1 0.000508 0.000112 0.731483 0.010665 0.746062 0.010443 0.000000
10 118 36 1 0.000500 0.000109 0.728193 0.010685 0.742865 0.010460 0.000000
10 120 36 1 0.000493 0.000105 0.724931 0.010705 0.739697 0.010477 0.000000
10 122 36 1 0.000485 0.000103 0.721698 0.010726 0.736558 0.010494 0.000000
10 124 38 1 0.000478 0.000100 0.718493 0.010747 0.733449 0.010512 0.000000
10 126 38 1 0.000472 0.000097 0.715316 0.010768 0.730369 0.010531 0.000000
10 128 38 1 0.000465 0.000094 0.712167 0.010790 0.727317 0.010549 0.000000
10 130 38 1 0.000459 0.000092 0.709044 0.010812 0.724293 0.010568 0.000000
10 132 38 1 0.000453 0.000090 0.705949 0.010835 0.721296 0.010588 0.000000
10 134 38 1 0.000446 0.000087 0.702880 0.010859 0.718328 0.010608 0.000000
10 136 38 1 0.000441 0.000085 0.699837 0.010883 0.715386 0.010628 0.000000
10 138 38 1 0.000435 0.000083 0.696819 0.010907 0.712471 0.010649 0.000000
10 140 38 1 0.000429 0.000081 0.693827 0.010932 0.709583 0.010671 0.000000
10 142 38 1 0.000424 0.000079 0.690860 0.010958 0.706721 0.010693 0.000000
10 144 38 1 0.000419 0.000077 0.687918 0.010984 0.703884 0.010715 0.000000
10 146 38 1 0.000414 0.000075 0.685000 0.011010 0.701074 0.010738 0.000000
10 148 38 1 0.000409 0.000074 0.682107 0.011037 0.698289 0.010761 0.000000
10 150 38 1 0.000404 0.000072 0.679237 0.011065 0.695529 0.010785 0.000000
10 152 38 1 0.000399 0.000070 0.676390 0.011093 0.692794 0.010809 0.000000
10 154 38 1 0.000395 0.000069 0.673567 0.011122 0.690083 0.010834 0.000000
10 156 38 1 0.000390 0.000067 0.670767 0.011152 0.687397 0.010859 0.000000
10 158 42 1 0.000386 0.000066 0.667989 0.011182 0.684735 0.010885 0.000000
10 160 42 1 0.000381 0.000065 0.665234 0.011213 0.682097 0.010912 0.000000
10 162 42 1 0.000377 0.000063 0.662500 0.011244 0.679483 0.010939 0.000000
10 164 42 1 0.000373 0.000062 0.659788 0.011277 0.676892 0.010967 0.000000
10 166 42 1 0.000369 0.000061 0.657097 0.011310 0.674324 0.010996 0.000000
10 168 42 1 0.000365 0.000059 0.654428 0.011344 0.671780 0.011025 0.000000
10 170 42 1 0.000361 0.000058 0.651779 0.011378 0.669259 0.011055 0.000000
10 172 42 1 0.000358 0.000057 0.649150 0.011413 0.666761 0.011085 0.000001
10 174 42 1 0.000354 0.000056 0.646541 0.011450 0.664286 0.011116 0.000001
10 176 42 1 0.000350 0.000055 0.643952 0.011487 0.661834 0.011149 0.000001
10 178 42 1 0.000347 0.000054 0.641383 0.011525 0.659404 0.011182 0.000001
10 180 42 1 0.000343 0.000053 0.638832 0.011564 0.656998 0.011216 0.000001
10 182 42 1 0.000340 0.000052 0.636299 0.011604 0.654614 0.011251 0.000001
10 184 42 1 0.000337 0.000051 0.633785 0.011645 0.652253 0.011287 0.000001
10 186 42 1 0.000333 0.000050 0.631288 0.011687 0.649915 0.011324 0.000002
10 188 42 1 0.000330 0.000049 0.628808 0.011731 0.647601 0.011362 0.000002
10 190 42 1 0.000327 0.000048 0.626345 0.011776 0.645310 0.011402 0.000002
10 192 45 1 0.000324 0.000047 0.623897 0.011822 0.643044 0.011443 0.000003
10 194 45 1 0.000321 0.000046 0.621465 0.011870 0.640802 0.011486 0.000003
10 196 45 1 0.000318 0.000046 0.619047 0.011920 0.638586 0.011531 0.000004
10 198 45 1 0.000315 0.000045 0.616642 0.011972 0.636396 0.011578 0.000005
10 200 45 1 0.000312 0.000044 0.614251 0.012026 0.634233 0.011628 0.000006
10 202 45 1 0.000309 0.000043 0.611871 0.012083 0.632099 0.011680 0.000007
10 204 45 1 0.000306 0.000043 0.609501 0.012142 0.629995 0.011736 0.000009
10 206 45 1 0.000304 0.000042 0.607140 0.012205 0.627924 0.011795 0.000011
10 208 46 1 0.000301 0.000041 0.604787 0.012272 0.625887 0.011859 0.000013
10 210 48 1 0.000298 0.000040 0.602440 0.012343 0.623889 0.011927 0.000016
10 212 48 1 0.000295 0.000040 0.600095 0.012419 0.621932 0.012002 0.000019
10 214 48 1 0.000293 0.000039 0.597752 0.012502 0.620022 0.012085 0.000024
10 216 48 1 0.000290 0.000038 0.595405 0.012592 0.618166 0.012176 0.000029
10 218 51 1 0.000287 0.000038 0.593052 0.012691 0.616371 0.012279 0.000036
10 220 51 1 0.000284 0.000037 0.590687 0.012802 0.614648 0.012395 0.000044
10 222 51 1 0.000282 0.000036 0.588303 0.012928 0.613011 0.012530 0.000056
10 224 51 1 0.000279 0.000036 0.585892 0.013072 0.611483 0.012688 0.000070
10 226 53 1 0.000276 0.000035 0.583440 0.013242 0.610092 0.012877 0.000090
10 228 53 1 0.000273 0.000034 0.580928 0.013446 0.608884 0.013110 0.000116
10 230 56 1 0.000269 0.000034 0.578329 0.013703 0.607932 0.013407 0.000154
10 232 59 1 0.000266 0.000033 0.575592 0.014039 0.607366 0.013805 0.000209
10 234 67 1 0.000262 0.000032 0.572621 0.014514 0.607447 0.014376 0.000298
10 236 75 1 0.000257 0.000031 0.569186 0.015278 0.608823 0.015305 0.000458
20 10 25 1 0.004176 0.005045 0.949930 0.020496 0.971509 0.020006 0.000000
20 12 25 1 0.004031 0.004782 0.944297 0.020506 0.966015 0.020009 0.000000
20 14 25 1 0.003892 0.004530 0.938728 0.020516 0.960587 0.020012 0.000000
20 16 25 1 0.003757 0.004290 0.933222 0.020526 0.955223 0.020016 0.000000
20 18 25 1 0.003626 0.004061 0.927779 0.020538 0.949922 0.020020 0.000000
20 20 25 1 0.003501 0.003844 0.922397 0.020549 0.944684 0.020025 0.000000
20 22 25 1 0.003380 0.003639 0.917074 0.020562 0.939507 0.020030 0.000000
20 24 26 1 0.003264 0.003444 0.911810 0.020575 0.934390 0.020036 0.000000
20 26 26 1 0.003153 0.003260 0.906604 0.020588 0.929332 0.020042 0.000000
20 28 26 1 0.003047 0.003087 0.901454 0.020602 0.924333 0.020049 0.000000
20 30 26 1 0.002946 0.002923 0.896360 0.020617 0.919392 0.020056 0.000000
20 32 26 1 0.002849 0.002769 0.891320 0.020632 0.914507 0.020064 0.000000
20 34 26 1 0.002757 0.002625 0.886333 0.020648 0.909678 0.020072 0.000000
20 36 26 1 0.002669 0.002489 0.881398 0.020665 0.904904 0.020081 0.000000
20 38 26 1 0.002585 0.002361 0.876514 0.020682 0.900184 0.020090 0.000000
20 40 26 1 0.002505 0.002241 0.871679 0.020699 0.895517 0.020100 0.000000
20 42 26 1 0.002429 0.002129 0.866892 0.020718 0.890904 0.020111 0.000000
20 44 28 1 0.002356 0.002023 0.862152 0.020737 0.886342 0.020122 0.000000
20 46 28 1 0.002288 0.001924 0.857457 0.020756 0.881832 0.020133 0.000000
20 48 28 1 0.002222 0.001831 0.852806 0.020776 0.877373 0.020146 0.000000
20 50 31 1 0.002160 0.001744 0.848198 0.020797 0.872965 0.020158 0.000000
20 52 31 1 0.002100 0.001663 0.843629 0.020818 0.868607 0.020172 0.000000
20 54 31 1 0.002044 0.001586 0.839100 0.020840 0.864298 0.020186 0.000000
20 56 31 1 0.001990 0.001514 0.834606 0.020862 0.860039 0.020201 0.000000
20 58 31 1 0.001938 0.001447 0.830148 0.020886 0.855829 0.020217 0.000000
20 60 31 1 0.001889 0.001384 0.825721 0.020909 0.851669 0.020234 0.000000
20 62 31 1 0.001843 0.001324 0.821325 0.020933 0.847558 0.020251 0.000000
20 64 32 1 0.001798 0.001268 0.816955 0.020958 0.843496 0.020269 0.000000
20 66 32 1 0.001756 0.001216 0.812608 0.020984 0.839485 0.020289 0.000001
20 68 32 1 0.001716 0.001167 0.808283 0.021010 0.835523 0.020309 0.000001
20 70 32 1 0.001677 0.001120 0.803974 0.021037 0.831613 0.020331 0.000001
20 72 32 1 0.001640 0.001077 0.799679 0.021064 0.827755 0.020355 0.000001
20 74 32 1 0.001605 0.001036 0.795392 0.021093 0.823951 0.020380 0.000002
20 76 32 1 0.001572 0.000998 0.791109 0.021122 0.820201 0.020406 0.000002
20 78 32 1 0.001540 0.000962 0.786825 0.021153 0.816507 0.020435 0.000003
20 80 32 1 0.001509 0.000928 0.782534 0.021185 0.812872 0.020466 0.000003
20 82 36 1 0.001480 0.000896 0.778231 0.021219 0.809299 0.020500 0.000004
20 84 36 1 0.001452 0.000866 0.773909 0.021255 0.805789 0.020537 0.000005
20 86 36 1 0.001426 0.000838 0.769561 0.021294 0.802348 0.020577 0.000006
20 88 36 1 0.001400 0.000812 0.765178 0.021335 0.798978 0.020622 0.000007
20 90 36 1 0.001376 0.000787 0.760754 0.021381 0.795684 0.020671 0.000009
20 92 36 1 0.001353 0.000765 0.756279 0.021432 0.792471 0.020725 0.000011
20 94 36 1 0.001331 0.000743 0.751744 0.021489 0.789347 0.020785 0.000013
20 96 38 1 0.001310 0.000724 0.747139 0.021554 0.786317 0.020852 0.000016
20 98 38 1 0.001290 0.000705 0.742453 0.021628 0.783389 0.020926 0.000020
20 100 38 1 0.001271 0.000688 0.737675 0.021715 0.780572 0.021010 0.000024
20 102 38 1 0.001253 0.000673 0.732794 0.021816 0.777877 0.021104 0.000028
20 104 38 1 0.001236 0.000659 0.727798 0.021936 0.775314 0.021210 0.000034
20 106 42 1 0.001220 0.000646 0.722673 0.022079 0.772897 0.021329 0.000040
20 108 42 1 0.001205 0.000635 0.717407 0.022250 0.770639 0.021464 0.000048
20 110 42 1 0.001191 0.000625 0.711986 0.022456 0.768558 0.021616 0.000057
20 112 42 1 0.001177 0.000616 0.706398 0.022703 0.766671 0.021788 0.000067
20 114 45 1 0.001165 0.000608 0.700627 0.023000 0.765000 0.021983 0.000079
20 116 45 1 0.001153 0.000602 0.694661 0.023358 0.763567 0.022203 0.000093
20 118 45 1 0.001142 0.000597 0.688486 0.023789 0.762400 0.022453 0.000108
20 120 48 1 0.001132 0.000594 0.682089 0.024307 0.761529 0.022735 0.000126
20 122 48 1 0.001123 0.000591 0.675459 0.024929 0.760987 0.023055 0.000146
20 124 51 1 0.001115 0.000590 0.668586 0.025672 0.760812 0.023416 0.000168
20 126 51 1 0.001108 0.000591 0.661459 0.026558 0.761048 0.023824 0.000193
20 128 51 1 0.001101 0.000593 0.654075 0.027611 0.761742 0.024282 0.000219
20 130 53 1 0.001095 0.000596 0.646430 0.028856 0.762947 0.024797 0.000246
20 132 55 1 0.001090 0.000600 0.638528 0.030322 0.764720 0.025371 0.000273
20 134 58 1 0.001086 0.000606 0.630379 0.032038 0.767122 0.026008 0.000299
20 136 64 1 0.001082 0.000613 0.622001 0.034032 0.770216 0.026709 0.000320
20 138 68 1 0.001079 0.000621 0.613422 0.036332 0.774063 0.027472 0.000334
20 140 72 1 0.001077 0.000630 0.604685 0.038960 0.778720 0.028290 0.000335
20 142 76 1 0.001076 0.000641 0.595845 0.041933 0.784230 0.029153 0.000320
20 144 87 1 0.001075 0.000653 0.586975 0.045253 0.790617 0.030042 0.000281
20 146 95 1 0.001075 0.000665 0.578159 0.048910 0.797878 0.030931 0.000214
20 148 107 1 0.001075 0.000678 0.569496 0.052877 0.805973 0.031790 0.000114
20 150 130 1 0.001075 0.000692 0.561090 0.057105 0.814822 0.032584 -0.000021
20 152 165 1 0.001076 0.000707 0.553044 0.061530 0.824301 0.033276 -0.000190
20 154 244 1 0.001077 0.000722 0.545453 0.066076 0.834254 0.033833 -0.000387
20 156 485 1 0.001078 0.000736 0.538393 0.070658 0.844496 0.034231 -0.000603
25 10 21 1 0.004331 0.005333 0.944004 0.025799 0.971689 0.025008 0.000000
25 12 25 1 0.004215 0.005117 0.938290 0.025812 0.966234 0.025011 0.000000
25 14 25 1 0.004101 0.004909 0.932627 0.025825 0.960847 0.025015 0.000000
25 16 25 1 0.003990 0.004707 0.927009 0.025839 0.955527 0.025020 0.000000
25 18 25 1 0.003882 0.004514 0.921435 0.025853 0.950272 0.025026 0.000000
25 20 25 1 0.003778 0.004328 0.915899 0.025867 0.945084 0.025032 0.000000
25 22 25 1 0.003676 0.004150 0.910396 0.025881 0.939960 0.025039 0.000000
25 24 25 1 0.003578 0.003979 0.904922 0.025896 0.934902 0.025047 0.000000
25 26 26 1 0.003483 0.003815 0.899472 0.025910 0.929909 0.025056 0.000000
25 28 26 1 0.003391 0.003659 0.894038 0.025925 0.924981 0.025065 0.000000
25 30 26 1 0.003302 0.003510 0.888615 0.025939 0.920120 0.025076 0.000000
25 32 26 1 0.003217 0.003368 0.883194 0.025953 0.915325 0.025088 0.000000
25 34 26 1 0.003135 0.003233 0.877768 0.025968 0.910598 0.025101 0.000000
25 36 26 1 0.003056 0.003104 0.872329 0.025982 0.905941 0.025115 0.000000
25 38 26 1 0.002980 0.002982 0.866867 0.025997 0.901354 0.025131 0.000001
25 40 26 1 0.002907 0.002866 0.861371 0.026013 0.896841 0.025148 0.000001
25 42 28 1 0.002837 0.002757 0.855832 0.026029 0.892404 0.025168 0.000001
25 44 28 1 0.002770 0.002653 0.850237 0.026047 0.888046 0.025189 0.000001
25 46 31 1 0.002707 0.002555 0.844575 0.026067 0.883771 0.025213 0.000002
25 48 31 1 0.002646 0.002463 0.838833 0.026091 0.879583 0.025241 0.000002
25 50 31 1 0.002588 0.002376 0.832997 0.026120 0.875487 0.025271 0.000003
25 52 32 1 0.002533 0.002294 0.827055 0.026155 0.871488 0.025305 0.000004
25 54 32 1 0.002480 0.002218 0.820992 0.026199 0.867593 0.025344 0.000005
25 56 32 1 0.002430 0.002147 0.814795 0.026255 0.863809 0.025388 0.000006
25 58 32 1 0.002383 0.002081 0.808449 0.026327 0.860144 0.025437 0.000007
25 60 32 1 0.002339 0.002019 0.801943 0.026418 0.856605 0.025493 0.000009
25 62 36 1 0.002297 0.001962 0.795264 0.026533 0.853202 0.025556 0.000011
25 64 36 1 0.002258 0.001910 0.788400 0.026680 0.849946 0.025627 0.000013
25 66 36 1 0.002222 0.001863 0.781343 0.026863 0.846846 0.025708 0.000016
25 68 36 1 0.002188 0.001820 0.774083 0.027091 0.843915 0.025799 0.000019
25 70 38 1 0.002156 0.001781 0.766616 0.027373 0.841163 0.025901 0.000023
25 72 38 1 0.002128 0.001747 0.758939 0.027717 0.838604 0.026016 0.000028
25 74 38 1 0.002101 0.001717 0.751051 0.028134 0.836251 0.026144 0.000033
25 76 38 1 0.002077 0.001691 0.742955 0.028635 0.834117 0.026288 0.000038
25 78 42 1 0.002055 0.001669 0.734657 0.029230 0.832215 0.026448 0.000045
25 80 42 1 0.002036 0.001650 0.726168 0.029930 0.830560 0.026626 0.000051
25 82 42 1 0.002019 0.001636 0.717500 0.030746 0.829165 0.026822 0.000059
25 84 45 1 0.002005 0.001626 0.708670 0.031688 0.828044 0.027037 0.000067
25 86 45 1 0.001992 0.001619 0.699699 0.032765 0.827210 0.027273 0.000075
25 88 46 1 0.001982 0.001615 0.690610 0.033985 0.826675 0.027530 0.000083
25 90 48 1 0.001973 0.001615 0.681431 0.035354 0.826451 0.027808 0.000091
25 92 48 1 0.001967 0.001618 0.672190 0.036877 0.826549 0.028107 0.000099
25 94 51 1 0.001962 0.001625 0.662920 0.038556 0.826977 0.028428 0.000106
25 96 51 1 0.001960 0.001634 0.653653 0.040390 0.827743 0.028768 0.000111
25 98 51 1 0.001958 0.001645 0.644426 0.042376 0.828851 0.029127 0.000115
25 100 55 1 0.001959 0.001659 0.635274 0.044510 0.830305 0.029503 0.000116
25 102 56 1 0.001961 0.001676 0.626232 0.046784 0.832103 0.029892 0.000114
25 104 59 1 0.001964 0.001694 0.617336 0.049188 0.834243 0.030292 0.000108
25 106 64 1 0.001969 0.001715 0.608622 0.051709 0.836716 0.030699 0.000097
25 108 67 1 0.001975 0.001737 0.600120 0.054333 0.839513 0.031108 0.000081
25 110 69 1 0.001982 0.001760 0.591863 0.057044 0.842619 0.031515 0.000059
25 112 75 1 0.001989 0.001785 0.583878 0.059826 0.846015 0.031913 0.000030
25 114 78 1 0.001998 0.001811 0.576190 0.062660 0.849679 0.032299 -0.000005
25 116 87 1 0.002007 0.001838 0.568818 0.065529 0.853586 0.032665 -0.000047
25 118 92 1 0.002017 0.001866 0.561782 0.068414 0.857708 0.033008 -0.000095
25 120 97 1 0.002028 0.001895 0.555092 0.071298 0.862015 0.033322 -0.000150
25 122 107 1 0.002038 0.001924 0.548758 0.074164 0.866474 0.033603 -0.000210
25 124 121 1 0.002050 0.001953 0.542784 0.076996 0.871051 0.033848 -0.000274
25 126 137 1 0.002061 0.001982 0.537172 0.079781 0.875715 0.034053 -0.000342
25 128 163 1 0.002073 0.002011 0.531918 0.082505 0.880432 0.034217 -0.000412
25 130 206 1 0.002085 0.002041 0.527016 0.085158 0.885171 0.034339 -0.000483
25 132 269 1 0.002097 0.002070 0.522457 0.087731 0.889902 0.034419 -0.000553
25 134 410 1 0.002109 0.002099 0.518230 0.090217 0.894598 0.034459 -0.000622
25 136 942 1 0.002121 0.002128 0.514320 0.092609 0.899235 0.034459 -0.000688
28 10 25 1 0.004400 0.005462 0.938197 0.028966 0.971865 0.028009 0.000000
28 12 25 1 0.004296 0.005269 0.932047 0.028972 0.966463 0.028014 0.000000
28 14 25 1 0.004195 0.005081 0.925878 0.028978 0.961137 0.028019 0.000000
28 16 25 1 0.004096 0.004900 0.919681 0.028983 0.955888 0.028026 0.000000
28 18 25 1 0.004000 0.004726 0.913440 0.028987 0.950718 0.028033 0.000000
28 20 25 1 0.003906 0.004558 0.907144 0.028992 0.945629 0.028042 0.000000
28 22 26 1 0.003816 0.004397 0.900776 0.028998 0.940622 0.028052 0.000000
28 24 26 1 0.003728 0.004242 0.894322 0.029005 0.935702 0.028064 0.000000
28 26 26 1 0.003643 0.004095 0.887764 0.029014 0.930872 0.028078 0.000000
28 28 26 1 0.003562 0.003953 0.881087 0.029029 0.926136 0.028094 0.000001
28 30 26 1 0.003483 0.003819 0.874272 0.029049 0.921499 0.028113 0.000001
28 32 26 1 0.003407 0.003691 0.867302 0.029079 0.916966 0.028134 0.000001
28 34 28 1 0.003335 0.003571 0.860161 0.029122 0.912545 0.028159 0.000002
28 36 28 1 0.003266 0.003456 0.852831 0.029182 0.908241 0.028188 0.000002
28 38 31 1 0.003200 0.003349 0.845298 0.029264 0.904062 0.028221 0.000003
28 40 31 1 0.003138 0.003248 0.837547 0.029374 0.900018 0.028258 0.000003
28 42 32 1 0.003079 0.003153 0.829568 0.029520 0.896116 0.028302 0.000004
28 44 32 1 0.003023 0.003066 0.821350 0.029709 0.892367 0.028352 0.000006
28 46 32 1 0.002970 0.002984 0.812888 0.029952 0.888780 0.028409 0.000007
28 48 32 1 0.002921 0.002910 0.804180 0.030257 0.885366 0.028474 0.000009
28 50 36 1 0.002876 0.002841 0.795227 0.030635 0.882134 0.028548 0.000011
28 52 36 1 0.002833 0.002779 0.786034 0.031097 0.879097 0.028631 0.000013
28 54 36 1 0.002794 0.002723 0.776613 0.031654 0.876264 0.028724 0.000016
28 56 36 1 0.002759 0.002673 0.766978 0.032316 0.873645 0.028829 0.000019
28 58 38 1 0.002726 0.002629 0.757148 0.033094 0.871251 0.028946 0.000022
28 60 38 1 0.002697 0.002591 0.747147 0.033996 0.869090 0.029076 0.000026
28 62 38 1 0.002671 0.002559 0.737003 0.035029 0.867171 0.029219 0.000030
28 64 42 1 0.002648 0.002532 0.726745 0.036198 0.865503 0.029375 0.000034
28 66 42 1 0.002628 0.002510 0.716408 0.037508 0.864091 0.029546 0.000038
28 68 42 1 0.002611 0.002493 0.706025 0.038959 0.862941 0.029731 0.000042
28 70 45 1 0.002596 0.002481 0.695635 0.040549 0.862057 0.029930 0.000046
28 72 45 1 0.002585 0.002474 0.685274 0.042275 0.861442 0.030142 0.000050
28 74 46 1 0.002575 0.002470 0.674979 0.044132 0.861097 0.030368 0.000053
28 76 48 1 0.002568 0.002471 0.664787 0.046111 0.861023 0.030607 0.000055
28 78 51 1 0.002564 0.002475 0.654730 0.048204 0.861216 0.030857 0.000057
28 80 51 1 0.002561 0.002483 0.644844 0.050397 0.861675 0.031117 0.000057
28 82 51 1 0.002560 0.002494 0.635158 0.052681 0.862394 0.031386 0.000055
28 84 51 1 0.002561 0.002507 0.625699 0.055041 0.863366 0.031661 0.000052
28 86 55 1 0.002564 0.002524 0.616492 0.057463 0.864584 0.031942 0.000046
28 88 56 1 0.002568 0.002542 0.607560 0.059936 0.866037 0.032225 0.000038
28 90 57 1 0.002573 0.002563 0.598920 0.062444 0.867714 0.032509 0.000028
28 92 64 1 0.002580 0.002585 0.590589 0.064975 0.869602 0.032790 0.000014
28 94 67 1 0.002588 0.002609 0.582577 0.067516 0.871689 0.033067 -0.000003
28 96 68 1 0.002596 0.002635 0.574894 0.070056 0.873958 0.033337 -0.000023
28 98 72 1 0.002606 0.002661 0.567546 0.072583 0.876394 0.033597 -0.000046
28 100 75 1 0.002616 0.002689 0.560536 0.075088 0.878981 0.033846 -0.000072
28 102 78 1 0.002627 0.002717 0.553866 0.077560 0.881701 0.034080 -0.000101
28 104 87 1 0.002639 0.002747 0.547533 0.079993 0.884537 0.034298 -0.000133
28 106 88 1 0.002650 0.002776 0.541534 0.082379 0.887472 0.034498 -0.000168
28 108 95 1 0.002663 0.002806 0.535863 0.084712 0.890488 0.034679 -0.000204
28 110 102 1 0.002675 0.002836 0.530513 0.086987 0.893568 0.034840 -0.000243
28 112 110 1 0.002688 0.002867 0.525476 0.089200 0.896696 0.034979 -0.000282
28 114 121 1 0.002701 0.002897 0.520741 0.091347 0.899855 0.035097 -0.000323
28 116 133 1 0.002714 0.002928 0.516298 0.093426 0.903032 0.035193 -0.000364
28 118 155 1 0.002728 0.002958 0.512136 0.095434 0.906211 0.035266 -0.000405
28 120 169 1 0.002741 0.002988 0.508242 0.097372 0.909381 0.035319 -0.000445
28 122 206 1 0.002754 0.003018 0.504605 0.099237 0.912528 0.035350 -0.000484
28 124 250 1 0.002768 0.003047 0.501211 0.101031 0.915643 0.035361 -0.000522
28 126 326 1 0.002781 0.003077 0.498048 0.102752 0.918715 0.035353 -0.000559
28 128 463 1 0.002794 0.003106 0.495103 0.104402 0.921736 0.035326 -0.000593
28 130 877 1 0.002807 0.003134 0.492365 0.105983 0.924700 0.035283 -0.000625
31 10 25 1 0.004461 0.005577 0.923256 0.032035 0.972324 0.031014 0.000000
31 12 25 1 0.004369 0.005405 0.915373 0.032051 0.967080 0.031021 0.000000
31 14 25 1 0.004280 0.005240 0.907274 0.032079 0.961945 0.031029 0.000000
31 16 25 1 0.004194 0.005081 0.898937 0.032125 0.956924 0.031040 0.000000
31 18 26 1 0.004111 0.004929 0.890341 0.032197 0.952025 0.031054 0.000000
31 20 26 1 0.004030 0.004783 0.881469 0.032300 0.947254 0.031071 0.000001
31 22 26 1 0.003953 0.004645 0.872304 0.032444 0.942621 0.031091 0.000001
31 24 26 1 0.003879 0.004514 0.862836 0.032640 0.938135 0.031115 0.000001
31 26 26 1 0.003809 0.004390 0.853057 0.032898 0.933804 0.031143 0.000002
31 28 28 1 0.003742 0.004273 0.842966 0.033232 0.929639 0.031177 0.000002
31 30 31 1 0.003678 0.004164 0.832567 0.033652 0.925649 0.031216 0.000003
31 32 31 1 0.003619 0.004063 0.821871 0.034174 0.921846 0.031262 0.000004
31 34 32 1 0.003563 0.003969 0.810895 0.034809 0.918238 0.031316 0.000005
31 36 32 1 0.003510 0.003883 0.799662 0.035568 0.914834 0.031376 0.000006
31 38 32 1 0.003462 0.003804 0.788202 0.036463 0.911645 0.031446 0.000007
31 40 36 1 0.003418 0.003732 0.776550 0.037501 0.908677 0.031524 0.000009
31 42 36 1 0.003377 0.003668 0.764745 0.038688 0.905937 0.031612 0.000010
31 44 36 1 0.003340 0.003611 0.752829 0.040026 0.903433 0.031709 0.000012
31 46 38 1 0.003306 0.003560 0.740850 0.041516 0.901167 0.031817 0.000014
31 48 38 1 0.003276 0.003517 0.728853 0.043154 0.899143 0.031935 0.000016
31 50 38 1 0.003250 0.003479 0.716886 0.044933 0.897364 0.032064 0.000018
31 52 42 1 0.003226 0.003448 0.704995 0.046844 0.895830 0.032203 0.000020
31 54 42 1 0.003206 0.003423 0.693224 0.048877 0.894540 0.032352 0.000022
31 56 42 1 0.003189 0.003402 0.681614 0.051019 0.893491 0.032510 0.000023
31 58 45 1 0.003175 0.003387 0.670205 0.053254 0.892681 0.032677 0.000025
31 60 45 1 0.003163 0.003377 0.659029 0.055568 0.892105 0.032853 0.000025
31 62 46 1 0.003154 0.003371 0.648119 0.057946 0.891758 0.033036 0.000025
31 64 48 1 0.003147 0.003369 0.637499 0.060371 0.891631 0.033226 0.000024
31 66 48 1 0.003142 0.003370 0.627191 0.062829 0.891718 0.033421 0.000022
31 68 51 1 0.003139 0.003375 0.617215 0.065307 0.892011 0.033621 0.000019
31 70 51 1 0.003138 0.003383 0.607582 0.067790 0.892499 0.033823 0.000015
31 72 51 1 0.003139 0.003394 0.598305 0.070267 0.893173 0.034027 0.000009
31 74 52 1 0.003141 0.003407 0.589388 0.072727 0.894023 0.034231 0.000002
31 76 55 1 0.003144 0.003423 0.580837 0.075160 0.895037 0.034434 -0.000007
31 78 56 1 0.003149 0.003440 0.572652 0.077559 0.896205 0.034635 -0.000017
31 80 57 1 0.003155 0.003459 0.564831 0.079916 0.897515 0.034832 -0.000029
31 82 64 1 0.003161 0.003479 0.557372 0.082226 0.898956 0.035023 -0.000043
31 84 64 1 0.003169 0.003501 0.550268 0.084483 0.900515 0.035209 -0.000058
31 86 67 1 0.003177 0.003524 0.543512 0.086684 0.902182 0.035386 -0.000075
31 88 68 1 0.003186 0.003548 0.537097 0.088825 0.903944 0.035555 -0.000094
31 90 72 1 0.003196 0.003572 0.531013 0.090905 0.905791 0.035714 -0.000113
31 92 75 1 0.003206 0.003597 0.525250 0.092922 0.907711 0.035863 -0.000135
31 94 76 1 0.003216 0.003622 0.519796 0.094876 0.909694 0.036001 -0.000157
31 96 81 1 0.003227 0.003648 0.514642 0.096764 0.911729 0.036127 -0.000180
31 98 87 1 0.003238 0.003674 0.509774 0.098589 0.913807 0.036242 -0.000204
31 100 92 1 0.003249 0.003701 0.505182 0.100349 0.915918 0.036343 -0.000229
31 102 93 1 0.003260 0.003727 0.500853 0.102046 0.918053 0.036432 -0.000254
31 104 97 1 0.003272 0.003754 0.496776 0.103681 0.920204 0.036509 -0.000279
31 106 105 1 0.003284 0.003780 0.492938 0.105254 0.922363 0.036573 -0.000305
31 108 111 1 0.003295 0.003806 0.489328 0.106766 0.924523 0.036625 -0.000330
31 110 121 1 0.003307 0.003832 0.485935 0.108221 0.926677 0.036664 -0.000354
31 112 124 1 0.003319 0.003858 0.482747 0.109618 0.928819 0.036692 -0.000378
31 114 136 1 0.003331 0.003884 0.479754 0.110959 0.930944 0.036708 -0.000402
31 116 146 1 0.003342 0.003910 0.476945 0.112246 0.933047 0.036713 -0.000425
31 118 160 1 0.003354 0.003935 0.474310 0.113481 0.935123 0.036708 -0.000446
31 120 175 1 0.003366 0.003960 0.471839 0.114665 0.937168 0.036694 -0.000467
31 122 199 1 0.003377 0.003984 0.469523 0.115801 0.939179 0.036670 -0.000486
31 124 225 1 0.003389 0.004008 0.467352 0.116889 0.941153 0.036637 -0.000505
31 126 254 1 0.003400 0.004032 0.465320 0.117931 0.943088 0.036596 -0.000522
31 128 307 1 0.003411 0.004056 0.463416 0.118930 0.944981 0.036548 -0.000537
31 130 361 1 0.003423 0.004079 0.461634 0.119886 0.946830 0.036494 -0.000552
31 132 450 1 0.003434 0.004102 0.459965 0.120802 0.948635 0.036433 -0.000565
31 134 620 1 0.003445 0.004124 0.458404 0.121678 0.950394 0.036366 -0.000576
31 136 968 1 0.003455 0.004146 0.456944 0.122517 0.952107 0.036295 -0.000587
31 138 2666 1 0.003466 0.004168 0.455577 0.123320 0.953772 0.036219 -0.000596
34 10 25 1 0.004524 0.005697 0.881452 0.036366 0.973621 0.034025 0.000000
34 12 25 1 0.004447 0.005553 0.869322 0.036860 0.968810 0.034038 0.000000
34 14 26 1 0.004374 0.005415 0.856791 0.037482 0.964179 0.034055 0.000000
34 16 26 1 0.004304 0.005286 0.843884 0.038249 0.959738 0.034077 0.000001
34 18 26 1 0.004237 0.005164 0.830634 0.039175 0.955497 0.034103 0.000001
34 20 26 1 0.004174 0.005050 0.817085 0.040273 0.951467 0.034136 0.000001
34 22 28 1 0.004115 0.004943 0.803287 0.041551 0.947654 0.034175 0.000002
34 24 31 1 0.004060 0.004845 0.789298 0.043013 0.944069 0.034220 0.000002
34 26 32 1 0.004009 0.004755 0.775182 0.044659 0.940715 0.034273 0.000003
34 28 32 1 0.003961 0.004673 0.761003 0.046483 0.937599 0.034333 0.000004
34 30 32 1 0.003918 0.004599 0.746827 0.048476 0.934723 0.034401 0.000004
34 32 36 1 0.003878 0.004532 0.732720 0.050623 0.932089 0.034477 0.000005
34 34 36 1 0.003842 0.004472 0.718742 0.052909 0.929697 0.034561 0.000006
34 36 36 1 0.003810 0.004419 0.704954 0.055313 0.927545 0.034654 0.000007
34 38 38 1 0.003781 0.004373 0.691406 0.057814 0.925630 0.034754 0.000008
34 40 38 1 0.003755 0.004334 0.678145 0.060391 0.923948 0.034862 0.000009
34 42 38 1 0.003733 0.004300 0.665211 0.063022 0.922494 0.034977 0.000009
34 44 42 1 0.003713 0.004272 0.652637 0.065686 0.921261 0.035099 0.000009
34 46 42 1 0.003696 0.004249 0.640450 0.068364 0.920241 0.035227 0.000009
34 48 42 1 0.003682 0.004231 0.628672 0.071038 0.919427 0.035361 0.000008
34 50 45 1 0.003670 0.004217 0.617316 0.073693 0.918811 0.035499 0.000007
34 52 45 1 0.003661 0.004207 0.606393 0.076314 0.918382 0.035642 0.000005
34 54 45 1 0.003653 0.004201 0.595908 0.078890 0.918132 0.035787 0.000003
34 56 48 1 0.003648 0.004198 0.585862 0.081411 0.918051 0.035935 -0.000000
34 58 48 1 0.003644 0.004198 0.576253 0.083871 0.918130 0.036084 -0.000004
34 60 51 1 0.003641 0.004201 0.567076 0.086262 0.918358 0.036234 -0.000009
34 62 51 1 0.003640 0.004207 0.558323 0.088581 0.918725 0.036383 -0.000015
34 64 51 1 0.003640 0.004215 0.549985 0.090825 0.919223 0.036532 -0.000021
34 66 51 1 0.003642 0.004224 0.542052 0.092992 0.919840 0.036678 -0.000029
34 68 51 1 0.003644 0.004235 0.534510 0.095081 0.920569 0.036821 -0.000037
34 70 55 1 0.003648 0.004248 0.527346 0.097092 0.921399 0.036961 -0.000047
34 72 55 1 0.003652 0.004262 0.520548 0.099026 0.922322 0.037096 -0.000057
34 74 56 1 0.003657 0.004278 0.514102 0.100885 0.923328 0.037227 -0.000069
34 76 57 1 0.003663 0.004294 0.507992 0.102669 0.924410 0.037352 -0.000081
34 78 64 1 0.003669 0.004311 0.502205 0.104381 0.925560 0.037472 -0.000094
34 80 64 1 0.003675 0.004329 0.496726 0.106023 0.926769 0.037584 -0.000107
34 82 67 1 0.003683 0.004347 0.491542 0.107597 0.928030 0.037691 -0.000122
34 84 67 1 0.003690 0.004366 0.486639 0.109106 0.929336 0.037790 -0.000136
34 86 68 1 0.003698 0.004386 0.482003 0.110552 0.930681 0.037881 -0.000152
34 88 68 1 0.003706 0.004405 0.477621 0.111938 0.932058 0.037965 -0.000167
34 90 72 1 0.003714 0.004425 0.473481 0.113267 0.933462 0.038042 -0.000183
34 92 75 1 0.003723 0.004445 0.469570 0.114540 0.934886 0.038111 -0.000200
34 94 76 1 0.003731 0.004465 0.465877 0.115760 0.936325 0.038172 -0.000216
34 96 78 1 0.003740 0.004485 0.462390 0.116929 0.937776 0.038226 -0.000232
34 98 81 1 0.003749 0.004506 0.459098 0.118050 0.939232 0.038272 -0.000249
34 100 87 1 0.003758 0.004526 0.455992 0.119125 0.940691 0.038311 -0.000265
34 102 87 1 0.003767 0.004546 0.453060 0.120156 0.942148 0.038342 -0.000281
34 104 88 1 0.003776 0.004566 0.450294 0.121144 0.943600 0.038366 -0.000296
34 106 92 1 0.003785 0.004586 0.447685 0.122092 0.945043 0.038384 -0.000312
34 108 93 1 0.003794 0.004605 0.445223 0.123001 0.946476 0.038395 -0.000326
34 110 95 1 0.003803 0.004625 0.442902 0.123874 0.947895 0.038400 -0.000341
34 112 99 1 0.003812 0.004644 0.440712 0.124711 0.949297 0.038398 -0.000354
34 114 103 1 0.003821 0.004663 0.438647 0.125515 0.950682 0.038392 -0.000368
34 116 105 1 0.003830 0.004682 0.436700 0.126286 0.952047 0.038379 -0.000380
34 118 111 1 0.003839 0.004700 0.434863 0.127027 0.953391 0.038362 -0.000392
34 120 112 1 0.003847 0.004719 0.433131 0.127738 0.954711 0.038340 -0.000403
34 122 121 1 0.003856 0.004737 0.431499 0.128420 0.956008 0.038313 -0.000414
34 124 121 1 0.003865 0.004755 0.429959 0.129076 0.957280 0.038282 -0.000423
34 126 125 1 0.003873 0.004772 0.428507 0.129706 0.958527 0.038248 -0.000432
34 128 131 1 0.003881 0.004790 0.427138 0.130311 0.959747 0.038210 -0.000441
34 130 136 1 0.003890 0.004807 0.425847 0.130893 0.960940 0.038169 -0.000448
34 132 140 1 0.003898 0.004823 0.424630 0.131451 0.962105 0.038125 -0.000455
34 134 145 1 0.003906 0.004840 0.423482 0.131988 0.963244 0.038078 -0.000461
34 136 155 1 0.003914 0.004856 0.422399 0.132504 0.964354 0.038028 -0.000467
34 138 157 1 0.003922 0.004872 0.421379 0.133000 0.965437 0.037977 -0.000472
34 140 163 1 0.003930 0.004888 0.420416 0.133476 0.966492 0.037924 -0.000476
34 142 169 1 0.003937 0.004903 0.419508 0.133934 0.967519 0.037869 -0.000479
34 144 177 1 0.003945 0.004918 0.418652 0.134375 0.968519 0.037812 -0.000482
34 146 184 1 0.003953 0.004933 0.417844 0.134798 0.969491 0.037754 -0.000485
34 148 196 1 0.003960 0.004948 0.417082 0.135205 0.970437 0.037696 -0.000486
34 150 201 1 0.003967 0.004962 0.416363 0.135597 0.971356 0.037636 -0.000487
34 152 213 1 0.003974 0.004977 0.415685 0.135973 0.972249 0.037576 -0.000488
34 154 225 1 0.003982 0.004991 0.415045 0.136335 0.973116 0.037515 -0.000488
34 156 231 1 0.003989 0.005004 0.414442 0.136684 0.973957 0.037453 -0.000488
34 158 242 1 0.003995 0.005018 0.413872 0.137019 0.974774 0.037392 -0.000487
34 160 253 1 0.004002 0.005031 0.413335 0.137341 0.975566 0.037330 -0.000486
34 162 262 1 0.004009 0.005044 0.412827 0.137651 0.976334 0.037268 -0.000484
34 164 275 1 0.004016 0.005057 0.412349 0.137949 0.977079 0.037206 -0.000483
34 166 290 1 0.004022 0.005069 0.411897 0.138236 0.977801 0.037145 -0.000480
34 168 308 1 0.004029 0.005082 0.411471 0.138512 0.978501 0.037083 -0.000478
34 170 317 1 0.004035 0.005094 0.411068 0.138778 0.979179 0.037022 -0.000475
34 172 333 1 0.004041 0.005106 0.410688 0.139033 0.979836 0.036962 -0.000471
34 174 352 1 0.004047 0.005117 0.410329 0.139280 0.980472 0.036902 -0.000468
34 176 370 1 0.004053 0.005129 0.409991 0.139516 0.981088 0.036842 -0.000464
34 178 390 1 0.004059 0.005140 0.409671 0.139744 0.981684 0.036783 -0.000460
34 180 411 1 0.004065 0.005151 0.409369 0.139964 0.982262 0.036725 -0.000456
34 182 428 1 0.004071 0.005162 0.409084 0.140175 0.982821 0.036667 -0.000452
34 184 456 1 0.004077 0.005173 0.408815 0.140379 0.983362 0.036611 -0.000447
34 186 485 1 0.004083 0.005184 0.408560 0.140575 0.983885 0.036555 -0.000443
34 188 513 1 0.004088 0.005194 0.408320 0.140763 0.984392 0.036499 -0.000438
34 190 553 1 0.004094 0.005205 0.408093 0.140945 0.984882 0.036445 -0.000433
34 192 596 1 0.004099 0.005215 0.407879 0.141120 0.985357 0.036391 -0.000428
34 194 642 1 0.004105 0.005225 0.407677 0.141288 0.985816 0.036339 -0.000423
34 196 695 1 0.004110 0.005234 0.407486 0.141451 0.986260 0.036287 -0.000418
34 198 755 1 0.004115 0.005244 0.407305 0.141607 0.986689 0.036236 -0.000413
34 200 823 1 0.004120 0.005253 0.407134 0.141758 0.987105 0.036186 -0.000407
34 202 911 1 0.004125 0.005263 0.406973 0.141903 0.987507 0.036137 -0.000402
34 204 971 1 0.004131 0.005272 0.406821 0.142043 0.987895 0.036088 -0.000397
34 206 1094 1 0.004135 0.005281 0.406677 0.142177 0.988272 0.036041 -0.000391
34 208 1224 1 0.004140 0.005290 0.406541 0.142307 0.988635 0.035995 -0.000386
34 210 1301 1 0.004145 0.005299 0.406413 0.142432 0.988987 0.035949 -0.000380
34 212 1402 1 0.004150 0.005307 0.406291 0.142553 0.989328 0.035905 -0.000375
34 214 1619 1 0.004155 0.005316 0.406177 0.142669 0.989657 0.035861 -0.000369
34 216 2212 1 0.004159 0.005324 0.406068 0.142781 0.989975 0.035818 -0.000364
34 218 3549 1 0.004164 0.005333 0.405966 0.142890 0.990284 0.035776 -0.000359
34 220 5861 1 0.004169 0.005341 0.405869 0.142994 0.990582 0.035735 -0.000353
34 222 9886 1 0.004173 0.005349 0.405778 0.143094 0.990870 0.035695 -0.000348
