# mu sigma av_time av_div samples_div samples_multiple_eq samples_with_deaths av_m std_m  runtime_conv(s)  std_runtime_conv(s)  nsamples
0.000 0.352 2326.773800 81.744100 3647 3796 0 228158738.998759 508056889.601005 0.272414 0.289254 10000
0.000 0.356 2478.922800 98.911900 4162 4333 0 263228029.729738 533843975.631604 0.297314 0.313945 10000
0.000 0.360 2596.084700 118.153400 4698 4882 0 292598659.428909 550310395.874064 0.321228 0.331281 10000
0.000 0.364 2677.405600 140.237900 5261 5466 0 320048596.518505 555938569.749637 0.339098 0.330682 10000
0.000 0.368 2738.439500 165.668600 5810 6020 0 351467718.718663 576139294.232347 0.365550 0.359892 10000
0.000 0.372 2759.185100 193.810200 6355 6565 0 373251390.097599 574031412.429406 0.392926 0.380128 10000
0.003 0.356 2412.449400 85.240700 3933 4119 0 250793249.453239 536234504.464359 0.288119 0.307882 10000
0.003 0.360 2537.630800 101.953900 4459 4661 0 277431111.631731 539506362.686095 0.310982 0.324425 10000
0.003 0.364 2642.518400 121.358100 5012 5232 0 308947682.614216 558765291.340368 0.336552 0.342128 10000
0.003 0.368 2711.386800 143.791700 5561 5792 0 334273149.640509 564072035.334160 0.357380 0.356661 10000
0.003 0.372 2743.657800 168.811000 6105 6331 0 362446344.780873 574689180.331424 0.410747 0.398123 10000
0.003 0.376 2742.991900 197.379200 6663 6893 0 385711515.052049 570900930.612031 0.405391 0.387529 10000
0.006 0.356 2337.331500 72.688200 3711 3912 0 225723100.559376 493104461.082682 0.284446 0.308466 10000
0.006 0.360 2483.156100 87.734800 4236 4456 0 262635131.350955 526149879.117631 0.306767 0.324494 10000
0.006 0.364 2591.270200 104.692700 4762 4999 0 293298582.529889 546590069.764742 0.332647 0.342719 10000
0.006 0.368 2675.420700 124.929100 5311 5565 0 321088637.363195 553635791.862785 0.355318 0.359030 10000
0.006 0.372 2730.604400 147.688500 5873 6122 0 351486245.054093 576467941.305524 0.376044 0.370848 10000
0.006 0.376 2744.607700 172.843600 6406 6667 0 375647108.110751 577637772.244465 0.405604 0.395412 10000
0.009 0.356 2260.267600 62.648700 3500 3714 0 217662432.480178 493969385.277654 0.277253 0.304164 10000
0.009 0.360 2418.040300 75.564400 4009 4237 0 251963524.418338 533171942.284687 0.296266 0.315192 10000
0.009 0.364 2538.800100 90.620800 4537 4794 0 277824170.405833 536526722.820919 0.318027 0.327175 10000
0.009 0.368 2637.967600 108.439000 5082 5354 0 308741246.314008 556442477.087903 0.341887 0.347225 10000
0.009 0.372 2713.013900 128.768600 5648 5934 0 333133155.381427 558283832.687191 0.364574 0.363625 10000
0.009 0.376 2736.740400 151.469900 6171 6453 0 360460888.375766 567976820.512961 0.391140 0.380917 10000
0.012 0.356 2184.108000 54.305700 3301 3520 0 204801879.275245 481094981.350742 0.267074 0.298507 10000
0.012 0.360 2351.470100 65.643400 3793 4048 0 226801018.036433 487677085.399398 0.288541 0.312745 10000
0.012 0.364 2489.364800 78.927100 4314 4594 0 264452337.120699 526117294.894611 0.308067 0.323594 10000
0.012 0.368 2589.367100 94.359400 4829 5129 0 294071642.951247 545211316.443212 0.334774 0.346760 10000
0.012 0.372 2677.450600 112.317500 5397 5711 0 320951950.975441 552596190.080486 0.356177 0.360394 10000
0.012 0.376 2721.577700 132.920300 5937 6242 0 348646582.992565 568553969.698972 0.386564 0.379345 10000
0.015 0.360 2269.528100 56.314700 3583 3855 0 217014021.434133 483445424.183902 0.276641 0.296770 10000
0.015 0.364 2428.102500 67.931100 4089 4386 0 251874024.388790 525961993.708838 0.300615 0.318723 10000
0.015 0.368 2539.585500 81.547000 4618 4941 0 281533195.365712 539864867.569133 0.318310 0.325949 10000
0.015 0.372 2634.992600 96.895500 5141 5482 0 308229319.702342 547109631.775696 0.348444 0.358406 10000
0.015 0.376 2706.296200 115.155100 5726 6072 0 329018046.669904 545271731.009253 0.365487 0.359346 10000
0.015 0.380 2720.122900 135.962800 6236 6579 0 359388693.922030 561051422.475100 0.399964 0.386509 10000
0.018 0.360 2199.846500 48.270400 3390 3678 0 208831807.573881 482568428.104123 0.267659 0.291689 10000
0.018 0.364 2365.671900 58.139100 3878 4191 0 231902114.561267 497475461.612016 0.292815 0.313523 10000
0.018 0.368 2492.656600 70.249900 4392 4743 0 263258406.436801 521925779.903433 0.313907 0.330312 10000
0.018 0.372 2585.674900 84.210100 4899 5260 0 293532395.432198 538731573.527088 0.340440 0.353579 10000
0.018 0.376 2672.900700 99.832700 5469 5854 0 318979573.485829 544506439.601732 0.362629 0.368012 10000
0.018 0.380 2714.554300 118.675100 6008 6384 0 346967708.393195 559818395.434259 0.382338 0.375477 10000
0.021 0.364 2291.871100 50.027200 3670 4018 0 218736139.496528 482815210.761432 0.281394 0.301522 10000
0.021 0.368 2436.010800 60.577700 4177 4542 0 250881614.187329 515256110.643460 0.302058 0.319524 10000
0.021 0.372 2538.084100 73.292800 4695 5100 0 281458763.770725 534385717.559402 0.321839 0.326345 10000
0.021 0.376 2636.272800 87.247900 5234 5652 0 305552671.703293 537669750.367611 0.351109 0.358005 10000
0.021 0.380 2701.028300 103.608100 5779 6187 0 328542747.425512 541811531.686122 0.374323 0.377716 10000
0.021 0.384 2706.672800 123.190600 6300 6701 0 356564579.150713 550042036.275423 0.408596 0.401688 10000
0.024 0.364 2216.375500 43.146400 3458 3830 0 205521711.963312 465916696.712711 0.277910 0.306439 10000
0.024 0.368 2377.320200 51.963600 3965 4361 0 235068341.500360 500633890.266332 0.293634 0.315180 10000
0.024 0.372 2493.666800 63.175000 4466 4894 0 266226891.359984 523631732.637044 0.317012 0.336282 10000
0.024 0.376 2591.366700 75.646100 4990 5432 0 295336539.839174 533288920.648343 0.341460 0.351388 10000
0.024 0.380 2669.243100 89.999000 5549 5992 0 315181377.399707 535286154.667252 0.363231 0.367241 10000
0.024 0.384 2699.808600 107.369000 6090 6529 0 346520126.900923 554310427.793017 0.378776 0.365347 10000
0.027 0.364 2142.569100 37.138600 3262 3660 0 198470017.443944 467472388.655063 0.268321 0.300906 10000
0.027 0.368 2305.360700 45.177200 3751 4191 0 216908609.818896 470532433.807587 0.285463 0.308926 10000
0.027 0.372 2438.170600 54.690900 4267 4733 0 251605462.613539 511502668.134095 0.300762 0.311770 10000
0.027 0.376 2542.951400 66.140400 4764 5246 0 281848417.386618 527012949.497820 0.328299 0.342050 10000
0.027 0.380 2636.597600 79.048300 5311 5805 0 307970959.248535 539593605.630896 0.355794 0.364223 10000
0.027 0.384 2691.707900 93.839800 5858 6342 0 331073186.337961 543293249.739923 0.377456 0.377497 10000
0.030 0.364 2065.135800 32.306800 3074 3506 0 186110645.872516 454192959.162859 0.257591 0.287207 10000
0.030 0.368 2232.633700 39.071900 3548 4015 0 208206072.053151 466016319.752056 0.277847 0.302521 10000
0.030 0.372 2388.139100 47.295600 4046 4554 0 238549794.643686 498271496.532388 0.299807 0.325501 10000
0.030 0.376 2498.382200 57.584400 4559 5088 0 265824988.689198 511572562.987327 0.317852 0.328420 10000
0.030 0.380 2588.947200 68.817400 5082 5621 0 289460231.113325 514488656.836974 0.341651 0.349229 10000
0.030 0.384 2667.843800 81.974400 5638 6166 0 317043726.860856 535726430.196900 0.361715 0.360745 10000
0.033 0.368 2158.420000 33.814900 3356 3857 0 198840448.636268 461014848.616600 0.271094 0.299865 10000
0.033 0.372 2325.272000 41.245300 3843 4386 0 219128363.640974 471298160.676424 0.289420 0.315313 10000
0.033 0.376 2447.192600 50.040100 4336 4916 0 253511193.222157 505033937.078743 0.309892 0.326042 10000
0.033 0.380 2550.066300 60.306200 4867 5447 0 281895609.256529 518210882.658772 0.330151 0.337351 10000
0.033 0.384 2638.594800 72.260900 5391 5977 0 306205581.888752 535502831.802869 0.359478 0.370204 10000
0.033 0.388 2677.684400 85.966400 5934 6509 0 330447292.307970 541453648.793756 0.374916 0.369566 10000
0.036 0.364 1932.893900 24.333900 2771 3273 0 163717558.346495 426647905.452646 0.236719 0.263799 10000
0.036 0.368 2084.059500 29.153400 3150 3690 0 190953030.193019 458981765.984452 0.263527 0.297062 10000
0.036 0.372 2252.292600 35.372300 3642 4227 0 208561782.997714 460840094.484600 0.280696 0.303628 10000
0.036 0.376 2398.712400 42.988800 4148 4765 0 239413563.178275 494334092.055571 0.295825 0.312203 10000
0.036 0.380 2507.728100 52.506800 4640 5265 0 269857224.002703 515201754.546779 0.323430 0.339681 10000
0.036 0.384 2595.880000 63.048200 5162 5794 0 289034286.046023 506737139.581659 0.350570 0.358145 10000
0.039 0.368 2017.713100 25.355300 2999 3585 0 175457483.310306 438271085.029518 0.251382 0.275153 10000
0.039 0.372 2181.384100 30.576800 3443 4078 0 202027147.883425 464276987.851013 0.274122 0.300364 10000
0.039 0.376 2342.433400 37.423100 3940 4598 0 223611712.662085 475371028.592834 0.290404 0.310517 10000
0.039 0.380 2456.201000 45.987700 4422 5106 0 253856486.535019 496898063.913427 0.314189 0.332237 10000
0.039 0.384 2555.574400 55.419600 4952 5644 0 282568168.429078 515651900.758159 0.336224 0.343685 10000
0.039 0.388 2632.490000 66.139800 5480 6178 0 306560917.058645 526888673.610465 0.359960 0.367009 10000
0.042 0.372 2109.127000 26.420700 3256 3937 0 191958929.226159 452153583.891732 0.265524 0.292469 10000
0.042 0.376 2273.729000 32.232300 3734 4442 0 209547103.469803 460188303.911727 0.283762 0.307086 10000
0.042 0.380 2411.467500 39.133200 4234 4972 0 240801326.337444 490559387.249688 0.292607 0.306805 10000
0.042 0.384 2512.862500 47.785200 4733 5488 0 269952764.764500 509203761.510033 0.316915 0.330005 10000
0.042 0.388 2596.668200 57.370600 5253 6021 0 293104735.758123 518384985.253499 0.342881 0.350655 10000
0.042 0.392 2641.651200 68.939000 5786 6564 0 316195328.915132 521883473.631933 0.356916 0.352824 10000
0.045 0.368 1897.124800 18.866400 2713 3393 0 157003203.792381 413153773.183557 0.225668 0.247210 10000
0.045 0.372 2042.899700 23.122000 3075 3800 0 180634383.899144 445778291.619958 0.250438 0.278204 10000
0.045 0.376 2207.579700 28.043900 3540 4309 0 202608911.916757 461283350.432925 0.269939 0.297870 10000
0.045 0.380 2360.500700 33.828600 4019 4821 0 226163496.497563 472546024.573027 0.289217 0.315416 10000
0.045 0.384 2472.995600 41.590400 4526 5359 0 258079094.783929 501560638.113625 0.308621 0.327252 10000
0.045 0.388 2553.103700 50.097800 5033 5873 0 281004104.837449 508108238.070199 0.330060 0.336007 10000
0.048 0.372 1979.255700 20.011100 2933 3717 0 167366891.389888 423219544.687994 0.237292 0.255911 10000
0.048 0.376 2135.078300 24.101200 3351 4177 0 191662052.235585 442736268.640773 0.261780 0.286182 10000
0.048 0.380 2296.965800 29.649700 3836 4695 0 213416040.589161 462306737.266363 0.277237 0.295848 10000
0.048 0.384 2427.987300 36.127200 4313 5221 0 244216438.816844 492540308.705116 0.301542 0.321444 10000
0.048 0.388 2521.880100 43.948200 4822 5744 0 273249113.904318 512055369.573918 0.322686 0.339226 10000
0.048 0.392 2592.821000 53.502800 5357 6263 0 298965267.051541 521927648.173625 0.338872 0.338581 10000
0.051 0.372 1917.472300 17.240600 2782 3616 0 157763839.300122 408606969.110963 0.231905 0.255539 10000
0.051 0.376 2071.361200 20.808200 3172 4046 0 186122228.474772 449398434.499059 0.254543 0.282228 10000
0.051 0.380 2233.528900 25.077000 3628 4554 0 203195370.268640 455421072.931059 0.274896 0.304172 10000
0.051 0.384 2372.286300 30.856600 4129 5101 0 227015673.567414 468664865.755794 0.289504 0.304984 10000
0.051 0.388 2480.766800 37.921100 4628 5634 0 259210444.465278 498014590.614552 0.309960 0.323350 10000
0.051 0.392 2556.144500 46.379300 5116 6112 0 281816650.320595 503943967.579046 0.335207 0.345594 10000
0.054 0.372 1859.515400 15.207100 2642 3545 0 153474668.744896 412117192.295209 0.225632 0.250944 10000
0.054 0.376 2007.512800 18.468400 3009 3962 0 171218237.048713 426538675.635017 0.245235 0.270447 10000
0.054 0.380 2159.226800 22.015600 3431 4430 0 193196831.624999 441056851.494637 0.269906 0.299664 10000
0.054 0.384 2317.140800 27.171900 3923 4977 0 217979593.246727 462426895.858454 0.283919 0.304210 10000
0.054 0.388 2444.851300 33.382900 4421 5515 0 249593099.123434 498718294.041317 0.304321 0.324790 10000
0.054 0.392 2520.670800 40.987200 4912 5990 0 272888239.836102 503218096.051700 0.326437 0.338072 10000
0.057 0.372 1801.652200 13.036700 2487 3456 0 146694196.468575 401624705.035704 0.222686 0.258014 10000
0.057 0.376 1945.795400 16.367500 2861 3885 0 160521175.734209 412479158.223511 0.238766 0.263934 10000
0.057 0.380 2099.891400 19.302100 3270 4343 0 184277368.737797 432331032.980179 0.258428 0.284980 10000
0.057 0.384 2255.122200 23.824600 3732 4864 0 205459678.791091 453203511.628609 0.276942 0.300007 10000
0.057 0.388 2388.102300 29.241600 4214 5366 0 230608863.763321 470673872.736917 0.296092 0.314190 10000
0.057 0.392 2488.776400 36.255200 4722 5913 0 261140944.753939 492031601.382086 0.313534 0.324634 10000
0.060 0.372 1741.063200 11.677700 2342 3370 0 139896592.804729 395549079.082032 0.217712 0.249742 10000
0.060 0.376 1881.098600 14.457400 2713 3823 0 152925106.070760 403769409.675909 0.231417 0.259195 10000
0.060 0.380 2038.305600 17.352500 3103 4258 0 176695810.136019 430452489.851867 0.251355 0.278759 10000
0.060 0.384 2184.206000 20.934700 3538 4744 0 197206626.262911 445896887.105639 0.271312 0.295171 10000
0.060 0.388 2337.213000 25.629000 4024 5272 0 222208072.458303 467589166.956843 0.288005 0.308019 10000
0.060 0.392 2456.444700 31.940500 4527 5813 0 250297098.433021 495102077.244188 0.305922 0.320572 10000
0.063 0.376 1826.885200 12.546500 2578 3745 0 148971477.487705 404151407.409072 0.225080 0.252408 10000
0.063 0.380 1976.928800 15.681500 2952 4186 0 165224694.955810 416808030.856268 0.242956 0.267291 10000
0.063 0.384 2125.351600 18.784400 3371 4644 0 186197129.030866 430387944.418354 0.261171 0.283225 10000
0.063 0.388 2281.105900 22.892500 3831 5159 0 209839947.811914 455791244.634831 0.284383 0.308150 10000
0.063 0.392 2411.034800 28.248900 4319 5685 0 232759664.048763 466545578.488154 0.302126 0.323492 10000
0.063 0.396 2492.681800 34.366800 4828 6195 0 263336450.888838 490497835.263676 0.313651 0.317971 10000
0.066 0.372 1648.096900 9.158400 2126 3293 0 125035003.990312 373285949.360449 0.200162 0.222006 10000
0.066 0.376 1768.625500 11.042800 2438 3706 0 142605412.405211 397270615.241191 0.219266 0.248098 10000
0.066 0.380 1916.522800 13.765100 2804 4144 0 156215168.517636 410129342.819077 0.235103 0.258759 10000
0.066 0.384 2070.556100 16.752100 3205 4587 0 178334508.159908 427168843.709633 0.255978 0.281183 10000
0.066 0.388 2212.959500 20.347300 3639 5071 0 199144943.827771 444450346.011636 0.282886 0.307034 10000
0.066 0.392 2358.137000 24.785400 4132 5589 0 223261951.221989 461005190.529687 0.293566 0.311547 10000
0.069 0.376 1719.230400 9.625700 2311 3665 0 132053012.634614 371120227.686444 0.214174 0.242500 10000
0.069 0.380 1862.671500 11.866800 2670 4098 0 147150054.679113 395005344.556151 0.229862 0.255545 10000
0.069 0.384 2011.409400 14.723300 3048 4526 0 168433593.305960 417613235.314563 0.248630 0.272746 10000
0.069 0.388 2149.473800 18.130600 3461 4990 0 188864773.499338 430442159.403646 0.267395 0.289424 10000
0.069 0.392 2305.694200 22.000100 3917 5482 0 212200077.914675 451243832.485912 0.293911 0.325844 10000
0.069 0.396 2424.000400 27.132800 4437 6033 0 236385186.041848 469784473.381067 0.299467 0.315321 10000
0.072 0.376 1673.131000 8.415000 2188 3624 0 128783384.499589 374868560.630901 0.208335 0.235079 10000
0.072 0.380 1801.525000 10.380800 2519 4051 0 142824153.291035 389653140.799011 0.225314 0.252280 10000
0.072 0.384 1943.854200 13.162100 2889 4475 0 160607989.453963 412756044.039689 0.136953 0.152399 10000
0.072 0.388 2097.706700 15.975100 3305 4941 0 182149044.281387 429322462.744752 0.139743 0.155346 10000
0.072 0.392 2242.029100 19.355700 3738 5417 0 203717839.419052 450481403.480275 0.161124 0.175758 10000
0.072 0.396 2372.829600 23.639100 4231 5947 0 223655326.936325 455591799.836441 0.161564 0.176189 10000
0.075 0.376 1629.494200 7.598900 2094 3617 0 121215557.124597 364611118.878375 0.107514 0.118186 10000
0.075 0.380 1750.307100 9.197100 2396 4031 0 135970636.559099 374995730.979518 0.121722 0.138490 10000
0.075 0.384 1888.512800 11.262200 2756 4443 0 150174053.704692 396402805.526265 0.124594 0.138216 10000
0.075 0.388 2044.256200 14.156300 3135 4881 0 171348782.809898 417144550.626030 0.147062 0.167318 10000
0.075 0.392 2176.937200 17.228800 3554 5341 0 189895866.099742 426582637.155454 0.157850 0.173541 10000
0.075 0.396 2322.121900 20.833700 4029 5880 0 216591327.445755 452545029.038297 0.157547 0.176369 10000
0.078 0.376 1595.809600 6.764300 1994 3601 0 115349336.906380 356256964.383041 0.103560 0.116882 10000
0.078 0.380 1698.676700 8.154200 2268 4001 0 131644055.137097 378135179.243417 0.120773 0.137400 10000
0.078 0.384 1834.898100 10.085600 2617 4413 0 141607157.929413 383589845.922922 0.121378 0.138923 10000
0.078 0.388 1978.246700 12.780500 2969 4825 0 162959091.727711 410023510.483171 0.140240 0.159755 10000
0.078 0.392 2123.222400 15.462900 3397 5315 0 184249629.126131 428542560.869194 0.173575 0.192367 10000
0.078 0.396 2264.991700 18.608400 3842 5821 0 210728989.974012 462155260.250690 0.187967 0.207100 10000
0.081 0.380 1655.008500 7.299200 2149 3985 0 123534531.942640 363463489.075363 0.122973 0.143163 10000
0.081 0.384 1777.531800 8.851000 2478 4394 0 137515103.700110 376233858.161813 0.123927 0.143295 10000
0.081 0.388 1921.180800 11.148100 2839 4811 0 153378707.637205 400077239.748335 0.153266 0.168592 10000
0.081 0.392 2072.908300 13.714200 3253 5282 0 176474914.798384 420123323.320223 0.168617 0.184303 10000
0.081 0.396 2208.494100 16.761900 3660 5759 0 194795712.213138 436962403.213053 0.178380 0.195651 10000
0.081 0.400 2348.644600 20.515400 4137 6270 0 218362124.455931 450147486.992698 0.192246 0.214145 10000
0.084 0.376 1523.088300 5.270800 1790 3625 0 101753388.714343 341250260.618603 0.122865 0.141766 10000
0.084 0.380 1613.498300 6.471100 2062 4010 0 118755882.582850 357825336.146414 0.126337 0.139234 10000
0.084 0.384 1724.310900 7.762400 2348 4396 0 133742046.939955 378885111.446895 0.127637 0.146960 10000
0.084 0.388 1868.925800 9.710200 2704 4812 0 144705251.736849 385242201.091831 0.136994 0.154773 10000
0.084 0.392 2018.243700 12.307800 3063 5240 0 168593195.390247 416151887.194476 0.144438 0.167472 10000
0.084 0.396 2156.085300 14.919200 3506 5734 0 184717474.296769 421567967.667021 0.161579 0.174659 10000
0.087 0.372 1372.360000 3.804700 1424 3255 0 77345015.102741 291694673.822668 0.098715 0.121000 10000
0.087 0.376 1485.627700 4.739600 1695 3646 0 94048163.069467 325538067.320316 0.109759 0.128428 10000
0.087 0.380 1584.910600 5.777800 1964 4037 0 114526296.169828 357719080.578927 0.105558 0.120408 10000
0.087 0.384 1681.043800 6.940600 2228 4428 0 124622442.861328 354555197.834435 0.125529 0.141822 10000
0.087 0.388 1822.295600 8.668500 2585 4845 0 138365551.903726 375172533.443440 0.125350 0.140629 10000
0.087 0.392 1965.769800 10.761800 2926 5238 0 159136334.141471 406684791.545443 0.137392 0.153670 10000
0.090 0.372 1318.900600 3.373000 1333 3303 0 72108169.087731 278589041.465858 0.098451 0.117525 10000
0.090 0.376 1453.627200 4.264500 1608 3700 0 88674011.678655 318796231.912806 0.099273 0.114874 10000
0.090 0.380 1556.597700 5.222100 1862 4068 0 107542158.358714 348968257.844517 0.108059 0.124733 10000
0.090 0.384 1641.701700 6.280400 2129 4452 0 121434309.698081 359807478.378529 0.115632 0.130670 10000
0.090 0.388 1768.217500 7.667500 2444 4860 0 132640782.119932 367693689.039084 0.136230 0.153709 10000
0.090 0.392 1917.009500 9.438200 2793 5277 0 146571785.627896 384701014.422789 0.136055 0.153669 10000
0.093 0.376 1417.218100 3.619600 1506 3723 0 81653768.747995 301360108.833222 0.107712 0.128339 10000
0.093 0.380 1518.964700 4.543500 1773 4118 0 98587684.521692 333608358.679734 0.103732 0.115718 10000
0.093 0.384 1612.124000 5.549300 2029 4483 0 113494185.992264 342716987.227358 0.113192 0.128468 10000
0.093 0.388 1722.913300 6.918100 2312 4902 0 130111451.525454 369157837.017844 0.122786 0.140997 10000
0.093 0.392 1869.174300 8.535700 2682 5308 0 139073192.891237 369542017.163046 0.142506 0.156457 10000
0.093 0.396 2003.287100 10.466400 3028 5712 0 162782705.820532 408851472.059521 0.156243 0.172698 10000
0.096 0.376 1370.521100 3.250300 1403 3780 0 75173581.776899 283508433.087515 0.110844 0.133690 10000
0.096 0.380 1486.524100 4.112400 1674 4178 0 91044378.311481 320145507.313460 0.121994 0.141057 10000
0.096 0.384 1580.725100 4.947000 1945 4552 0 112647068.421226 355579976.684656 0.116819 0.125444 10000
0.096 0.388 1677.960900 6.055600 2200 4924 0 123838715.766028 359232345.855220 0.123324 0.139870 10000
0.096 0.392 1818.179700 7.438400 2547 5350 0 135876832.517559 372434721.993751 0.137602 0.152959 10000
0.096 0.396 1951.090600 9.357800 2901 5753 0 151895230.234919 395167614.467055 0.150647 0.163293 10000
0.099 0.376 1327.655500 2.927200 1325 3860 0 70453677.790872 275609709.130113 0.106940 0.123556 10000
0.099 0.380 1458.425200 3.669000 1587 4210 0 84460343.923033 302945007.720849 0.105134 0.123867 10000
0.099 0.384 1553.271900 4.568800 1848 4603 0 104528717.120307 346744898.823413 0.115824 0.129100 10000
0.099 0.388 1642.683700 5.493700 2113 4989 0 118292816.531021 351440352.745139 0.127853 0.138926 10000
0.099 0.392 1766.405600 6.769200 2397 5378 0 128203725.990496 357782915.637960 0.132390 0.154506 10000
0.099 0.396 1902.631200 8.311400 2763 5810 0 142695777.754676 375811439.254370 0.146283 0.161699 10000
0.102 0.376 1292.789700 2.614300 1245 3907 0 66715988.820368 266231943.231042 0.162964 0.184716 10000
0.102 0.380 1419.918400 3.266800 1489 4271 0 78134318.791897 287631799.025767 0.172155 0.201031 10000
0.102 0.384 1525.472000 4.123600 1761 4658 0 95253469.271712 323375548.686795 0.176456 0.193956 10000
0.102 0.388 1610.002700 5.013500 2013 5016 0 113304899.984690 349483768.919953 0.188892 0.200228 10000
0.102 0.392 1714.902000 6.117300 2284 5437 0 123217552.889737 348535221.756000 0.225357 0.250399 10000
0.102 0.396 1856.141100 7.358000 2634 5863 0 136480797.763174 365362100.632557 0.230006 0.253683 10000
0.105 0.372 1157.601100 1.999600 991 3638 0 54169438.824410 247069888.383119 0.156781 0.167200 10000
0.105 0.376 1256.934400 2.416500 1171 3991 0 65194528.490081 264968737.247568 0.168950 0.188971 10000
0.105 0.380 1376.865200 3.032100 1401 4339 0 74422745.587887 285215398.737576 0.177114 0.201315 10000
0.105 0.384 1494.774100 3.759400 1658 4727 0 91339588.667639 322411815.125745 0.185183 0.210716 10000
0.105 0.388 1583.235400 4.595500 1916 5116 0 108376356.773618 347514916.421907 0.196143 0.211063 10000
0.105 0.392 1673.893800 5.709300 2185 5525 0 121541375.299278 354777349.490235 0.209042 0.226030 10000
0.108 0.368 1048.113400 1.427800 777 3398 0 42234326.421862 218553449.902443 0.148059 0.163079 10000
0.108 0.372 1130.471500 1.757000 942 3749 0 50962199.436608 240425006.278097 0.154108 0.160633 10000
0.108 0.376 1228.179300 2.135800 1106 4084 0 62263234.196139 263170558.784005 0.166703 0.185601 10000
0.108 0.380 1339.835100 2.736100 1327 4451 0 68134022.333085 266937615.109197 0.164328 0.183243 10000
0.108 0.384 1457.543600 3.323100 1571 4808 0 84486143.319597 304741472.738400 0.186245 0.208339 10000
0.108 0.388 1559.327100 4.147500 1832 5224 0 98486854.621668 322080528.696675 0.194058 0.208037 10000
0.111 0.372 1112.541700 1.584000 894 3838 0 49098134.479706 239640896.906859 0.162360 0.169265 10000
0.111 0.376 1198.917100 1.958500 1041 4173 0 59172506.130258 259188201.587353 0.174667 0.190583 10000
0.111 0.380 1299.299500 2.412800 1247 4551 0 66143008.191512 263795102.244707 0.182304 0.200805 10000
0.111 0.384 1416.940800 2.966100 1472 4908 0 77251366.272308 287164581.336319 0.192788 0.215345 10000
0.111 0.388 1532.495300 3.844600 1738 5315 0 94597227.457243 322124654.067756 0.203894 0.226052 10000
0.111 0.392 1616.956500 4.561400 1984 5715 0 110052842.257138 341438851.481981 0.215241 0.237432 10000
0.114 0.372 1098.444100 1.481500 844 3935 0 47488926.824346 241179387.355664 0.161635 0.170738 10000
0.114 0.376 1180.184900 1.821100 995 4302 0 52958459.832506 240915408.912957 0.170635 0.179909 10000
0.114 0.380 1269.179300 2.208900 1174 4679 0 63750394.178406 260844702.020470 0.181316 0.199532 10000
0.114 0.384 1387.619900 2.769100 1393 5046 0 72321936.046812 276349214.165409 0.191984 0.212617 10000
0.114 0.388 1498.172900 3.438500 1645 5418 0 86472122.998499 303174954.191344 0.199886 0.219342 10000
0.114 0.392 1592.364800 4.132100 1899 5819 0 105130517.181984 338564415.015148 0.212244 0.229576 10000
0.117 0.368 991.343300 0.999500 649 3714 0 33713554.707300 191196281.387160 0.159927 0.174720 10000
0.117 0.372 1076.931200 1.329400 785 4065 0 40819452.143217 210760643.385565 0.162371 0.176513 10000
0.117 0.376 1158.241500 1.739700 950 4465 0 50342640.187407 235395819.007599 0.157004 0.163274 10000
0.117 0.380 1244.285500 2.068900 1108 4810 0 61496794.741947 260813170.355744 0.168833 0.181427 10000
0.117 0.384 1351.449900 2.525200 1312 5159 0 67195806.432376 259912470.986108 0.178308 0.198719 10000
0.117 0.388 1469.624600 3.001900 1561 5538 0 83949593.713829 305448548.927035 0.185815 0.200100 10000
0.120 0.364 896.317100 0.690200 506 3545 0 28250829.116917 177447908.962108 0.136058 0.132723 10000
0.120 0.368 970.343200 0.903700 612 3859 0 32827384.090185 190045297.994140 0.144554 0.147838 10000
0.120 0.372 1050.709000 1.234900 739 4207 0 39184546.630327 211643753.963699 0.145940 0.153422 10000
0.120 0.376 1144.896900 1.527400 896 4586 0 49481172.074122 243185027.352586 0.154356 0.165661 10000
0.120 0.380 1220.638000 1.853300 1051 4927 0 57986000.423852 256043110.052210 0.161149 0.170245 10000
0.120 0.384 1313.881200 2.324400 1247 5293 0 65345611.165240 259931506.008922 0.169960 0.179894 10000
0.123 0.364 893.209300 0.647100 485 3698 0 25682587.677389 162174943.750402 0.134100 0.128305 10000
0.123 0.368 953.757400 0.815100 575 4002 0 32370451.995238 194058193.721542 0.143341 0.146752 10000
0.123 0.372 1034.807900 1.074400 704 4371 0 34763826.635480 192200089.731288 0.143029 0.142876 10000
0.123 0.376 1125.010400 1.404300 842 4722 0 44639249.692298 226119610.787444 0.150154 0.156831 10000
0.123 0.380 1196.745600 1.743700 998 5056 0 52805886.909900 239006787.990511 0.156760 0.161068 10000
0.123 0.384 1289.207300 2.066500 1171 5419 0 63984274.492041 263333293.159315 0.167950 0.181759 10000
0.126 0.364 883.130100 0.603800 458 3854 0 24995660.493672 162293500.225322 0.129303 0.123917 10000
0.126 0.368 944.844500 0.733100 543 4157 0 29289015.043361 177495351.321571 0.136170 0.138911 10000
0.126 0.372 1015.951200 0.954900 649 4509 0 32443743.855787 184826958.152165 0.144506 0.154983 10000
0.126 0.376 1096.582600 1.233900 790 4876 0 40521155.599687 210567812.057898 0.149016 0.152483 10000
0.126 0.380 1187.007100 1.547800 954 5228 0 50298301.778353 236280247.621968 0.155824 0.160705 10000
0.126 0.384 1259.113300 1.871300 1100 5561 0 60405958.670337 260442193.335234 0.165505 0.180973 10000
0.129 0.360 837.002500 0.464300 361 3719 0 20782975.793478 154197908.449494 0.125183 0.118673 10000
0.129 0.364 877.502200 0.581800 430 4015 0 23503387.206430 156231496.394646 0.130373 0.125836 10000
0.129 0.368 925.683200 0.659100 507 4325 0 27152468.612098 168454044.875318 0.135785 0.132234 10000
0.129 0.372 994.167100 0.841600 616 4674 0 31637890.567846 183597181.752652 0.142214 0.145326 10000
0.129 0.376 1072.099100 1.131400 747 5027 0 38688512.818397 207775143.479618 0.146881 0.147857 10000
0.129 0.380 1160.711100 1.421400 892 5411 0 49014977.864725 240753858.035507 0.154971 0.160792 10000
0.132 0.360 825.965700 0.419100 339 3868 0 19658786.001106 150100676.581881 0.124452 0.113151 10000
0.132 0.364 873.752000 0.549300 408 4181 0 21597313.751792 147879441.716897 0.131346 0.125603 10000
0.132 0.368 912.710700 0.631400 481 4501 0 25522624.325527 160477119.854028 0.133560 0.126243 10000
0.132 0.372 969.864100 0.775300 579 4842 0 32119975.554741 193619815.331073 0.139246 0.135720 10000
0.132 0.376 1053.745600 0.985000 699 5185 0 35117799.489028 193658868.873791 0.145209 0.147949 10000
0.132 0.380 1137.722600 1.251000 829 5546 0 43958379.388583 221738154.032896 0.157029 0.167699 10000
0.135 0.356 794.878700 0.332300 259 3736 0 14973931.196061 136306047.743821 0.122500 0.114481 10000
0.135 0.360 821.252400 0.404400 317 4039 0 18769986.655812 148758081.052888 0.124651 0.114018 10000
0.135 0.364 868.565200 0.516000 388 4394 0 21166612.144213 149356290.433523 0.129962 0.119221 10000
0.135 0.368 908.069800 0.636700 465 4697 0 24902717.260166 162460006.086089 0.132756 0.124418 10000
0.135 0.372 965.086200 0.735000 546 5024 0 28651130.456078 173051222.625231 0.140814 0.135658 10000
0.135 0.376 1036.004600 0.884600 654 5371 0 33006413.706624 191327097.564113 0.147278 0.149995 10000
0.138 0.356 795.540500 0.304600 244 3912 0 13845864.832258 134687931.180950 0.123383 0.113703 10000
0.138 0.360 824.866500 0.389800 307 4255 0 17819326.407965 145327804.627514 0.125018 0.109903 10000
0.138 0.364 859.352700 0.480600 364 4554 0 21196550.884742 154171896.394249 0.129063 0.119475 10000
0.138 0.368 905.507500 0.580200 437 4874 0 23399048.489771 155449542.148623 0.133595 0.126981 10000
0.138 0.372 955.741700 0.665800 512 5213 0 27145500.829576 169380615.223731 0.141009 0.139724 10000
0.138 0.376 1021.081500 0.832300 619 5558 0 30729718.926570 177683221.724063 0.146504 0.142754 10000
0.141 0.352 749.919800 0.197300 172 3794 0 8133839.975160 95234072.386840 0.121136 0.109709 10000
0.141 0.356 793.719900 0.278200 228 4112 0 12242950.070070 125115684.574094 0.123578 0.115033 10000
0.141 0.360 819.072000 0.331800 286 4427 0 17084748.215300 144079445.178970 0.124438 0.113262 10000
0.141 0.364 856.691200 0.419000 345 4735 0 19427186.269682 149399214.300169 0.130237 0.119619 10000
0.141 0.368 895.505600 0.532400 415 5057 0 21798487.948978 147715623.017897 0.133313 0.118538 10000
0.141 0.372 944.810300 0.626200 489 5418 0 25437889.868285 162802613.949689 0.139477 0.130716 10000
0.144 0.348 693.870800 0.144200 113 3648 0 6018571.602808 79968782.138143 0.116346 0.099624 10000
0.144 0.352 742.341900 0.161800 152 3969 0 7314539.112686 90785035.021567 0.121754 0.113722 10000
0.144 0.356 793.891800 0.232600 213 4271 0 10279777.309627 108641743.029369 0.126016 0.118345 10000
0.144 0.360 816.004800 0.296400 261 4597 0 15122746.739015 136073074.822402 0.128227 0.118697 10000
0.144 0.364 856.049400 0.388300 324 4929 0 18797547.386747 147588037.896673 0.131692 0.119331 10000
0.144 0.368 890.167800 0.454300 390 5272 0 21139086.196031 147427402.399633 0.134308 0.121639 10000
0.147 0.348 697.590800 0.113700 107 3827 0 5824277.924304 79419912.068854 0.117309 0.098469 10000
0.147 0.352 737.618700 0.159200 146 4146 0 7141408.183363 90232677.548255 0.121320 0.100637 10000
0.147 0.356 783.616500 0.202400 194 4476 0 9830090.986659 109030523.870771 0.124653 0.115694 10000
0.147 0.360 821.931700 0.298200 250 4803 0 13794845.385413 132277430.915625 0.127547 0.112469 10000
0.147 0.364 850.306300 0.372100 310 5130 0 17805498.795005 144005742.330808 0.129337 0.108008 10000
0.147 0.368 883.575400 0.430600 372 5460 0 21559040.900842 157076873.990374 0.133077 0.113120 10000
0.150 0.352 741.609900 0.133400 131 4355 0 6761543.688222 85322947.509353 0.123545 0.109563 10000
0.150 0.356 781.961800 0.172300 178 4689 0 8319939.367645 97030949.053871 0.125906 0.114289 10000
0.150 0.360 826.690500 0.251000 235 4980 0 12051398.129281 119495789.338498 0.128857 0.113870 10000
0.150 0.364 850.915300 0.347400 294 5335 0 17288976.389851 143618638.005050 0.130189 0.108086 10000
0.150 0.368 884.738500 0.405200 348 5653 0 20240182.525877 153425977.691600 0.134469 0.119248 10000
0.150 0.372 935.149000 0.597000 422 5956 0 21680561.622458 147426494.342751 0.140256 0.128472 10000
0.153 0.344 692.042400 0.093800 83 3953 0 3821150.770353 66118251.653066 0.116254 0.091428 10000
0.153 0.348 715.658800 0.096200 101 4241 0 5093384.482451 74433604.323386 0.123070 0.098402 10000
0.153 0.352 743.131300 0.119800 119 4567 0 6489493.954522 83146078.519191 0.128012 0.114763 10000
0.153 0.356 777.972300 0.149800 165 4909 0 7377413.501167 89379595.473660 0.131886 0.115572 10000
0.153 0.360 827.126500 0.237800 226 5218 0 10509476.639675 107305796.170643 0.132489 0.113752 10000
0.153 0.364 859.481300 0.299100 269 5526 0 16503825.743544 145371456.855675 0.136471 0.122976 10000
0.156 0.344 700.900400 0.082300 79 4173 0 3489296.871849 64620048.399546 0.122048 0.096580 10000
0.156 0.348 721.907300 0.076200 101 4479 0 5229068.463296 79678382.883465 0.123379 0.097255 10000
0.156 0.352 739.500600 0.133200 117 4795 0 6172723.790351 83142565.276807 0.126352 0.099564 10000
0.156 0.356 773.398200 0.171100 154 5113 0 7432745.955831 90180266.679881 0.129582 0.108010 10000
0.156 0.360 829.974500 0.199300 202 5417 0 10042203.392419 107500007.444215 0.136794 0.127687 10000
0.156 0.364 871.169100 0.285800 263 5759 0 14120321.148497 134348666.079264 0.138587 0.122797 10000
0.159 0.340 673.116200 0.052600 57 4065 0 2776407.998573 55310940.693950 0.117843 0.083450 10000
0.159 0.344 699.595200 0.063600 71 4378 0 3250493.921098 61946319.608181 0.122502 0.094140 10000
0.159 0.348 726.666500 0.081200 90 4672 0 4692232.299212 75051827.031520 0.125608 0.105188 10000
0.159 0.352 746.924300 0.113700 115 5011 0 5280810.948280 72654127.555331 0.127539 0.098972 10000
0.159 0.356 779.427600 0.152200 140 5314 0 7072188.219301 87693785.782690 0.132151 0.109655 10000
0.159 0.360 824.118700 0.188300 180 5638 0 9267133.990077 107868050.427958 0.137672 0.125723 10000
0.162 0.340 687.464500 0.058600 55 4298 0 2734116.905925 55607790.667122 0.120469 0.092465 10000
0.162 0.344 709.345000 0.065100 69 4633 0 2824573.516570 53276435.422159 0.123879 0.096014 10000
0.162 0.348 735.022500 0.083000 86 4913 0 3890191.844160 66446593.570748 0.127402 0.100217 10000
0.162 0.352 756.280400 0.083600 107 5251 0 5501001.362885 78666440.378548 0.130282 0.102532 10000
0.162 0.356 783.434400 0.126000 129 5520 0 6434901.225430 80528115.211983 0.134017 0.114019 10000
0.162 0.360 826.346100 0.228900 179 5841 0 7508449.759113 89876111.298413 0.136937 0.113098 10000
0.165 0.336 679.101400 0.055200 43 4251 0 1451647.122398 39483566.744074 0.119637 0.085065 10000
0.165 0.340 693.104300 0.060900 51 4564 0 2812887.579136 59346846.556164 0.122064 0.086051 10000
0.165 0.344 723.997800 0.056200 60 4843 0 2721393.513759 52311750.288870 0.128818 0.106024 10000
0.165 0.348 752.190100 0.091600 87 5167 0 3642455.157781 66770158.923496 0.130660 0.106178 10000
0.165 0.352 774.070700 0.106900 106 5464 0 4882362.406945 73242591.685932 0.133048 0.107531 10000
0.165 0.356 791.274600 0.143000 123 5752 0 6921553.189372 90507679.297283 0.135770 0.116394 10000
0.168 0.328 658.402600 0.028900 24 3884 0 1059352.633839 38121662.984581 0.118567 0.091584 10000
0.168 0.332 673.793900 0.061400 33 4181 0 945669.059987 29062671.373084 0.119873 0.090621 10000
0.168 0.336 693.329800 0.068800 41 4476 0 1329175.212970 36704396.021593 0.122888 0.088938 10000
0.168 0.340 715.916700 0.062000 48 4791 0 2425665.333525 58149660.042476 0.126455 0.101159 10000
0.168 0.344 735.690500 0.064200 59 5097 0 2728092.848214 52566829.179000 0.131153 0.108621 10000
0.168 0.348 758.468400 0.068900 76 5387 0 3327326.601977 63306695.031633 0.141064 0.112686 10000
0.171 0.328 658.600700 0.049100 25 4126 0 536715.828599 17913477.557562 0.117934 0.083018 10000
0.171 0.332 682.788900 0.061600 31 4403 0 1094200.830229 35683328.808778 0.122068 0.089969 10000
0.171 0.336 713.608100 0.049400 38 4728 0 997717.485133 29105251.089017 0.126296 0.103120 10000
0.171 0.340 729.761700 0.070900 44 5023 0 2135562.864062 51489893.259115 0.129634 0.105160 10000
0.171 0.344 743.515400 0.082600 54 5328 0 2667783.785251 52018524.934558 0.131671 0.103989 10000
0.171 0.348 765.980500 0.099700 73 5616 0 2532963.529111 46594101.777263 0.133792 0.101959 10000
0.174 0.328 674.180600 0.047800 20 4355 0 542103.231934 19812135.876556 0.122184 0.091898 10000
0.174 0.332 704.176800 0.052600 31 4647 0 793390.834260 26607528.047766 0.126080 0.096510 10000
0.174 0.336 718.351300 0.045600 33 4975 0 1070387.646125 32016350.941463 0.128181 0.098755 10000
0.174 0.340 733.324300 0.067800 44 5275 0 1975364.386745 48953049.133875 0.130116 0.094914 10000
0.174 0.344 754.873400 0.074700 50 5563 0 2803259.336632 58756526.535402 0.134738 0.105251 10000
0.174 0.348 788.051800 0.083400 74 5886 0 2656727.606619 50454948.541743 0.137923 0.115714 10000
0.177 0.320 664.052000 0.015300 16 3985 0 556995.199069 20860609.887977 0.119501 0.089790 10000
0.177 0.324 671.715500 0.055700 22 4286 0 613412.584217 22787441.135891 0.121482 0.083304 10000
0.177 0.328 696.358600 0.058200 25 4573 0 600299.696160 22992668.873300 0.124469 0.091524 10000
0.177 0.332 718.222000 0.074100 28 4910 0 927554.068114 33224391.495949 0.129184 0.100865 10000
0.177 0.336 728.837200 0.054100 36 5215 0 974223.501176 28884474.618914 0.129542 0.093047 10000
0.177 0.340 752.647300 0.055400 47 5537 0 1717846.882491 44487836.855593 0.133548 0.101535 10000
0.180 0.320 674.476000 0.044900 20 4198 0 589894.615657 23812570.841436 0.118466 0.086131 10000
0.180 0.324 688.618700 0.049500 20 4499 0 693227.293945 26795190.798101 0.120859 0.086905 10000
0.180 0.328 706.804900 0.066500 20 4836 0 548652.326641 18321497.284104 0.124561 0.092699 10000
0.180 0.332 729.227700 0.054600 28 5175 0 819679.225508 30907346.388475 0.127696 0.092691 10000
0.180 0.336 743.799600 0.047300 32 5463 0 1118080.674226 34321308.703947 0.138474 0.104685 10000
0.180 0.340 763.345400 0.065800 41 5782 0 1395613.597221 39176620.364234 0.134215 0.103797 10000
0.183 0.316 679.680200 0.040300 18 4146 0 394777.019570 21474774.316650 0.121711 0.088464 10000
0.183 0.320 690.997400 0.058800 18 4451 0 690971.596849 28734208.822219 0.120828 0.084753 10000
0.183 0.324 709.885800 0.060900 27 4790 0 548135.137251 20493361.212805 0.123452 0.085971 10000
0.183 0.328 722.038200 0.060600 23 5117 0 485207.132770 16863470.082604 0.125263 0.090591 10000
0.183 0.332 739.825900 0.055900 27 5424 0 651113.206274 24004844.008808 0.128772 0.097441 10000
0.183 0.336 758.917400 0.057300 33 5708 0 1034975.522045 31646317.273077 0.131006 0.099871 10000
0.186 0.312 681.780200 0.045200 14 4085 0 140688.218164 8016343.410449 0.120105 0.090857 10000
0.186 0.316 690.650100 0.059100 17 4396 0 481957.591985 27645058.473649 0.120810 0.083870 10000
0.186 0.320 711.865000 0.060200 22 4736 0 851244.190611 36910598.990785 0.124671 0.092904 10000
0.186 0.324 725.903700 0.060600 23 5070 0 608419.959671 23057468.652316 0.126866 0.095915 10000
0.186 0.328 734.693100 0.056900 23 5392 0 525692.411526 18524661.499860 0.128617 0.091984 10000
0.186 0.332 750.743800 0.062400 27 5690 0 562321.886234 19034244.422183 0.131960 0.097761 10000
0.189 0.308 685.164200 0.021300 13 4034 0 224954.665931 13534036.264566 0.120771 0.088969 10000
0.189 0.312 693.656700 0.055000 19 4352 0 150609.060032 8656284.939423 0.120787 0.082097 10000
0.189 0.316 710.296300 0.048500 15 4690 0 291603.566467 18639414.621451 0.125043 0.092486 10000
0.189 0.320 728.392400 0.096300 24 5030 0 526262.282265 25679750.999002 0.127004 0.092853 10000
0.189 0.324 739.862600 0.072000 22 5332 0 688850.755695 26526946.317674 0.129793 0.095071 10000
0.189 0.328 746.762600 0.058500 22 5641 0 578235.863302 20774481.357040 0.131676 0.095799 10000
0.192 0.304 682.682100 0.031500 10 4004 0 62138.198331 3684124.475635 0.120171 0.085077 10000
0.192 0.308 694.980000 0.028100 16 4311 0 254284.902315 15579115.098895 0.121389 0.079835 10000
0.192 0.312 711.142300 0.042800 12 4643 0 162211.408307 9408861.344710 0.136429 0.098265 10000
0.192 0.316 733.436300 0.064400 21 4979 0 345662.262588 23387475.276881 0.127785 0.096232 10000
0.192 0.320 741.416500 0.057500 17 5279 0 352345.083670 18690541.134610 0.130969 0.097806 10000
0.192 0.324 762.409400 0.079700 22 5570 0 797631.967853 31354407.530016 0.133580 0.105649 10000
0.195 0.304 695.203300 0.004600 7 4247 0 47143.009435 3401367.064663 0.122565 0.084171 10000
0.195 0.308 711.827400 0.041000 12 4573 0 294470.292816 18391204.306243 0.125300 0.090049 10000
0.195 0.312 730.447400 0.053100 15 4928 0 175658.352439 10295264.467423 0.127824 0.093162 10000
0.195 0.316 748.580400 0.052700 17 5231 0 129590.982519 7244244.150215 0.131481 0.101555 10000
0.195 0.320 771.457500 0.058000 23 5529 0 411758.765205 23407170.634260 0.134675 0.107001 10000
0.195 0.324 776.284100 0.056400 23 5829 0 862746.841100 34517933.087895 0.136088 0.103875 10000
0.198 0.300 706.908000 0.009500 11 4183 0 61098.814762 4456183.765308 0.131171 0.091400 10000
0.198 0.304 713.320300 0.023800 9 4520 0 49063.493056 3542201.393849 0.125458 0.086568 10000
0.198 0.308 730.429600 0.027900 11 4855 0 353245.568814 22593639.383082 0.129290 0.089805 10000
0.198 0.312 749.659300 0.048300 17 5198 0 191853.755418 11402002.953513 0.130925 0.097236 10000
0.198 0.316 763.045100 0.052900 19 5487 0 135739.122544 7738462.132170 0.133344 0.103062 10000
0.198 0.320 779.055600 0.063100 22 5790 0 310566.674051 16038675.457982 0.137153 0.102625 10000
0.201 0.296 713.466300 0.020600 9 4131 0 87241.038157 6528501.208089 0.126357 0.092244 10000
0.201 0.300 721.813100 0.009200 11 4466 0 63820.094053 4672706.012824 0.127153 0.089480 10000
0.201 0.304 728.379100 0.002000 4 4792 0 50844.495894 3675768.412302 0.129282 0.091228 10000
0.201 0.308 751.071400 0.019100 14 5138 0 339223.555778 21222094.360529 0.131953 0.096279 10000
0.201 0.312 763.576400 0.022500 17 5458 0 212239.747901 12762359.584800 0.134057 0.096806 10000
0.201 0.316 777.441000 0.047900 18 5770 0 144952.470946 8320534.353730 0.136659 0.098611 10000
0.204 0.292 728.751300 0.026800 10 4076 0 165761.565747 13295976.302099 0.132765 0.104763 10000
0.204 0.296 734.859300 0.010800 13 4416 0 93408.154212 7031574.745645 0.132976 0.097144 10000
0.204 0.300 732.659500 0.000800 4 4734 0 66950.783773 4914973.287361 0.132122 0.090067 10000
0.204 0.304 755.390400 0.011800 13 5066 0 52578.844775 3812825.472848 0.134347 0.093172 10000
0.204 0.308 778.449800 0.031700 18 5397 0 246730.607627 20550800.122513 0.148865 0.115164 10000
0.204 0.312 779.057400 0.031300 14 5749 0 238386.400256 14587422.902957 0.148997 0.106447 10000
0.207 0.288 728.923300 0.008900 8 4000 0 59399.263766 5939567.482464 0.138722 0.099785 10000
0.207 0.292 744.869200 0.029400 12 4348 0 195640.054732 16018643.870990 0.142003 0.106321 10000
0.207 0.296 749.504000 0.003200 9 4705 0 100797.752108 7648813.180330 0.143933 0.108500 10000
0.207 0.300 758.148400 0.004000 7 5018 0 70632.504333 5199764.037527 0.146516 0.107454 10000
0.207 0.304 779.430700 0.016400 11 5351 0 55307.752382 4012330.317017 0.149570 0.115222 10000
0.207 0.308 787.118400 0.025800 13 5691 0 46158.631415 3256093.664318 0.150027 0.106510 10000
0.210 0.284 733.270100 0.004900 5 3955 0 132447.629391 13244039.206380 0.140661 0.097805 10000
0.210 0.288 754.864400 0.026200 11 4302 0 64938.443045 6493458.054526 0.143931 0.109387 10000
0.210 0.292 761.641200 0.037200 14 4645 0 144689.057491 11048675.297132 0.144142 0.104630 10000
0.210 0.296 772.725400 0.010700 15 5010 0 110589.400256 8456399.556966 0.147559 0.106424 10000
0.210 0.300 780.402300 0.019400 9 5297 0 74673.891051 5516214.072708 0.149432 0.112221 10000
0.210 0.304 797.394300 0.020300 10 5653 0 57498.276513 4178145.701516 0.152104 0.129251 10000
0.213 0.280 743.412100 0.003300 7 3901 0 0.610798 0.003598 0.141776 0.108584 10000
0.213 0.284 761.369800 0.009000 11 4262 0 163351.797425 16334301.820078 0.144728 0.116671 10000
0.213 0.288 772.352800 0.026300 14 4602 0 71511.020548 7150683.276616 0.145947 0.110076 10000
0.213 0.292 780.489100 0.033800 15 4950 0 45768.429601 4558753.630617 0.145164 0.111666 10000
0.213 0.296 790.260600 0.019200 12 5284 0 121314.982736 9368306.933148 0.148146 0.112291 10000
0.213 0.300 804.606400 0.025500 14 5620 0 78906.900695 5856959.647845 0.151111 0.126629 10000
0.216 0.276 742.071200 0.007500 8 3862 0 0.606845 0.003264 0.139361 0.095542 10000
0.216 0.280 769.239700 0.009900 10 4203 0 0.607491 0.003399 0.144788 0.117834 10000
0.216 0.284 780.473700 0.028100 17 4591 0 33471.325603 3346904.386838 0.145844 0.111151 10000
0.216 0.288 792.054300 0.031400 14 4944 0 79216.046365 7921147.662984 0.148433 0.118800 10000
0.216 0.292 794.087700 0.014000 11 5271 0 48829.748423 4882632.943331 0.148523 0.116205 10000
0.216 0.296 812.765200 0.039200 19 5610 0 134734.052327 10552716.162112 0.149879 0.113495 10000
0.219 0.272 748.204400 0.004900 7 3803 0 0.602980 0.003156 0.138350 0.097767 10000
0.219 0.276 772.160300 0.010500 8 4156 0 0.603589 0.003224 0.140320 0.108597 10000
0.219 0.280 790.835200 0.032100 18 4547 0 0.604232 0.003322 0.142658 0.112818 10000
0.219 0.284 796.442500 0.037500 11 4921 0 50.504224 4989.683036 0.143493 0.112860 10000
0.219 0.288 799.486100 0.041200 15 5249 0 89752.262283 8974716.898603 0.142927 0.108530 10000
0.219 0.292 820.615600 0.029400 17 5587 0 52416.053929 5241282.551032 0.089496 0.067890 10000
0.222 0.268 759.035300 0.004200 8 3754 0 0.599192 0.003055 0.079049 0.056134 10000
0.222 0.272 768.327900 0.005500 5 4119 0 0.599770 0.003119 0.079840 0.055015 10000
0.222 0.276 790.946500 0.022300 11 4486 0 0.600379 0.003185 0.086608 0.062816 10000
0.222 0.280 802.845200 0.030100 10 4886 0 0.601019 0.003268 0.088899 0.064994 10000
0.222 0.284 814.275900 0.051900 14 5223 0 0.709960 10.827073 0.084448 0.063797 10000
0.222 0.288 818.655200 0.017700 12 5577 0 102389.203413 10238348.147082 0.087139 0.063753 10000
0.225 0.264 764.359600 0.011200 8 3729 0 0.595478 0.002959 0.079583 0.058150 10000
0.225 0.268 776.871800 0.005400 5 4099 0 0.596026 0.003019 0.085342 0.059694 10000
0.225 0.272 801.578200 0.013100 14 4465 0 0.596604 0.003082 0.083038 0.059721 10000
0.225 0.276 811.085500 0.023000 10 4836 0 0.597212 0.003146 0.090376 0.067383 10000
0.225 0.280 828.440600 0.048100 15 5208 0 0.597850 0.003222 0.086520 0.063605 10000
0.225 0.284 827.374200 0.046900 16 5570 0 0.598979 0.046724 0.089735 0.061731 10000
0.228 0.264 783.837500 0.008900 6 4082 0 0.592355 0.002925 0.082977 0.056246 10000
0.228 0.268 801.671400 0.007600 4 4419 0 0.592904 0.002984 0.086170 0.062065 10000
0.228 0.272 816.185400 0.022100 9 4796 0 0.593481 0.003045 0.091671 0.065115 10000
0.228 0.276 826.711500 0.035700 11 5155 0 0.594088 0.003109 0.086639 0.059867 10000
0.228 0.280 845.119600 0.047100 14 5539 0 0.594724 0.003180 0.094474 0.068249 10000
0.228 0.284 847.086800 0.062900 15 5898 0 0.595412 0.004112 0.094566 0.066480 10000
0.231 0.260 797.300600 0.004800 10 4048 0 0.588753 0.002833 0.095172 0.066035 10000
0.231 0.264 820.014900 0.010900 10 4415 0 0.589274 0.002890 0.097891 0.072259 10000
0.231 0.268 835.126500 0.023300 15 4772 0 0.589823 0.002949 0.106144 0.076498 10000
0.231 0.272 835.706700 0.032900 10 5140 0 0.590401 0.003009 0.091652 0.062492 10000
0.231 0.276 854.811800 0.043400 18 5508 0 0.591007 0.003072 0.107523 0.076721 10000
0.231 0.280 861.223400 0.054300 15 5890 0 0.591642 0.003140 0.103376 0.072719 10000
0.234 0.256 808.120600 0.003600 7 4012 0 0.585218 0.002744 0.104005 0.073904 10000
0.234 0.260 829.827400 0.016900 13 4368 0 0.585713 0.002800 0.098656 0.068960 10000
0.234 0.264 843.859400 0.006400 10 4739 0 0.586236 0.002857 0.101219 0.072405 10000
0.234 0.268 855.404200 0.024100 15 5118 0 0.586785 0.002914 0.102205 0.072582 10000
0.234 0.272 860.933400 0.046100 11 5493 0 0.587363 0.002973 0.095318 0.067278 10000
0.234 0.276 871.529800 0.049200 13 5872 0 0.587968 0.003035 0.091783 0.064065 10000
0.237 0.252 830.427000 0.008900 14 3975 0 0.581748 0.002658 0.091121 0.067211 10000
0.237 0.256 841.866200 0.016000 12 4348 0 0.582218 0.002712 0.090815 0.065034 10000
0.237 0.260 860.065000 0.009900 11 4712 0 0.582715 0.002767 0.094274 0.072123 10000
0.237 0.264 868.940800 0.016800 9 5092 0 0.583239 0.002823 0.093089 0.067707 10000
0.237 0.268 872.942900 0.038000 16 5482 0 0.583789 0.002880 0.099563 0.067245 10000
0.237 0.272 884.026400 0.061000 13 5868 0 0.584367 0.002938 0.096403 0.067702 10000
0.240 0.248 825.171500 0.005000 8 3953 0 0.578341 0.002576 0.093928 0.063898 10000
0.240 0.252 850.082600 0.007500 8 4314 0 0.578788 0.002628 0.090251 0.062840 10000
0.240 0.256 872.164100 0.006500 13 4719 0 0.579260 0.002681 0.093473 0.069730 10000
0.240 0.260 881.008700 0.007600 15 5108 0 0.579758 0.002735 0.099021 0.069914 10000
0.240 0.264 879.704600 0.024700 6 5478 0 0.580283 0.002790 0.097407 0.067948 10000
0.240 0.268 903.177300 0.053300 11 5855 0 0.580834 0.002846 0.100964 0.072653 10000
0.243 0.244 829.635500 0.008100 6 3913 0 0.574995 0.002495 0.089019 0.057694 10000
0.243 0.248 852.812600 0.011100 6 4293 0 0.575418 0.002546 0.090836 0.063383 10000
0.243 0.252 886.358700 0.016100 9 4680 0 0.575868 0.002597 0.098907 0.072678 10000
0.243 0.256 901.525100 0.016100 20 5105 0 0.576342 0.002649 0.099539 0.071876 10000
0.243 0.260 894.417100 0.013200 11 5494 0 0.576842 0.002703 0.102860 0.070195 10000
0.243 0.264 915.943800 0.043100 14 5870 0 0.577368 0.002757 0.098209 0.071447 10000
0.246 0.240 851.178300 0.023500 12 3884 0 0.571707 0.002418 0.087702 0.056384 10000
0.246 0.244 872.678300 0.005200 8 4280 0 0.572109 0.002467 0.090782 0.065850 10000
0.246 0.248 893.711500 0.007200 8 4674 0 0.572536 0.002516 0.097259 0.066113 10000
0.246 0.252 914.106500 0.020500 24 5097 0 0.572988 0.002567 0.094104 0.065502 10000
0.246 0.256 906.826700 0.009300 11 5486 0 0.573465 0.002619 0.099607 0.067618 10000
0.246 0.260 923.405200 0.022800 14 5899 0 0.573966 0.002671 0.106724 0.073379 10000
0.249 0.236 863.368700 0.005400 10 3882 0 0.568477 0.002342 0.092530 0.060874 10000
0.249 0.240 884.844000 0.010000 8 4286 0 0.568858 0.002390 0.095732 0.068492 10000
0.249 0.244 902.565300 0.006100 7 4690 0 0.569264 0.002438 0.097212 0.066592 10000
0.249 0.248 924.665900 0.009500 11 5097 0 0.569694 0.002487 0.106404 0.075141 10000
0.249 0.252 933.242600 0.010800 17 5503 0 0.570148 0.002537 0.100982 0.069641 10000
0.249 0.256 928.721200 0.022600 13 5895 0 0.570627 0.002588 0.105092 0.068901 10000
0.252 0.228 878.798600 0.011700 14 3485 0 0.564965 0.002223 0.095151 0.069752 10000
0.252 0.232 883.361100 0.011000 9 3879 0 0.565302 0.002268 0.102138 0.069501 10000
0.252 0.236 901.143400 0.015200 10 4293 0 0.565664 0.002315 0.097338 0.067540 10000
0.252 0.240 923.569800 0.015300 17 4707 0 0.566049 0.002362 0.103643 0.070894 10000
0.252 0.244 937.596400 0.017300 15 5103 0 0.566459 0.002409 0.104210 0.070823 10000
0.252 0.248 960.583200 0.017300 16 5500 0 0.566891 0.002458 0.114551 0.083790 10000
0.255 0.228 899.546200 0.006000 9 3870 0 0.562182 0.002197 0.113552 0.076745 10000
0.255 0.232 919.212300 0.019300 13 4263 0 0.562524 0.002242 0.108581 0.072886 10000
0.255 0.236 931.623700 0.006000 12 4678 0 0.562890 0.002288 0.117798 0.077659 10000
0.255 0.240 955.515800 0.020900 19 5107 0 0.563279 0.002334 0.099777 0.067467 10000
0.255 0.244 985.501600 0.019300 19 5512 0 0.563692 0.002381 0.101945 0.074153 10000
0.255 0.248 991.756900 0.019000 18 5962 0 0.564128 0.002429 0.103092 0.077245 10000
0.258 0.224 918.643100 0.014400 17 3849 0 0.559113 0.002128 0.098424 0.063935 10000
0.258 0.228 932.111800 0.011400 11 4236 0 0.559437 0.002172 0.099449 0.067180 10000
0.258 0.232 952.912900 0.017500 11 4660 0 0.559784 0.002216 0.101325 0.070638 10000
0.258 0.236 975.417900 0.014300 16 5136 0 0.560155 0.002261 0.107059 0.074763 10000
0.258 0.240 989.227400 0.027800 16 5527 0 0.560548 0.002307 0.104992 0.070309 10000
0.258 0.244 1005.832000 0.027600 22 5970 0 0.560964 0.002354 0.105789 0.075680 10000
0.261 0.220 945.938300 0.020500 20 3832 0 0.556095 0.002060 0.108936 0.077997 10000
0.261 0.224 953.065300 0.014900 11 4241 0 0.556402 0.002103 0.102624 0.071428 10000
0.261 0.228 964.942300 0.022700 14 4700 0 0.556731 0.002146 0.111021 0.074445 10000
0.261 0.232 998.847900 0.015500 17 5120 0 0.557083 0.002190 0.107049 0.075787 10000
0.261 0.236 1010.970900 0.018800 16 5564 0 0.557458 0.002234 0.113010 0.077794 10000
0.261 0.240 1020.249400 0.035700 21 5991 0 0.557856 0.002280 0.105803 0.071539 10000
0.264 0.216 961.937100 0.021600 19 3829 0 0.553127 0.001995 0.100758 0.068928 10000
0.264 0.220 968.118100 0.004900 7 4236 0 0.553417 0.002036 0.109440 0.072651 10000
0.264 0.224 984.743400 0.035200 13 4686 0 0.553729 0.002078 0.107078 0.072809 10000
0.264 0.228 1013.889700 0.021700 23 5154 0 0.554064 0.002121 0.123198 0.083062 10000
0.264 0.232 1028.235400 0.021200 21 5583 0 0.554421 0.002164 0.119688 0.082725 10000
0.264 0.236 1038.537700 0.050200 17 6030 0 0.554801 0.002209 0.112073 0.076066 10000
0.267 0.212 987.636400 0.031800 22 3847 0 0.550206 0.001931 0.108171 0.075360 10000
0.267 0.216 992.831500 0.008600 9 4261 0 0.550481 0.001971 0.110894 0.075619 10000
0.267 0.220 1009.982100 0.010100 15 4727 0 0.550777 0.002012 0.109394 0.073211 10000
0.267 0.224 1024.674700 0.016700 20 5194 0 0.551095 0.002054 0.111420 0.074302 10000
0.267 0.228 1048.298500 0.020400 22 5622 0 0.551435 0.002096 0.121383 0.083523 10000
0.267 0.232 1064.978700 0.035000 18 6061 0 0.551797 0.002139 0.112433 0.075293 10000
0.270 0.204 982.035700 0.017400 14 3381 0 0.547096 0.001830 0.108953 0.074328 10000
0.270 0.208 1000.655200 0.014400 15 3820 0 0.547333 0.001868 0.110206 0.072312 10000
0.270 0.212 1017.516400 0.009000 12 4287 0 0.547592 0.001908 0.112153 0.076452 10000
0.270 0.216 1036.545500 0.026300 18 4785 0 0.547873 0.001948 0.112642 0.075783 10000
0.270 0.220 1049.226000 0.020200 17 5232 0 0.548175 0.001988 0.114824 0.078870 10000
0.270 0.224 1070.984500 0.039000 28 5657 0 0.548500 0.002029 0.114734 0.078687 10000
0.273 0.200 1016.124700 0.026300 26 3377 0 0.544283 0.001770 0.115770 0.078900 10000
0.273 0.204 1033.274600 0.031500 24 3837 0 0.544506 0.001808 0.108782 0.073951 10000
0.273 0.208 1036.232500 0.023400 12 4290 0 0.544750 0.001846 0.115019 0.076840 10000
0.273 0.212 1062.583700 0.040200 20 4790 0 0.545016 0.001885 0.194635 0.132202 10000
0.273 0.216 1069.770000 0.065900 22 5269 0 0.545303 0.001925 0.197547 0.133308 10000
0.273 0.220 1086.865800 0.026500 24 5696 0 0.545612 0.001965 0.212100 0.138654 10000
0.276 0.196 1036.547300 0.031300 24 3395 0 0.541513 0.001711 0.202053 0.134286 10000
0.276 0.200 1048.574800 0.019800 16 3863 0 0.541723 0.001748 0.198554 0.132283 10000
0.276 0.204 1065.536400 0.034200 19 4331 0 0.541953 0.001786 0.206680 0.135267 10000
0.276 0.208 1083.211200 0.044500 13 4827 0 0.542205 0.001824 0.200016 0.136821 10000
0.276 0.212 1096.863700 0.023400 23 5316 0 0.542478 0.001863 0.198765 0.130735 10000
0.276 0.216 1116.031900 0.027500 24 5783 0 0.542772 0.001902 0.201841 0.134918 10000
0.279 0.192 1059.878100 0.051900 26 3410 0 0.538787 0.001655 0.190711 0.123403 10000
0.279 0.196 1076.636300 0.024100 18 3882 0 0.538983 0.001691 0.194015 0.127839 10000
0.279 0.200 1102.676400 0.042600 28 4363 0 0.539201 0.001727 0.194750 0.128344 10000
0.279 0.204 1106.194300 0.044300 19 4892 0 0.539439 0.001764 0.196814 0.132276 10000
0.279 0.208 1131.500300 0.044100 21 5389 0 0.539698 0.001802 0.201540 0.134991 10000
0.279 0.212 1147.759500 0.043500 24 5844 0 0.539979 0.001840 0.206399 0.137166 10000
0.282 0.192 1100.949600 0.022800 19 3901 0 0.536286 0.001634 0.197614 0.127683 10000
0.282 0.196 1117.069300 0.012600 13 4380 0 0.536491 0.001670 0.200779 0.130966 10000
0.282 0.200 1146.020200 0.045000 24 4896 0 0.536717 0.001706 0.204186 0.136733 10000
0.282 0.204 1168.633000 0.080300 28 5425 0 0.536963 0.001743 0.217987 0.147314 10000
0.282 0.208 1167.681700 0.026700 22 5866 0 0.537231 0.001780 0.207994 0.133253 10000
0.282 0.212 1189.158600 0.041000 27 6308 0 0.537518 0.001818 0.210258 0.138027 10000
0.285 0.184 1111.373700 0.034100 23 3452 0 0.533459 0.001545 0.195785 0.126195 10000
0.285 0.188 1126.055400 0.047400 23 3920 0 0.533631 0.001579 0.196910 0.124008 10000
0.285 0.192 1146.068300 0.024200 19 4419 0 0.533825 0.001614 0.201859 0.127418 10000
0.285 0.196 1176.057700 0.029800 23 4920 0 0.534038 0.001649 0.207363 0.135729 10000
0.285 0.200 1194.692600 0.033400 23 5450 0 0.534272 0.001685 0.210860 0.141130 10000
0.285 0.204 1205.177800 0.026400 25 5891 0 0.534527 0.001722 0.211627 0.137631 10000
0.288 0.180 1143.957600 0.041600 23 3497 0 0.530856 0.001491 0.208308 0.142142 10000
0.288 0.184 1156.973600 0.036500 19 3952 0 0.531017 0.001525 0.211659 0.137663 10000
0.288 0.188 1180.054500 0.027900 19 4472 0 0.531199 0.001559 0.218764 0.148897 10000
0.288 0.192 1211.718800 0.038400 28 4992 0 0.531402 0.001594 0.223033 0.151608 10000
0.288 0.196 1226.447100 0.037200 30 5481 0 0.531624 0.001629 0.225971 0.159839 10000
0.288 0.200 1239.891300 0.040500 29 5963 0 0.531866 0.001664 0.229942 0.157061 10000
0.291 0.176 1177.935300 0.041700 27 3557 0 0.528292 0.001439 0.215888 0.145226 10000
0.291 0.180 1207.152400 0.043900 30 4037 0 0.528443 0.001472 0.221308 0.147179 10000
0.291 0.184 1221.070900 0.047200 23 4547 0 0.528614 0.001506 0.227635 0.155976 10000
0.291 0.188 1248.573500 0.046200 27 5057 0 0.528806 0.001539 0.231330 0.163678 10000
0.291 0.192 1268.059400 0.041400 28 5557 0 0.529017 0.001574 0.235931 0.165174 10000
0.291 0.196 1286.050100 0.050300 42 6037 0 0.529248 0.001608 0.236838 0.161854 10000
0.294 0.172 1213.030800 0.046200 26 3612 0 0.525767 0.001388 0.221868 0.148792 10000
0.294 0.176 1248.788000 0.060800 36 4121 0 0.525908 0.001421 0.227459 0.149280 10000
0.294 0.180 1274.408000 0.028400 26 4639 0 0.526069 0.001453 0.234365 0.165875 10000
0.294 0.184 1289.132500 0.062300 29 5123 0 0.526251 0.001486 0.233433 0.158968 10000
0.294 0.188 1316.761000 0.064600 34 5661 0 0.526452 0.001520 0.238747 0.165503 10000
0.294 0.192 1331.204500 0.049100 33 6111 0 0.526673 0.001554 0.238699 0.167398 10000
0.297 0.164 1211.907400 0.062100 23 3175 0 0.523170 0.001307 0.214495 0.132757 10000
0.297 0.168 1252.247800 0.046700 25 3668 0 0.523281 0.001338 0.223084 0.146887 10000
0.297 0.172 1275.839900 0.031600 27 4226 0 0.523412 0.001370 0.227317 0.147290 10000
0.297 0.176 1322.416100 0.032900 33 4735 0 0.523564 0.001402 0.235658 0.158961 10000
0.297 0.180 1336.145900 0.053100 34 5181 0 0.523736 0.001434 0.238934 0.161463 10000
0.297 0.184 1359.751800 0.089600 35 5740 0 0.523927 0.001467 0.243776 0.174725 10000
0.300 0.160 1260.381200 0.055000 22 3204 0 0.520729 0.001259 0.224884 0.143165 10000
0.300 0.164 1294.730200 0.018900 21 3732 0 0.520831 0.001289 0.231413 0.148122 10000
0.300 0.168 1335.872200 0.050100 30 4285 0 0.520954 0.001320 0.240316 0.163019 10000
0.300 0.172 1362.487700 0.055300 29 4817 0 0.521097 0.001352 0.243745 0.160673 10000
0.300 0.176 1394.583500 0.057600 40 5315 0 0.521260 0.001384 0.249097 0.170288 10000
0.300 0.180 1387.932100 0.054900 30 5853 0 0.521442 0.001415 0.249530 0.166799 10000
0.303 0.156 1306.457800 0.033900 27 3251 0 0.518325 0.001212 0.233042 0.145604 10000
0.303 0.160 1350.146000 0.043600 31 3809 0 0.518419 0.001241 0.240233 0.156697 10000
0.303 0.164 1395.997600 0.079600 45 4389 0 0.518534 0.001272 0.247029 0.162129 10000
0.303 0.168 1411.730000 0.074300 33 4906 0 0.518669 0.001303 0.252267 0.165181 10000
0.303 0.172 1434.342600 0.059500 32 5450 0 0.518824 0.001334 0.257930 0.176340 10000
0.303 0.176 1455.445700 0.092300 35 5972 0 0.518997 0.001365 0.264467 0.179312 10000
0.306 0.152 1368.266000 0.049300 25 3342 0 0.515957 0.001165 0.244631 0.156989 10000
0.306 0.156 1415.401800 0.138400 42 3889 0 0.516044 0.001195 0.251598 0.160147 10000
0.306 0.160 1431.653000 0.046100 30 4464 0 0.516152 0.001224 0.255613 0.162702 10000
0.306 0.164 1469.528000 0.086900 44 5023 0 0.516279 0.001254 0.261312 0.168247 10000
0.306 0.168 1508.169300 0.100400 45 5560 0 0.516425 0.001285 0.270639 0.186836 10000
0.306 0.172 1523.534800 0.079000 45 6125 0 0.516592 0.001315 0.273545 0.184287 10000
0.309 0.144 1419.191300 0.064800 47 2896 0 0.513564 0.001091 0.248949 0.150292 10000
0.309 0.148 1444.240800 0.055400 40 3444 0 0.513624 0.001120 0.255780 0.160258 10000
0.309 0.152 1478.321200 0.141300 51 4004 0 0.513705 0.001148 0.260727 0.165884 10000
0.309 0.156 1495.368500 0.050700 38 4577 0 0.513806 0.001177 0.266538 0.171215 10000
0.309 0.160 1525.189400 0.095800 48 5129 0 0.513926 0.001207 0.271692 0.169289 10000
0.309 0.164 1569.221900 0.106900 47 5682 0 0.514066 0.001237 0.281581 0.187789 10000
0.312 0.140 1468.578200 0.057200 34 2955 0 0.511272 0.001047 0.264857 0.161540 10000
0.312 0.144 1514.585300 0.075200 38 3566 0 0.511327 0.001075 0.269587 0.169402 10000
0.312 0.148 1537.657600 0.117700 43 4115 0 0.511402 0.001103 0.273670 0.171398 10000
0.312 0.152 1572.163100 0.077100 46 4725 0 0.511497 0.001131 0.280281 0.181005 10000
0.312 0.156 1607.789100 0.157000 58 5314 0 0.511612 0.001160 0.286105 0.181992 10000
0.312 0.160 1640.062100 0.120200 64 5840 0 0.511745 0.001189 0.291908 0.192306 10000
0.315 0.136 1548.197200 0.107900 31 3056 0 0.509016 0.001003 0.277272 0.171116 10000
0.315 0.140 1591.152300 0.108400 49 3668 0 0.509066 0.001031 0.281576 0.169181 10000
0.315 0.144 1615.768800 0.113200 45 4269 0 0.509136 0.001058 0.288203 0.175526 10000
0.315 0.148 1652.150600 0.094900 54 4848 0 0.509225 0.001086 0.294909 0.187527 10000
0.315 0.152 1683.440500 0.120800 53 5439 0 0.509335 0.001114 0.300814 0.190130 10000
0.315 0.156 1721.188800 0.148700 58 6049 0 0.509462 0.001143 0.309004 0.208371 10000
0.318 0.128 1592.332400 0.082200 36 2655 0 0.506769 0.000934 0.283381 0.165332 10000
0.318 0.132 1635.336800 0.113600 35 3191 0 0.506794 0.000960 0.291839 0.175819 10000
0.318 0.136 1680.654300 0.126700 58 3802 0 0.506840 0.000987 0.298035 0.181220 10000
0.318 0.140 1717.967500 0.142000 55 4422 0 0.506906 0.001014 0.374789 0.227953 10000
0.318 0.144 1759.477900 0.172400 66 5028 0 0.506991 0.001042 0.385455 0.245303 10000
0.318 0.148 1786.270600 0.196000 72 5655 0 0.507096 0.001069 0.387008 0.243914 10000
0.321 0.124 1706.320600 0.148900 51 2791 0 0.504586 0.000892 0.369533 0.220539 10000
0.321 0.128 1738.153000 0.175700 51 3360 0 0.504609 0.000918 0.378845 0.223267 10000
0.321 0.132 1767.609900 0.105700 62 4000 0 0.504651 0.000944 0.385698 0.223979 10000
0.321 0.136 1814.861800 0.140800 57 4636 0 0.504713 0.000971 0.400763 0.246700 10000
0.321 0.140 1833.973100 0.164100 55 5248 0 0.504795 0.000997 0.403085 0.244118 10000
0.321 0.144 1890.205700 0.230600 85 5871 0 0.504894 0.001025 0.410974 0.259969 10000
0.324 0.116 1787.441200 0.239000 60 2366 0 0.502440 0.000826 0.387058 0.221967 10000
0.324 0.120 1825.279800 0.232000 73 2950 0 0.502439 0.000851 0.394139 0.225908 10000
0.324 0.124 1863.334600 0.140800 70 3550 0 0.502459 0.000877 0.404489 0.239333 10000
0.324 0.128 1908.292100 0.246900 81 4207 0 0.502499 0.000902 0.410571 0.244435 10000
0.324 0.132 1937.088300 0.290500 81 4884 0 0.502558 0.000928 0.421318 0.256239 10000
0.324 0.136 1948.070100 0.167700 75 5517 0 0.502636 0.000954 0.424388 0.253206 10000
0.327 0.112 1928.843200 0.356500 87 2532 0 0.500330 0.000785 0.419880 0.237128 10000
0.327 0.116 1949.333400 0.331400 75 3148 0 0.500328 0.000810 0.424630 0.239889 10000
0.327 0.120 1996.951900 0.333600 103 3785 0 0.500346 0.000835 0.424752 0.237979 10000
0.327 0.124 2041.538700 0.194500 89 4463 0 0.500384 0.000861 0.437574 0.258341 10000
0.327 0.128 2085.061700 0.370000 102 5151 0 0.500441 0.000886 0.440879 0.267470 10000
0.327 0.132 2093.372100 0.210100 94 5817 0 0.500517 0.000912 0.448937 0.270498 10000
0.330 0.104 2030.332800 0.354100 89 2195 0 0.498278 0.000721 0.434344 0.232705 10000
0.330 0.108 2084.987500 0.388900 93 2741 0 0.498256 0.000745 0.442406 0.250703 10000
0.330 0.112 2123.491500 0.366900 100 3394 0 0.498254 0.000770 0.466993 0.265498 10000
0.330 0.116 2150.655400 0.281000 88 4055 0 0.498272 0.000794 0.470662 0.265577 10000
0.330 0.120 2186.824200 0.478300 115 4793 0 0.498309 0.000819 0.482122 0.272559 10000
0.330 0.124 2233.813400 0.448000 137 5479 0 0.498365 0.000844 0.476206 0.275622 10000
0.333 0.100 2240.144000 0.487100 112 2439 0 0.496242 0.000681 0.482399 0.266569 10000
0.333 0.104 2276.540600 0.503800 114 3039 0 0.496221 0.000705 0.273261 0.149918 10000
0.333 0.108 2315.357100 0.635400 113 3744 0 0.496220 0.000729 0.280628 0.153212 10000
0.333 0.112 2359.632300 0.627700 145 4445 0 0.496239 0.000754 0.309089 0.165511 10000
0.333 0.116 2379.518900 0.568800 127 5164 0 0.496276 0.000778 0.315018 0.169705 10000
0.333 0.120 2402.724500 0.604700 138 5853 0 0.496331 0.000803 0.344934 0.187367 10000
0.336 0.092 2386.679600 1.205800 110 2037 0 0.494284 0.000619 0.313602 0.158841 10000
0.336 0.096 2485.347300 1.071500 149 2697 0 0.494246 0.000642 0.333872 0.175474 10000
0.336 0.100 2500.651400 0.642600 129 3398 0 0.494228 0.000666 0.322344 0.168540 10000
0.336 0.104 2550.432800 0.732700 157 4164 0 0.494229 0.000689 0.345000 0.177462 10000
0.336 0.108 2568.056600 0.687400 146 4880 0 0.494249 0.000713 0.334009 0.175750 10000
0.336 0.112 2610.975400 0.692900 170 5637 0 0.494287 0.000738 0.354975 0.189671 10000
0.339 0.084 2629.479000 1.179800 162 1829 0 0.492381 0.000557 0.320450 0.155449 10000
0.339 0.088 2723.933400 1.030200 189 2461 0 0.492328 0.000580 0.335019 0.167424 10000
0.339 0.092 2776.125600 1.490200 215 3144 0 0.492294 0.000603 0.362759 0.181258 10000
0.339 0.096 2814.702800 1.488400 218 3886 0 0.492280 0.000627 0.355389 0.179768 10000
0.339 0.100 2842.585000 1.166400 222 4672 0 0.492284 0.000650 0.361696 0.182962 10000
0.339 0.104 2846.280700 1.494500 212 5398 0 0.492306 0.000674 0.368823 0.189238 10000
0.342 0.076 2952.587700 2.201400 215 1674 0 0.490534 0.000496 0.369190 0.174113 10000
0.342 0.080 3036.619300 2.282200 214 2243 0 0.490468 0.000519 0.390285 0.188973 10000
0.342 0.084 3089.234500 2.567000 252 2977 0 0.490421 0.000541 0.381039 0.182453 10000
0.342 0.088 3133.323500 2.074700 260 3703 0 0.490394 0.000564 0.406539 0.195926 10000
0.342 0.092 3167.347800 2.292200 278 4410 0 0.490384 0.000587 0.398955 0.197174 10000
0.342 0.096 3178.515100 2.040800 306 5249 0 0.490391 0.000611 0.380427 0.186512 10000
0.345 0.068 3423.107900 4.006100 287 1568 0 0.488743 0.000436 0.397722 0.172573 10000
0.345 0.072 3494.583000 4.989800 334 2130 0 0.488668 0.000458 0.415073 0.181938 10000
0.345 0.076 3584.495600 4.927600 408 2814 0 0.488612 0.000480 0.411468 0.188279 10000
0.345 0.080 3581.919700 3.343700 388 3562 0 0.488573 0.000502 0.431349 0.202071 10000
0.345 0.084 3574.777200 4.062000 389 4358 0 0.488552 0.000525 0.408672 0.188241 10000
0.345 0.088 3606.528700 3.423300 417 5180 0 0.488547 0.000548 0.435682 0.206741 10000
0.348 0.052 3955.375100 5.924200 337 725 0 0.487230 0.000332 0.418816 0.157254 10000
0.348 0.056 4088.934400 7.993600 450 1110 0 0.487115 0.000353 0.466917 0.200909 10000
0.348 0.060 4182.587000 8.167900 521 1621 0 0.487017 0.000375 0.485777 0.212325 10000
0.348 0.064 4223.567200 9.281400 536 2241 0 0.486938 0.000397 0.491653 0.221388 10000
0.348 0.068 4251.874100 8.500100 605 2908 0 0.486875 0.000419 0.513706 0.235532 10000
0.348 0.072 4255.154900 9.305000 632 3619 0 0.486827 0.000442 0.509876 0.218256 10000
0.348 0.076 4239.815300 9.550100 637 4389 0 0.486796 0.000464 0.519154 0.231371 10000
0.348 0.080 4216.896800 9.249500 668 5160 0 0.486780 0.000487 0.526546 0.237061 10000
0.348 0.084 4159.983600 7.606100 655 6003 0 0.486778 0.000510 0.539234 0.244327 10000
0.348 0.088 4073.664300 6.462700 626 6659 0 0.486791 0.000533 0.492285 0.224401 10000
0.348 0.092 4015.562900 5.619200 579 7311 0 0.486818 0.000557 0.487942 0.226655 10000
0.348 0.096 3959.177800 5.758700 570 7907 0 0.486859 0.000580 0.496195 0.229574 10000
0.348 0.100 3863.238600 4.220400 513 8338 0 0.486913 0.000604 0.489135 0.230633 10000
0.348 0.104 3801.106100 3.538600 476 8702 0 0.486980 0.000628 0.500112 0.239215 10000
0.351 0.028 5154.656800 6.154200 280 293 0 0.486169 0.000184 0.634652 0.165002 10000
0.351 0.032 5253.776000 12.969800 469 503 0 0.485999 0.000206 0.620212 0.171054 10000
0.351 0.036 5351.516100 15.596300 644 718 0 0.485846 0.000227 0.660465 0.193261 10000
0.351 0.040 5439.651400 20.945100 832 987 0 0.485707 0.000249 0.665321 0.206059 10000
0.351 0.044 5478.549100 23.265400 1006 1346 0 0.485582 0.000271 0.667401 0.214627 10000
0.351 0.048 5490.082700 27.811000 1112 1711 0 0.485472 0.000293 0.628118 0.211833 10000
0.351 0.052 5458.597300 27.917700 1130 2131 0 0.485376 0.000316 0.608333 0.216654 10000
0.351 0.056 5442.695900 30.879500 1220 2748 0 0.485294 0.000338 0.586154 0.215237 10000
0.351 0.060 5336.892500 23.339700 1205 3343 0 0.485226 0.000360 0.595278 0.226255 10000
0.351 0.064 5261.267400 23.676700 1188 4061 0 0.485172 0.000383 0.602998 0.231097 10000
0.351 0.068 5202.256100 22.437200 1182 4804 0 0.485132 0.000405 0.598169 0.239742 10000
0.351 0.072 5078.631700 19.912900 1158 5562 0 0.485105 0.000428 0.555103 0.227800 10000
0.351 0.076 4961.613700 14.906000 1043 6228 0 0.485091 0.000451 0.583756 0.246851 10000
0.351 0.080 4821.859500 16.205200 1008 6926 0 0.485091 0.000474 0.589191 0.256481 10000
0.354 0.036 7998.717800 209.076800 4138 4329 0 0.484073 0.000214 0.885812 0.214176 10000
0.354 0.040 7746.249300 173.963700 3762 4167 0 0.483966 0.000236 0.862896 0.224698 10000
