# mu sigma av_time av_div samples_div samples_multiple_eq samples_with_deaths av_m std_m  runtime_conv(s)  std_runtime_conv(s)  nsamples
0.000 0.416 1837.400900 33.502000 3774 3943 0 1687846302.096108 3782799032.507547 0.028264 0.042285 10000
0.000 0.420 1877.065500 37.135900 4074 4254 0 1786675717.418920 3853204813.048845 0.017646 0.022776 10000
0.000 0.424 1920.966400 40.834900 4365 4546 0 1946254897.056862 4001519356.155622 0.019448 0.025105 10000
0.000 0.428 1946.568400 44.962800 4666 4840 0 1955855567.125124 3849301254.094160 0.020466 0.025604 10000
0.000 0.432 1978.671900 49.004400 4946 5125 0 2087023079.097306 4025611218.429227 0.020557 0.026115 10000
0.000 0.436 1999.701700 53.478400 5254 5441 0 2131702947.689471 3954167503.719123 0.022905 0.026876 10000
0.003 0.420 1856.429600 33.620000 3932 4119 0 1719943751.203728 3753827188.018445 0.018189 0.024495 10000
0.003 0.424 1894.255100 37.104300 4202 4396 0 1825307948.832396 3826517312.149213 0.018507 0.024308 10000
0.003 0.428 1927.724400 41.141800 4514 4708 0 1964067267.236488 3941979451.522635 0.019917 0.025323 10000
0.003 0.432 1957.296800 45.076500 4806 4999 0 1996266957.919694 3886830858.536304 0.016889 0.021110 10000
0.003 0.436 1982.837000 49.215400 5092 5290 0 2103672593.860022 4004961167.814037 0.017986 0.022420 10000
0.003 0.440 2015.066600 53.694300 5390 5593 0 2150385695.636132 3936842250.876797 0.019954 0.024284 10000
0.006 0.424 1866.539700 34.058100 4074 4280 0 1761973500.787543 3798557652.225520 0.014912 0.019209 10000
0.006 0.428 1908.660000 37.719200 4353 4560 0 1916045689.634761 3970367294.169097 0.019849 0.025687 10000
0.006 0.432 1931.299800 41.486300 4648 4863 0 1932100339.100048 3812589451.439663 0.020646 0.026127 10000
0.006 0.436 1967.028900 45.426000 4939 5161 0 2034615075.105493 3904731210.151321 0.021426 0.026842 10000
0.006 0.440 1993.068300 49.550400 5238 5465 0 2132347402.858875 4032912100.809839 0.021354 0.026143 10000
0.006 0.444 2028.251500 53.850900 5526 5745 0 2180240766.827012 3942854313.299019 0.021514 0.026722 10000
0.009 0.424 1844.450800 30.815400 3926 4137 0 1725953019.104835 3818736526.218573 0.016134 0.021806 10000
0.009 0.428 1884.289200 34.259300 4200 4428 0 1789965202.743258 3752690133.345737 0.017445 0.022734 10000
0.009 0.432 1912.137200 37.926900 4493 4723 0 1939774720.450153 3934524968.080862 0.017793 0.023247 10000
0.009 0.436 1942.059000 41.555000 4792 5033 0 1958714053.347101 3806237920.032444 0.018169 0.022788 10000
0.009 0.440 1973.169000 45.544300 5083 5327 0 2059152235.235586 3904458085.692462 0.021346 0.025966 10000
0.009 0.444 2007.095400 49.647000 5369 5610 0 2111677063.027896 3893386770.120524 0.020679 0.026001 10000
0.012 0.429 1870.866500 32.304100 4138 4377 0 1739630949.797363 3701665239.024620 0.016386 0.021505 10000
0.012 0.433 1899.007700 35.622700 4417 4669 0 1891637338.516968 3869446221.744396 0.029511 0.041362 10000
0.012 0.437 1930.230600 39.127100 4720 4977 0 1941820148.794231 3805084630.385403 0.030398 0.041658 10000
0.012 0.441 1962.498900 42.926100 5004 5260 0 2007204689.793357 3805049643.762515 0.032191 0.043933 10000
0.012 0.445 1992.260400 46.636100 5290 5553 0 2107758092.041022 3945736239.914297 0.034636 0.047679 10000
0.012 0.449 2024.387100 50.854200 5597 5855 0 2172381335.674849 3933654912.778958 0.036318 0.048429 10000
0.015 0.431 1867.647200 31.095400 4140 4396 0 1724325873.593362 3654255147.498126 0.027696 0.039248 10000
0.015 0.435 1894.622100 34.220100 4408 4677 0 1880068500.071722 3840898741.756578 0.023154 0.029377 10000
0.015 0.439 1923.882900 37.454400 4716 4993 0 1936324947.434561 3829501902.776031 0.024226 0.029670 10000
0.015 0.443 1958.584200 41.309500 5002 5284 0 1985916479.810418 3739938169.447943 0.025263 0.030706 10000
0.015 0.447 1989.652300 45.039700 5293 5571 0 2095637449.858209 3941302437.835822 0.026217 0.031590 10000
0.018 0.429 1818.741900 26.979000 3848 4114 0 1666666607.269256 3768239313.597525 0.021164 0.027484 10000
0.018 0.433 1865.916400 30.102500 4146 4423 0 1720520568.869158 3669461368.648725 0.021587 0.027198 10000
0.018 0.437 1887.266900 32.893400 4403 4687 0 1871965513.789593 3869255876.123891 0.023115 0.029285 10000
0.018 0.441 1919.261700 36.141100 4705 5003 0 1924619528.525672 3804718661.982545 0.024277 0.030321 10000
0.018 0.445 1955.055200 39.819700 4992 5293 0 1973153855.043418 3737987323.046504 0.025261 0.031124 10000
0.018 0.449 1985.771600 43.390200 5292 5590 0 2082767692.310659 3921417019.362948 0.034110 0.046316 10000
0.021 0.432 1828.809600 26.417000 3931 4215 0 1663761431.648483 3693764725.581387 0.027096 0.039033 10000
0.021 0.436 1868.828300 29.320300 4212 4507 0 1753747534.104609 3690553998.920281 0.028180 0.040095 10000
0.021 0.440 1889.901500 32.096600 4480 4796 0 1862238877.798711 3766782671.243277 0.023162 0.029161 10000
0.021 0.444 1919.801800 35.539300 4766 5082 0 1927641183.472262 3777344113.184239 0.024246 0.030363 10000
0.021 0.448 1960.034900 39.142100 5065 5383 0 1976556983.480311 3711708153.868997 0.025372 0.031071 10000
0.021 0.452 1987.510900 42.682200 5358 5670 0 2084455795.778483 3897781477.965443 0.026611 0.032216 10000
0.024 0.432 1800.228200 24.227500 3786 4086 0 1612897364.139090 3624430497.650995 0.021358 0.027811 10000
0.024 0.436 1843.846900 26.733500 4057 4375 0 1704317109.119860 3692861607.865672 0.022315 0.029692 10000
0.024 0.440 1870.190900 29.573900 4342 4671 0 1803383155.908375 3695320309.187235 0.028930 0.041110 10000
0.024 0.444 1898.688500 32.567900 4622 4955 0 1907588856.880899 3841865773.025496 0.030549 0.042707 10000
0.024 0.448 1934.273500 36.144100 4912 5256 0 1929861381.235561 3704300103.628501 0.032156 0.044422 10000
0.024 0.452 1972.590400 39.715400 5221 5561 0 2006680084.847777 3747824274.584381 0.026828 0.031907 10000
0.027 0.436 1819.155200 24.532500 3926 4258 0 1646621374.223681 3651590734.674756 0.021814 0.028573 10000
0.027 0.440 1855.038300 27.162100 4207 4554 0 1727065893.514837 3640449837.141037 0.022598 0.028684 10000
0.027 0.444 1875.934900 30.117300 4471 4820 0 1840491072.234447 3733388817.792053 0.023801 0.029650 10000
0.027 0.448 1914.561300 33.203000 4771 5136 0 1890381445.867465 3687563251.298227 0.024672 0.030650 10000
0.027 0.452 1950.797600 36.515800 5053 5427 0 1951053912.787988 3706943879.877242 0.026096 0.032466 10000
0.027 0.456 1978.524200 39.998400 5351 5706 0 2063141090.116781 3867150288.367712 0.026324 0.031954 10000
0.030 0.432 1732.152600 19.941100 3507 3843 0 1525172813.524579 3562609731.319304 0.019837 0.025839 10000
0.030 0.436 1789.830100 22.425200 3784 4138 0 1573098601.290313 3524403398.555056 0.026859 0.039919 10000
0.030 0.440 1831.562100 24.937300 4069 4436 0 1677739405.816820 3647515611.687900 0.027657 0.039925 10000
0.030 0.444 1862.719000 27.496400 4338 4715 0 1784842828.809149 3700506810.442666 0.022503 0.028707 10000
0.030 0.448 1892.746100 30.533100 4615 5015 0 1866307935.647199 3752488443.244412 0.023765 0.030153 10000
0.030 0.452 1925.184300 33.825200 4913 5310 0 1916901338.440058 3713455723.303293 0.024353 0.029826 10000
0.033 0.438 1787.427900 21.691100 3788 4158 0 1543940185.436205 3438738492.640512 0.021383 0.028211 10000
0.033 0.442 1826.377800 24.109800 4068 4465 0 1663128251.942238 3603883790.566070 0.022803 0.029489 10000
0.033 0.446 1858.998900 26.608400 4344 4762 0 1783769656.626852 3736646580.786017 0.023615 0.029656 10000
0.033 0.450 1889.358400 29.563600 4617 5046 0 1847342608.206136 3677744719.513232 0.025150 0.032061 10000
0.033 0.454 1922.052100 32.692800 4907 5328 0 1898553092.858400 3702244394.824882 0.024478 0.030237 10000
0.033 0.458 1955.291200 35.902000 5201 5616 0 1982240786.711283 3732366027.824989 0.025378 0.030508 10000
0.036 0.443 1817.905100 22.719900 4010 4437 0 1666919450.183939 3692349419.409455 0.021033 0.026860 10000
0.036 0.447 1846.856000 25.040700 4262 4710 0 1745072690.611675 3682980541.144003 0.022433 0.028987 10000
0.036 0.451 1876.616300 27.928200 4537 4992 0 1812237306.621130 3624267590.126902 0.023943 0.031104 10000
0.036 0.455 1911.625100 30.870200 4835 5291 0 1881507323.830895 3696062723.899843 0.024429 0.030199 10000
0.036 0.459 1944.921100 33.966700 5134 5580 0 1945135771.709002 3679346364.142866 0.025162 0.030313 10000
0.039 0.441 1763.728700 19.808600 3721 4165 0 1517977988.564747 3408135742.678344 0.020638 0.027186 10000
0.039 0.445 1813.107400 22.020300 4011 4467 0 1656940681.292437 3668056417.891546 0.021148 0.027319 10000
0.039 0.449 1841.558900 24.376400 4266 4733 0 1731807027.402826 3644253883.660471 0.022710 0.029194 10000
0.039 0.453 1870.715200 27.093700 4541 5017 0 1809895158.948250 3642658027.018532 0.024077 0.031046 10000
0.039 0.457 1907.377900 29.997500 4827 5323 0 1871566247.281536 3685492073.760343 0.025365 0.031844 10000
0.039 0.461 1940.738600 32.942100 5135 5615 0 1940625659.130407 3695437299.535864 0.026285 0.031613 10000
0.042 0.444 1770.323500 19.691100 3793 4272 0 1535855134.650352 3437026273.943562 0.026706 0.039113 10000
0.042 0.448 1816.255900 21.752200 4075 4568 0 1664688906.426067 3641130577.586139 0.027647 0.040204 10000
0.042 0.452 1846.155000 24.100400 4339 4839 0 1718912006.577294 3566554257.254104 0.029402 0.042912 10000
0.042 0.456 1878.672100 26.866000 4622 5145 0 1806070475.746746 3617852742.718332 0.030692 0.044307 10000
0.042 0.460 1914.949600 29.743800 4899 5418 0 1877868114.601941 3668026314.367734 0.026234 0.033546 10000
0.042 0.464 1941.180000 32.669300 5195 5699 0 1951411290.123293 3681214775.962239 0.025537 0.031539 10000
0.045 0.444 1744.514700 17.980800 3676 4168 0 1466924286.905601 3312633002.652226 0.020195 0.025979 10000
0.045 0.448 1795.665600 19.962100 3931 4453 0 1586450578.079330 3521616855.823123 0.021653 0.028467 10000
0.045 0.452 1822.524100 22.171400 4204 4739 0 1684740687.152882 3558045339.535393 0.022370 0.028885 10000
0.045 0.456 1861.204800 24.707900 4488 5028 0 1784830237.895479 3667719135.192718 0.023112 0.029059 10000
0.045 0.460 1891.400500 27.401800 4768 5308 0 1807692922.227041 3560875042.883970 0.024153 0.030110 10000
0.045 0.464 1924.418900 30.127700 5055 5602 0 1885109482.595977 3608687795.044278 0.025131 0.031274 10000
0.048 0.446 1741.598400 17.310500 3676 4206 0 1461599489.311342 3307491946.022224 0.020338 0.026340 10000
0.048 0.450 1788.493200 19.225000 3927 4483 0 1563144460.981737 3453041728.549607 0.021744 0.028943 10000
0.048 0.454 1819.664000 21.540200 4214 4773 0 1691240947.977651 3608359677.645798 0.021806 0.027769 10000
0.048 0.458 1858.451100 24.004300 4491 5062 0 1763125981.937390 3596106778.951129 0.029565 0.042327 10000
0.048 0.462 1888.184100 26.469600 4762 5353 0 1797704040.494368 3520526818.561280 0.025509 0.032407 10000
0.048 0.466 1920.264000 29.271200 5055 5640 0 1885850511.117064 3648597141.737096 0.024668 0.030758 10000
0.051 0.454 1804.508500 19.711800 4081 4675 0 1634074500.329689 3529376577.723666 0.025576 0.033461 10000
0.051 0.458 1833.274200 22.059300 4342 4954 0 1676158994.176001 3484296338.736579 0.026839 0.034432 10000
0.054 0.446 1682.819500 14.532800 3404 3982 0 1407658100.587335 3382533861.044644 0.019706 0.026416 10000
0.054 0.450 1730.623500 16.287800 3679 4288 0 1465142134.608643 3340871422.127395 0.020206 0.026448 10000
0.054 0.454 1780.103900 18.053500 3934 4563 0 1553190361.118005 3420644956.677585 0.021546 0.028719 10000
0.054 0.458 1818.017500 20.247000 4234 4881 0 1663091887.844213 3550526099.225824 0.021714 0.027254 10000
0.054 0.462 1852.769700 22.476500 4492 5156 0 1734891955.014248 3543981657.243258 0.023187 0.029432 10000
0.054 0.466 1876.761500 24.843600 4770 5446 0 1770114307.333821 3461098098.453757 0.024196 0.030583 10000
0.057 0.444 1630.216900 12.605700 3167 3775 0 1292480797.863885 3223244056.395729 0.018866 0.024874 10000
0.057 0.448 1679.541500 14.119300 3416 4044 0 1398412994.908021 3356691981.808385 0.019672 0.025847 10000
0.057 0.452 1725.706900 15.799700 3679 4332 0 1466337180.916317 3336920914.880462 0.020557 0.026850 10000
0.057 0.456 1780.200600 17.514200 3941 4616 0 1535812339.852896 3357992527.044556 0.021797 0.028974 10000
0.057 0.460 1812.111200 19.648500 4234 4941 0 1655767254.130695 3560645730.292388 0.021725 0.027660 10000
0.057 0.464 1846.485200 21.822200 4490 5207 0 1719319480.155098 3512865774.470717 0.023184 0.029898 10000
0.060 0.449 1667.133600 13.399800 3363 4028 0 1362756603.270962 3284142017.110023 0.019450 0.025538 10000
0.060 0.453 1710.993700 14.998500 3613 4304 0 1452779189.377010 3374525748.000641 0.020578 0.027308 10000
0.060 0.457 1758.631500 16.679200 3882 4611 0 1511476742.938722 3325930976.149089 0.021265 0.027789 10000
0.060 0.461 1802.404600 18.578900 4176 4929 0 1612757437.810390 3462351851.557814 0.021405 0.027192 10000
0.060 0.465 1832.136700 20.667400 4420 5177 0 1670640810.855056 3431423830.502792 0.022985 0.029539 10000
0.060 0.469 1860.552100 22.911200 4707 5463 0 1769241845.159634 3511567062.938015 0.023768 0.030082 10000
0.063 0.447 1615.855500 11.638200 3120 3818 0 1264769378.419773 3184633612.745533 0.018617 0.025399 10000
0.063 0.451 1661.999900 12.997900 3365 4086 0 1363967289.282661 3302791974.343032 0.019270 0.025596 10000
0.063 0.455 1707.679400 14.536400 3622 4385 0 1444860245.077187 3328687603.806902 0.020144 0.026701 10000
0.063 0.459 1753.551500 16.067200 3884 4666 0 1500335353.152806 3285186040.962957 0.021087 0.027974 10000
0.063 0.463 1799.620700 18.015100 4177 4971 0 1604714771.047685 3455816511.900471 0.021248 0.027295 10000
0.063 0.467 1831.453700 20.098700 4419 5223 0 1671376087.582054 3431229828.465404 0.022964 0.030347 10000
0.066 0.452 1649.052500 12.342500 3314 4080 0 1325467542.404866 3214303750.434262 0.019936 0.026507 10000
0.066 0.456 1690.718700 13.793800 3557 4364 0 1434198329.515773 3366630615.212031 0.026591 0.040347 10000
0.066 0.460 1740.643900 15.286900 3841 4669 0 1463512633.757455 3221116953.356367 0.027088 0.039845 10000
0.066 0.464 1791.394900 17.001400 4111 4951 0 1567850535.156131 3392731536.830073 0.017199 0.023294 10000
0.066 0.468 1819.459800 18.979400 4366 5219 0 1637683685.375747 3414077616.949730 0.017930 0.023731 10000
0.066 0.472 1850.963600 20.984300 4648 5501 0 1754680516.912434 3529797193.052978 0.017878 0.023819 10000
0.069 0.450 1599.561100 10.698000 3081 3883 0 1230329416.890945 3120080011.659811 0.014519 0.020366 10000
0.069 0.454 1645.871200 12.014800 3322 4149 0 1312388604.721514 3173725259.173275 0.020083 0.026700 10000
0.069 0.458 1687.133000 13.447000 3566 4415 0 1437268364.829727 3388790235.151768 0.020115 0.026775 10000
0.069 0.462 1738.274300 14.896000 3838 4711 0 1463765245.044273 3223996253.865999 0.020840 0.027615 10000
0.069 0.466 1790.842600 16.693800 4116 5004 0 1557007522.541251 3356107784.682894 0.021578 0.028727 10000
0.069 0.470 1820.822200 18.538600 4371 5277 0 1642503559.823232 3428795101.421692 0.022621 0.029519 10000
0.072 0.452 1598.515100 10.334300 3088 3950 0 1228723342.854949 3116663370.510264 0.018520 0.025401 10000
0.072 0.456 1643.148600 11.570900 3330 4203 0 1308952916.953862 3155017047.977336 0.019059 0.025525 10000
0.072 0.460 1685.143300 13.042800 3575 4484 0 1427184972.919143 3362030198.377212 0.019675 0.026317 10000
0.072 0.464 1736.902500 14.404800 3842 4773 0 1464757962.932558 3231904764.014757 0.020982 0.028041 10000
0.072 0.468 1789.613200 16.165800 4132 5083 0 1550718589.074248 3377432968.894547 0.023395 0.029790 10000
0.072 0.472 1820.700800 17.983700 4379 5332 0 1652390192.651577 3459431418.981120 0.022611 0.029702 10000
0.075 0.454 1596.492300 10.054300 3101 4018 0 1211295752.094305 3063230350.574225 0.018399 0.024997 10000
0.075 0.458 1640.056600 11.277700 3343 4284 0 1311023508.238142 3162559232.308466 0.019180 0.025222 10000
0.075 0.462 1682.095900 12.636500 3585 4565 0 1422267350.203277 3345238456.240798 0.020215 0.026571 10000
0.075 0.466 1732.617300 13.942600 3847 4850 0 1457960170.164955 3230429542.599414 0.021183 0.028231 10000
0.075 0.470 1790.731600 15.724600 4131 5133 0 1538559063.366101 3342114452.040837 0.022264 0.029715 10000
0.075 0.474 1822.344100 17.423100 4389 5401 0 1656539572.563558 3490681705.511295 0.022860 0.030015 10000
0.078 0.456 1593.475500 9.843600 3111 4087 0 1201898712.513251 3043209472.892819 0.018549 0.024946 10000
0.078 0.460 1638.607000 11.086600 3355 4363 0 1300241495.571733 3110001214.401045 0.019036 0.024903 10000
0.078 0.464 1680.155200 12.339500 3590 4621 0 1421135324.916240 3361659508.238503 0.020395 0.027192 10000
0.078 0.468 1734.291200 13.707000 3870 4923 0 1443254516.705878 3174282683.516967 0.021387 0.027903 10000
0.078 0.472 1789.879100 15.317000 4137 5202 0 1536524389.425942 3310743224.679148 0.021521 0.028274 10000
0.078 0.476 1824.897800 17.005300 4410 5467 0 1641347417.231468 3426752848.791881 0.022177 0.028823 10000
0.081 0.452 1498.667400 7.833200 2747 3762 0 1114378985.018866 2994701051.055190 0.017553 0.023947 10000
0.081 0.456 1566.278800 8.933400 2998 4045 0 1201236801.911313 3122543106.842206 0.018140 0.024745 10000
0.081 0.460 1618.920800 10.047000 3246 4316 0 1252572698.357348 3092105623.276486 0.018501 0.024635 10000
0.081 0.464 1653.117100 11.356500 3470 4554 0 1356230697.344260 3180313836.700630 0.025591 0.038560 10000
0.081 0.468 1706.214800 12.593500 3739 4836 0 1437760527.270591 3282886781.149045 0.026662 0.039894 10000
0.081 0.472 1767.820300 14.015900 4011 5130 0 1451968009.832585 3132023394.895345 0.028033 0.043210 10000
0.084 0.456 1532.961600 8.050300 2874 3987 0 1136519903.735464 2952384139.751158 0.014002 0.020475 10000
0.084 0.460 1592.845400 9.186200 3134 4252 0 1203412329.476343 3024147057.610229 0.014758 0.020157 10000
0.084 0.464 1638.913200 10.338600 3379 4518 0 1316490414.347708 3165591162.324821 0.015156 0.020496 10000
0.084 0.468 1677.425500 11.583600 3612 4766 0 1389113950.019437 3223722325.058643 0.015448 0.020846 10000
0.084 0.472 1732.032300 12.904100 3881 5029 0 1433921144.628094 3171807749.109750 0.022307 0.029479 10000
0.084 0.476 1784.063800 14.430400 4159 5316 0 1507297799.889390 3256125997.958905 0.022569 0.028933 10000
0.087 0.456 1503.115800 7.337900 2777 3924 0 1116581611.388292 2997162423.859811 0.018554 0.025243 10000
0.087 0.460 1564.985100 8.333600 3023 4188 0 1175295270.295163 3036710251.882066 0.019472 0.026389 10000
0.087 0.464 1616.470100 9.429300 3265 4451 0 1242491410.745609 3031765513.926198 0.020084 0.026854 10000
0.087 0.468 1650.406200 10.643000 3490 4699 0 1343075545.608391 3140794651.009713 0.021199 0.027857 10000
0.087 0.472 1705.049600 11.917800 3750 4975 0 1426359840.799240 3248230162.512947 0.022637 0.030238 10000
0.087 0.476 1760.440300 13.248800 4031 5246 0 1446362977.917761 3107432838.223470 0.022670 0.029626 10000
0.090 0.460 1534.612500 7.706500 2910 4135 0 1135846351.604958 2948881120.748038 0.019279 0.026564 10000
0.090 0.464 1592.048400 8.748800 3150 4397 0 1224076347.420953 3100038385.751763 0.018526 0.024978 10000
0.090 0.468 1635.374200 9.815000 3397 4669 0 1313916590.811261 3165400559.988211 0.018993 0.024714 10000
0.090 0.472 1676.789400 11.052100 3626 4923 0 1393572032.167002 3267236679.902728 0.020352 0.026863 10000
0.090 0.476 1732.267300 12.342200 3896 5189 0 1435637840.014443 3199643581.987067 0.021191 0.028748 10000
0.093 0.460 1509.930800 7.038900 2816 4106 0 1117425590.064733 2971132806.219491 0.017415 0.023249 10000
0.093 0.464 1562.628600 8.069700 3042 4352 0 1158650583.597636 2970778723.373952 0.018169 0.024494 10000
0.093 0.468 1616.379900 9.132000 3286 4620 0 1252797512.486910 3057765470.518451 0.019219 0.025518 10000
0.093 0.472 1652.462100 10.299200 3520 4872 0 1339361310.282901 3173667711.605519 0.019635 0.025277 10000
0.093 0.476 1705.229900 11.512900 3765 5143 0 1420134895.452261 3240445028.778502 0.020991 0.028395 10000
0.093 0.480 1762.922600 12.886000 4058 5421 0 1433211351.583856 3093131532.080288 0.021045 0.027528 10000
0.096 0.460 1482.107800 6.515000 2699 4054 0 1054334024.062175 2829153622.372845 0.017472 0.024235 10000
0.096 0.464 1535.788600 7.409700 2944 4317 0 1112038922.237522 2870440333.473255 0.017733 0.023853 10000
0.096 0.468 1592.092600 8.358300 3168 4561 0 1226080049.146643 3085538175.418553 0.019035 0.025669 10000
0.096 0.472 1635.060700 9.500300 3414 4829 0 1286944444.828313 3080753462.481208 0.019512 0.026037 10000
0.096 0.476 1676.230100 10.591700 3646 5081 0 1365127079.510560 3154337261.680641 0.020731 0.027595 10000
0.096 0.480 1736.206900 11.931700 3920 5359 0 1434208798.106199 3193718618.799831 0.021430 0.028907 10000
0.099 0.460 1450.121000 5.944700 2603 4021 0 1020637914.304307 2800268150.475698 0.017241 0.023550 10000
0.099 0.464 1511.619000 6.735600 2844 4294 0 1108517598.317606 2953686921.812345 0.017709 0.023742 10000
0.099 0.468 1561.251400 7.689100 3052 4508 0 1153315283.510578 2919233423.559328 0.018808 0.025754 10000
0.099 0.472 1613.075300 8.779700 3307 4791 0 1256689836.977493 3046558405.008348 0.019122 0.025498 10000
0.099 0.476 1651.791100 9.871500 3541 5035 0 1325020285.520703 3145642401.208593 0.019850 0.025542 10000
0.099 0.480 1705.148700 11.040200 3796 5315 0 1387277355.348371 3128903435.529546 0.021039 0.027716 10000
0.102 0.460 1428.385000 5.473700 2516 4014 0 1000552895.466790 2813561074.469018 0.016684 0.022537 10000
0.102 0.464 1490.458900 6.212900 2727 4253 0 1059941525.486287 2841156497.047379 0.017861 0.025052 10000
0.102 0.468 1533.867600 7.077200 2970 4502 0 1116690399.921806 2891018861.124312 0.017815 0.023137 10000
0.102 0.472 1588.852300 8.134500 3194 4744 0 1226328277.636543 3063422844.079331 0.018861 0.025192 10000
0.102 0.476 1632.581100 9.116200 3433 4993 0 1256379449.413979 2975803998.126118 0.019703 0.026018 10000
0.102 0.480 1686.109600 10.183800 3674 5262 0 1370569563.931733 3183442352.130661 0.020810 0.028018 10000
0.105 0.460 1408.676600 5.086100 2426 3997 0 955019499.831160 2738557818.283785 0.016871 0.022894 10000
0.105 0.464 1457.754100 5.665200 2630 4226 0 1014587852.556557 2792762303.106023 0.017342 0.023896 10000
0.105 0.468 1518.172700 6.484800 2878 4470 0 1106301610.870461 2958081735.975718 0.017290 0.023120 10000
0.105 0.472 1560.675000 7.420800 3064 4692 0 1159506401.130373 2946753875.961973 0.019029 0.026446 10000
0.105 0.476 1613.578000 8.463900 3326 4962 0 1253098931.439927 3025489733.120328 0.019282 0.026127 10000
0.105 0.480 1661.516100 9.358100 3571 5219 0 1315931085.769202 3109136955.607902 0.019611 0.025750 10000
0.108 0.460 1384.498600 4.700200 2339 3970 0 905753512.411030 2641512637.306924 0.015933 0.021592 10000
0.108 0.464 1433.163000 5.180500 2546 4209 0 993626215.504066 2785863920.983429 0.016549 0.022310 10000
0.108 0.468 1490.785100 5.936900 2764 4448 0 1065482697.970855 2887011004.306734 0.017379 0.023781 10000
0.108 0.472 1536.000000 6.804200 2990 4682 0 1121876677.752120 2899782293.368187 0.017744 0.022963 10000
0.108 0.476 1591.230200 7.628700 3220 4937 0 1230651684.709205 3077073576.816367 0.019424 0.025757 10000
0.108 0.480 1637.523900 8.666700 3465 5194 0 1245032255.931706 2986910295.425917 0.025208 0.038139 10000
0.111 0.460 1360.423300 4.340000 2240 3956 0 876104886.062594 2644182119.067828 0.017064 0.024142 10000
0.111 0.464 1411.964500 4.875500 2451 4195 0 950987337.769295 2720043947.277320 0.017581 0.024173 10000
0.111 0.468 1469.150400 5.426900 2663 4421 0 1032844473.588099 2851463990.321407 0.018396 0.025663 10000
0.111 0.472 1524.106800 6.225500 2906 4664 0 1102567420.372157 2918629765.503317 0.018512 0.024235 10000
0.111 0.476 1564.127800 7.062500 3099 4894 0 1172971201.738146 2964133088.693717 0.020001 0.026913 10000
0.111 0.480 1610.988500 8.083900 3354 5149 0 1236212707.268427 2984926224.776926 0.020367 0.027142 10000
0.114 0.460 1333.396500 3.999100 2161 3954 0 837127942.441398 2584721263.167953 0.016298 0.022441 10000
0.114 0.464 1384.181700 4.556100 2358 4184 0 905753097.878828 2629610345.012364 0.017378 0.023711 10000
0.114 0.468 1445.864800 5.115900 2577 4407 0 970956438.814496 2705941377.420717 0.018110 0.024491 10000
0.114 0.472 1500.624900 5.829200 2803 4638 0 1053022627.415115 2823481567.479808 0.018639 0.024968 10000
0.114 0.476 1540.099300 6.658300 3004 4870 0 1127777053.066070 2913193568.145049 0.019666 0.026377 10000
0.114 0.480 1586.415500 7.562400 3235 5125 0 1219688571.531463 3019486913.637122 0.020524 0.027855 10000
0.117 0.460 1311.654200 3.724000 2075 3938 0 791749650.973649 2485370781.951482 0.016768 0.023683 10000
0.117 0.464 1362.924700 4.179700 2273 4177 0 896120933.061357 2688223853.429154 0.017266 0.023446 10000
0.117 0.468 1418.397300 4.707700 2487 4397 0 957168056.431673 2744109306.132289 0.017001 0.022689 10000
0.117 0.472 1474.944300 5.320000 2706 4636 0 1005156495.539622 2732153867.928493 0.017147 0.022970 10000
0.117 0.476 1520.541300 6.185200 2925 4880 0 1093564139.810528 2872420219.785801 0.017646 0.023252 10000
0.117 0.480 1560.739000 7.025000 3125 5111 0 1173778124.876639 2957096517.031923 0.018959 0.025853 10000
0.120 0.464 1341.071600 3.891500 2190 4182 0 841185604.324015 2567233837.095330 0.015821 0.021920 10000
0.120 0.468 1391.689100 4.419600 2383 4377 0 904428063.421580 2614033188.234411 0.016535 0.023056 10000
0.120 0.472 1448.332800 4.953600 2596 4623 0 974400264.606552 2689912236.406435 0.017522 0.024764 10000
0.120 0.476 1498.764900 5.696400 2825 4858 0 1053380466.302555 2799531752.862792 0.017630 0.023898 10000
0.120 0.480 1538.507100 6.469900 3027 5105 0 1146078973.762039 2929915607.977502 0.018730 0.025194 10000
0.120 0.484 1588.053500 7.415700 3265 5341 0 1207474372.838805 2962870941.311327 0.019440 0.026159 10000
0.123 0.460 1253.425800 3.322400 1922 3951 0 729095914.265565 2351229368.813903 0.015181 0.020916 10000
0.123 0.464 1320.366800 3.653600 2113 4168 0 802444611.838321 2510133156.172511 0.016631 0.022802 10000
0.123 0.468 1364.077100 4.091700 2297 4370 0 899743047.949595 2689016001.170077 0.017314 0.023588 10000
0.123 0.472 1422.687900 4.598200 2512 4604 0 950425145.919516 2682499751.787843 0.017963 0.024562 10000
0.123 0.476 1479.070500 5.239100 2742 4862 0 1000018236.393858 2713489994.790409 0.018168 0.023905 10000
0.123 0.480 1521.800900 6.023500 2952 5106 0 1085776425.488288 2831745566.303517 0.018830 0.024500 10000
0.126 0.460 1233.002200 3.009700 1846 3946 0 719023304.313740 2372627209.455821 0.016041 0.022692 10000
0.126 0.464 1289.191100 3.425800 2032 4155 0 741631843.124660 2326102804.915292 0.017330 0.024056 10000
0.126 0.468 1345.409100 3.822900 2230 4388 0 848757756.526224 2579812825.547366 0.016759 0.022257 10000
0.126 0.472 1395.076800 4.385600 2410 4601 0 912868473.915641 2613135296.656309 0.017890 0.024963 10000
0.126 0.476 1455.692600 4.969800 2642 4851 0 959066307.660886 2624198418.899683 0.018196 0.024967 10000
0.126 0.480 1506.549200 5.693900 2858 5098 0 1057621238.413827 2823717112.830158 0.018767 0.025484 10000
0.129 0.456 1152.244300 2.443600 1612 3751 0 641771832.346479 2310793605.880248 0.014899 0.020072 10000
0.129 0.460 1203.485600 2.766800 1761 3945 0 709591225.932166 2412676280.452984 0.016000 0.022692 10000
0.129 0.464 1262.549100 3.180000 1950 4171 0 725514480.619115 2312295452.210891 0.016332 0.022856 10000
0.129 0.468 1325.804300 3.564300 2142 4387 0 823675941.331470 2583354699.533141 0.016740 0.023196 10000
0.129 0.472 1369.944400 3.993400 2326 4613 0 890496895.438220 2641566172.914530 0.017605 0.024131 10000
0.129 0.476 1436.262000 4.586400 2550 4867 0 955319186.536830 2673118644.462444 0.018122 0.025170 10000
0.129 0.480 1488.008600 5.329900 2773 5105 0 999371279.051952 2719026745.850523 0.019630 0.026300 10000
0.129 0.484 1515.077100 6.072100 2968 5319 0 1106672029.920049 2898376422.978360 0.020390 0.026377 10000
0.129 0.488 1562.313100 6.736700 3187 5543 0 1163546308.291709 2896964302.351508 0.022888 0.030631 10000
0.129 0.492 1628.002500 7.612600 3439 5800 0 1197944011.681028 2883048906.198866 0.022663 0.030846 10000
0.129 0.496 1682.630300 8.545000 3688 6045 0 1268317811.039261 2953200637.369042 0.022471 0.030058 10000
0.129 0.500 1719.875600 9.587200 3929 6238 0 1386245287.287877 3096193492.866094 0.023527 0.031270 10000
0.129 0.504 1753.871600 10.596500 4191 6466 0 1442593223.263985 3109048794.682104 0.024108 0.032341 10000
0.129 0.508 1780.351100 11.858200 4459 6689 0 1479608499.424780 3070865849.465424 0.024149 0.031169 10000
0.132 0.460 1178.668800 2.554600 1696 3970 0 684759091.491387 2355578545.496924 0.015527 0.021068 10000
0.132 0.464 1238.700000 2.935300 1890 4187 0 716031748.551702 2334595529.346990 0.015787 0.020978 10000
0.132 0.468 1301.820500 3.313500 2072 4407 0 749066123.951368 2364592137.313974 0.016402 0.022273 10000
0.132 0.472 1347.414400 3.761000 2257 4637 0 838809949.351515 2507403089.927715 0.016909 0.022562 10000
0.132 0.476 1402.140000 4.322600 2449 4866 0 918759961.356428 2629520721.151418 0.017416 0.024387 10000
0.132 0.480 1460.709200 4.978600 2678 5092 0 952110263.923741 2598315825.173348 0.017631 0.023776 10000
0.135 0.460 1161.264300 2.386600 1639 4005 0 641105258.433373 2266635032.044546 0.014038 0.018863 10000
0.135 0.464 1215.701300 2.654000 1794 4214 0 712111880.962836 2401220804.604730 0.015086 0.021970 10000
0.135 0.468 1277.614800 3.073600 1982 4423 0 725446392.511934 2306532439.322164 0.015490 0.022166 10000
0.135 0.472 1329.901100 3.531500 2183 4663 0 834757779.702191 2573592093.228659 0.015468 0.020702 10000
0.135 0.476 1373.910200 4.011800 2352 4864 0 897556756.541708 2627358984.920825 0.016553 0.023213 10000
0.135 0.480 1434.850300 4.596800 2585 5116 0 948207045.567671 2643032917.440640 0.016756 0.023104 10000
0.138 0.460 1147.527300 2.248700 1592 4053 0 614086157.296072 2260834063.188884 0.013619 0.017690 10000
0.138 0.464 1188.657900 2.494300 1718 4249 0 681944763.772205 2336414502.166711 0.014907 0.021123 10000
0.138 0.468 1251.614200 2.869500 1915 4453 0 714534398.241671 2323477822.061771 0.015072 0.020721 10000
0.138 0.472 1310.317400 3.293800 2105 4690 0 764664033.425506 2376720803.129004 0.015361 0.020679 10000
0.138 0.476 1352.859500 3.731600 2292 4921 0 846600827.341483 2539697149.830317 0.015756 0.020757 10000
0.138 0.480 1405.743700 4.193900 2489 5128 0 926940323.482306 2648689084.609252 0.016567 0.022520 10000
0.141 0.456 1078.797900 1.805900 1372 3879 0 519830892.384545 2003344187.175517 0.014589 0.020147 10000
0.141 0.460 1131.744700 2.082700 1532 4092 0 579541162.795956 2163881877.205428 0.014843 0.019488 10000
0.141 0.464 1174.763200 2.367400 1669 4280 0 660409133.357596 2308944038.732814 0.015761 0.021495 10000
0.141 0.468 1225.515000 2.603000 1840 4488 0 707209376.071269 2370470239.837713 0.016417 0.022883 10000
0.141 0.472 1287.846900 3.079700 2030 4721 0 716969254.921173 2265920640.799463 0.016763 0.022984 10000
0.141 0.476 1334.531200 3.507700 2217 4938 0 817635492.930091 2485879378.950427 0.017062 0.022731 10000
0.141 0.480 1380.337700 3.938800 2397 5139 0 897332589.695943 2629053289.220302 0.018337 0.025192 10000
0.141 0.484 1440.404700 4.432800 2614 5366 0 940060787.176306 2588734429.096158 0.018917 0.025740 10000
0.141 0.488 1491.643300 4.995700 2830 5585 0 1017003343.088265 2758938110.124476 0.019285 0.025251 10000
0.141 0.492 1523.349000 5.726000 3020 5767 0 1107581758.906773 2866359081.498778 0.020438 0.027250 10000
0.141 0.496 1578.830700 6.482500 3257 5999 0 1155694319.512136 2868067845.002802 0.022698 0.029828 10000
0.141 0.500 1635.910900 7.224100 3497 6227 0 1169078986.438452 2764070785.588236 0.021985 0.029740 10000
0.141 0.504 1689.733000 8.106200 3760 6460 0 1271863624.308464 2930390451.474506 0.022143 0.028997 10000
0.141 0.508 1712.643800 9.074000 3995 6664 0 1357748922.698150 2996666030.157955 0.022917 0.029954 10000
0.144 0.456 1061.320400 1.729800 1314 3919 0 497291771.612508 1954136556.897163 0.014135 0.019583 10000
0.144 0.460 1115.543000 1.947300 1475 4149 0 549266763.112046 2055757910.247935 0.014329 0.019260 10000
0.144 0.464 1153.938200 2.205000 1614 4330 0 624685592.661470 2275147280.938057 0.014848 0.019300 10000
0.144 0.468 1202.497400 2.476800 1766 4530 0 689667258.607745 2353596657.590322 0.015771 0.022028 10000
0.144 0.472 1263.517300 2.866800 1944 4732 0 710495708.306284 2293425217.133844 0.016362 0.023292 10000
0.144 0.476 1317.404600 3.273600 2138 4962 0 787690081.415494 2453895748.551166 0.016541 0.022436 10000
0.144 0.480 1358.913400 3.653800 2318 5169 0 866448087.926815 2578805150.629155 0.017899 0.023968 10000
0.144 0.484 1409.149100 4.128100 2506 5374 0 923519860.686573 2613857503.237492 0.018991 0.026718 10000
0.144 0.488 1469.204400 4.802600 2746 5596 0 952164840.273506 2571356876.320327 0.018873 0.024926 10000
0.144 0.492 1510.366300 5.397000 2951 5810 0 1055951293.498654 2771204765.655678 0.019552 0.025083 10000
0.144 0.496 1547.289300 5.933400 3142 5991 0 1126871929.537979 2854354629.139785 0.021131 0.028925 10000
0.144 0.500 1609.932400 6.624100 3392 6235 0 1147737313.751992 2754873046.001855 0.022118 0.030257 10000
0.144 0.504 1671.551100 7.507900 3651 6470 0 1244270470.695796 2955581021.489203 0.022371 0.029763 10000
0.144 0.508 1703.148900 8.512300 3903 6678 0 1317934394.069995 2966456767.651440 0.022699 0.029334 10000
0.147 0.456 1034.990600 1.614900 1250 3964 0 479398600.752656 1930023958.656604 0.014574 0.019963 10000
0.147 0.460 1096.830500 1.818100 1406 4189 0 528457909.648071 2008546217.441079 0.014990 0.020954 10000
0.147 0.464 1141.615800 2.122000 1561 4384 0 593349739.070339 2179387411.141781 0.015213 0.019247 10000
0.147 0.468 1184.431700 2.435800 1701 4571 0 668498128.844898 2325371884.437023 0.015699 0.021603 10000
0.147 0.472 1236.821900 2.713900 1881 4759 0 697897622.739852 2327138600.176086 0.016004 0.021580 10000
0.147 0.476 1304.376000 3.041000 2073 5000 0 743622972.301320 2343130933.474827 0.016434 0.022331 10000
0.150 0.456 1013.489700 1.544400 1201 4022 0 456197665.726965 1847345206.617027 0.013991 0.019185 10000
0.150 0.460 1079.305200 1.775400 1353 4224 0 499407076.643198 1946577737.252378 0.014476 0.020010 10000
0.150 0.464 1123.921500 1.973100 1505 4443 0 545183616.364992 2017621731.545379 0.014494 0.018914 10000
0.150 0.468 1164.511700 2.310200 1641 4609 0 633796321.348035 2259778234.562442 0.016401 0.022326 10000
0.150 0.472 1213.078200 2.565600 1808 4806 0 680371354.109841 2294031894.257919 0.015927 0.021756 10000
0.150 0.476 1277.232100 2.928000 1979 5015 0 718629210.344545 2328514127.275629 0.016689 0.023823 10000
0.153 0.460 1053.342400 1.661800 1286 4274 0 496634959.144053 1967308247.719474 0.014490 0.020210 10000
0.153 0.464 1107.568300 1.880200 1440 4474 0 536033984.756607 2012531377.825169 0.013623 0.019003 10000
0.153 0.468 1150.807100 2.183700 1587 4668 0 606811088.999533 2216707025.746566 0.014035 0.018638 10000
0.153 0.472 1191.913000 2.435700 1743 4852 0 666775109.114542 2287271124.335370 0.014494 0.019874 10000
0.153 0.476 1252.060500 2.745600 1911 5063 0 700436995.367261 2329426705.883531 0.015181 0.021377 10000
0.153 0.480 1305.654400 3.085700 2106 5277 0 750014110.420842 2327764573.495868 0.015250 0.020401 10000
0.156 0.456 978.638500 1.322800 1108 4131 0 427907587.728081 1809319481.737356 0.013881 0.018649 10000
0.156 0.460 1028.670700 1.509000 1239 4344 0 472200993.879381 1906120319.493543 0.014289 0.018780 10000
0.156 0.464 1084.802800 1.767900 1392 4529 0 507092875.843475 1958416683.796174 0.014544 0.019095 10000
0.156 0.468 1127.434500 2.037700 1529 4713 0 563957753.658025 2097766753.879804 0.015013 0.019888 10000
0.156 0.472 1171.583900 2.309800 1671 4895 0 637585775.633807 2263033749.642860 0.015946 0.022075 10000
0.156 0.476 1216.873200 2.595100 1835 5093 0 669081828.386986 2251989788.430393 0.015823 0.021734 10000
0.159 0.448 888.930800 0.989200 856 3829 0 331139021.278140 1681071225.112673 0.012373 0.015703 10000
0.159 0.452 925.882900 1.089000 952 4011 0 365443627.694312 1711330490.449141 0.013369 0.018190 10000
0.159 0.456 968.042300 1.237100 1079 4194 0 429340526.000207 1884623331.142567 0.013382 0.016824 10000
0.159 0.460 1008.530000 1.372300 1181 4393 0 449036232.348683 1822367190.340917 0.014258 0.019761 10000
0.159 0.464 1064.195000 1.638100 1328 4583 0 485094481.426374 1886439014.510060 0.014664 0.020205 10000
0.159 0.468 1108.615400 1.811000 1481 4796 0 535758252.114417 1998260128.191384 0.015191 0.019769 10000
0.159 0.472 1148.141900 2.139300 1610 4970 0 614658654.062947 2203089264.605225 0.016051 0.021844 10000
0.159 0.476 1193.854800 2.398200 1784 5173 0 655284623.458026 2227676467.301520 0.016125 0.020836 10000
0.159 0.480 1253.332800 2.665300 1947 5381 0 695366175.117668 2279995854.617080 0.017022 0.023153 10000
0.159 0.484 1301.024800 3.056800 2131 5573 0 750485282.097417 2321480205.891815 0.016360 0.021250 10000
0.159 0.488 1352.351300 3.341700 2312 5750 0 833963575.191247 2472238787.958253 0.017049 0.022502 10000
0.159 0.492 1398.380600 3.729200 2498 5941 0 873343008.446052 2466064971.270743 0.017892 0.024121 10000
0.159 0.496 1443.852000 4.233600 2694 6140 0 932207225.804757 2526734104.787218 0.018624 0.025052 10000
0.159 0.500 1501.384700 4.774500 2917 6335 0 1011417170.332926 2686122570.627380 0.019163 0.025891 10000
0.162 0.452 912.492000 1.027400 918 4086 0 356520060.073006 1716380093.275386 0.013583 0.017723 10000
0.162 0.456 948.918500 1.162600 1026 4285 0 403496145.293992 1810033464.596846 0.013206 0.017135 10000
0.162 0.460 987.919400 1.298300 1133 4453 0 437641338.887200 1836517690.763480 0.015388 0.020234 10000
0.162 0.464 1038.064400 1.574500 1271 4654 0 473699780.815752 1864911018.212604 0.014200 0.018993 10000
0.162 0.468 1087.164500 1.764600 1419 4851 0 517164440.959593 1985147895.074094 0.014261 0.018795 10000
0.162 0.472 1127.571700 1.972200 1552 5040 0 585396299.265077 2157445867.290154 0.014902 0.019697 10000
0.165 0.456 945.701300 1.115300 993 4362 0 382313959.345346 1760686795.610916 0.013160 0.017475 10000
0.165 0.460 972.219300 1.229500 1094 4532 0 427978572.388404 1851091162.020093 0.013600 0.018252 10000
0.165 0.464 1019.753200 1.500400 1223 4732 0 453624854.514129 1819359310.446131 0.014061 0.018571 10000
0.165 0.468 1068.010100 1.669800 1358 4902 0 484539958.665603 1871818603.906159 0.014414 0.019778 10000
0.165 0.472 1111.102200 1.786400 1500 5090 0 542599139.221488 2006971099.665348 0.014793 0.019158 10000
0.165 0.476 1156.144300 2.063500 1639 5292 0 614154507.369222 2175414278.069004 0.015536 0.021784 10000
0.168 0.452 887.009000 0.970000 837 4250 0 311652322.525780 1583617137.225868 0.012812 0.017361 10000
0.168 0.456 930.238800 1.073400 941 4443 0 355645061.759442 1691831985.580598 0.013347 0.018717 10000
0.168 0.460 962.096400 1.252300 1059 4617 0 408490955.943605 1795280585.261882 0.013350 0.017139 10000
0.168 0.464 998.133300 1.375700 1167 4780 0 458052433.096798 1897827689.103104 0.013925 0.018623 10000
0.168 0.468 1048.269100 1.571700 1300 4974 0 473593714.075255 1844331057.888002 0.014442 0.019641 10000
0.168 0.472 1102.129500 1.722500 1452 5159 0 523556973.697394 1963494588.357941 0.014583 0.018687 10000
0.171 0.448 818.368400 0.825200 692 4163 0 270716179.359840 1540352971.871262 0.011300 0.015228 10000
0.171 0.452 868.815900 0.889800 794 4342 0 307570603.143987 1628766410.491311 0.013011 0.017434 10000
0.171 0.456 913.381700 1.030100 897 4519 0 350221618.622441 1711264025.156470 0.013479 0.018513 10000
0.171 0.460 956.015900 1.195600 1029 4698 0 410318330.450899 1874664834.051822 0.013269 0.016434 10000
0.171 0.464 987.896400 1.328800 1129 4871 0 441892659.944009 1890673246.390940 0.013887 0.017812 10000
0.171 0.468 1029.507700 1.474200 1253 5065 0 454780509.386909 1809456597.589372 0.014355 0.018806 10000
0.174 0.452 855.171200 0.866800 757 4432 0 277562995.733069 1492433605.280691 0.012945 0.017026 10000
0.174 0.456 906.710100 1.011000 874 4608 0 329228628.144333 1648922081.467714 0.012773 0.016488 10000
0.174 0.460 946.945100 1.129100 986 4790 0 374104233.143921 1757622393.578862 0.013423 0.017080 10000
0.174 0.464 971.352400 1.245200 1081 4968 0 409614881.104901 1786664737.717296 0.013906 0.018552 10000
0.174 0.468 1015.258800 1.420900 1204 5149 0 464955883.251498 1886747284.387247 0.014165 0.019287 10000
0.174 0.472 1054.736600 1.554800 1335 5317 0 482996651.457452 1886978824.784201 0.013339 0.017991 10000
0.177 0.440 708.538800 0.533200 485 4039 0 178384390.409373 1191246129.359955 0.011458 0.013417 10000
0.177 0.444 751.205200 0.617800 557 4214 0 197014411.648677 1263638258.564606 0.011758 0.014227 10000
0.177 0.448 793.304700 0.678400 629 4379 0 233216931.228115 1389897528.140959 0.012247 0.015859 10000
0.177 0.452 841.921400 0.820000 721 4541 0 278273154.806864 1555485638.330706 0.012696 0.016678 10000
0.177 0.456 891.769300 0.938800 828 4692 0 319883059.732653 1674055577.484899 0.012982 0.017460 10000
0.177 0.460 934.015700 1.053700 940 4880 0 351763514.844058 1694889315.665053 0.013191 0.017333 10000
0.177 0.464 961.680900 1.205000 1052 5064 0 410505094.270073 1838919526.329562 0.013156 0.016431 10000
0.177 0.468 998.346000 1.320900 1151 5226 0 450086168.313426 1882067853.511572 0.015058 0.020410 10000
0.177 0.472 1039.884700 1.479500 1285 5393 0 462189904.233690 1816680299.499419 0.014922 0.019745 10000
0.177 0.476 1088.729300 1.639900 1423 5572 0 518213982.050515 1967696068.502066 0.015137 0.019492 10000
0.177 0.480 1135.386500 1.805200 1560 5741 0 571714169.767714 2088733524.739593 0.015843 0.021223 10000
0.177 0.484 1180.504600 2.037500 1719 5911 0 605620430.344192 2122143356.891271 0.016148 0.021328 10000
0.177 0.488 1235.028300 2.317600 1888 6070 0 669963069.641279 2239154713.243432 0.016464 0.021423 10000
0.177 0.492 1287.174900 2.653700 2054 6251 0 726771207.014521 2332500610.386467 0.017239 0.023112 10000
0.180 0.440 699.265900 0.504000 463 4152 0 166050485.609034 1119448922.755068 0.011397 0.013597 10000
0.180 0.444 738.997400 0.613600 529 4326 0 193090194.357845 1264484033.296976 0.011802 0.014816 10000
0.180 0.448 779.536700 0.649000 602 4495 0 214620966.339107 1307039902.863832 0.012202 0.014958 10000
0.180 0.452 830.705200 0.772000 697 4647 0 252921541.063986 1424018201.863453 0.012546 0.015587 10000
0.180 0.456 879.920200 0.907900 793 4790 0 296875230.454306 1598388742.092031 0.012935 0.016971 10000
0.180 0.460 921.278300 1.057600 898 4967 0 340823174.586679 1666486681.375444 0.013224 0.017270 10000
0.180 0.464 959.663700 1.103700 1026 5153 0 392057232.114040 1796406166.374913 0.013461 0.016580 10000
0.180 0.468 983.845700 1.224300 1113 5318 0 424452704.305784 1800248732.679269 0.014171 0.018464 10000
0.180 0.472 1027.026600 1.433600 1242 5468 0 455583580.108595 1827441512.853922 0.014694 0.019297 10000
0.180 0.476 1069.165300 1.549500 1372 5647 0 481124423.540794 1838821125.201683 0.014877 0.019278 10000
0.180 0.480 1114.967300 1.696100 1500 5820 0 535867052.941255 1960152933.727366 0.015640 0.021340 10000
0.180 0.484 1164.528000 1.946000 1662 5978 0 591342938.572788 2117800331.881176 0.015873 0.020903 10000
0.180 0.488 1220.965300 2.195100 1820 6162 0 637137091.514597 2206304392.627608 0.017545 0.023550 10000
0.180 0.492 1266.436900 2.544100 1981 6333 0 695425392.664478 2258945256.356797 0.017265 0.023083 10000
0.183 0.440 694.405600 0.479000 442 4274 0 163054891.281870 1140237838.428611 0.011488 0.013613 10000
0.183 0.444 722.850300 0.571400 499 4420 0 178709356.648305 1169202282.418782 0.010774 0.013115 10000
0.183 0.448 766.037900 0.650000 576 4565 0 204685778.272781 1281669428.132387 0.012927 0.015592 10000
0.183 0.452 811.369000 0.756700 656 4729 0 248239868.375975 1461210323.121055 0.012617 0.016269 10000
0.183 0.456 861.577600 0.878400 751 4881 0 276621603.834046 1514643189.596496 0.015202 0.023826 10000
0.183 0.460 903.269500 0.965600 863 5062 0 320733643.265363 1625362107.697868 0.013170 0.016454 10000
0.186 0.436 654.697400 0.398300 372 4219 0 134522536.929840 1031208232.778723 0.011659 0.013118 10000
0.186 0.440 687.584600 0.458900 423 4369 0 161614951.512137 1161992777.078555 0.010540 0.012472 10000
0.186 0.444 718.574100 0.568100 476 4519 0 171293223.843954 1137346407.586496 0.011925 0.015064 10000
0.186 0.448 756.414000 0.614500 548 4666 0 195555456.176333 1237843945.997232 0.012083 0.015063 10000
0.186 0.452 801.415700 0.711400 629 4815 0 226847038.813684 1353888510.634395 0.012455 0.015466 10000
0.186 0.456 845.638800 0.821700 722 4983 0 265522970.662603 1478183669.299329 0.012748 0.015651 10000
0.186 0.460 892.145600 0.931100 814 5138 0 309717455.921604 1618323925.957019 0.013684 0.018435 10000
0.186 0.464 937.003600 1.025000 932 5323 0 350222758.036337 1711508436.419729 0.013868 0.018358 10000
0.186 0.468 968.152800 1.134800 1040 5502 0 391962068.648074 1760011194.882163 0.013899 0.018200 10000
0.186 0.472 1002.238600 1.252000 1148 5668 0 439801913.322630 1844866087.284541 0.014442 0.018992 10000
0.186 0.476 1039.154600 1.454200 1283 5821 0 458020720.707528 1816763407.795231 0.014548 0.018604 10000
0.186 0.480 1078.298100 1.533700 1394 5978 0 489053910.355575 1843495036.510906 0.015177 0.019696 10000
0.186 0.484 1131.337600 1.769300 1539 6160 0 546508653.042467 1981505319.298402 0.015824 0.021482 10000
0.186 0.488 1184.537700 2.040200 1699 6325 0 581368964.070830 2058097596.829718 0.016105 0.020961 10000
0.189 0.432 626.428400 0.329700 314 4188 0 129894832.722995 1072318785.489005 0.010810 0.011752 10000
0.189 0.436 654.130000 0.396200 359 4328 0 132111793.960041 1021670138.150271 0.011092 0.012690 10000
0.189 0.440 682.083900 0.434300 408 4477 0 143896355.506272 1062193964.197894 0.011346 0.012872 10000
0.189 0.444 708.204900 0.525300 463 4645 0 164426149.349758 1111511578.957861 0.011626 0.012901 10000
0.189 0.448 745.653300 0.596600 526 4781 0 185537387.423545 1208740740.887102 0.012041 0.014555 10000
0.189 0.452 788.303400 0.698800 602 4931 0 214888608.800939 1338394917.771313 0.012465 0.015342 10000
0.189 0.456 831.365800 0.789500 688 5087 0 249622994.090181 1433971843.344516 0.012983 0.016401 10000
0.189 0.460 877.679600 0.898300 787 5251 0 284665652.481216 1536660917.686694 0.013273 0.016687 10000
0.189 0.464 924.197200 1.011400 889 5422 0 322782400.288950 1606236765.941780 0.013463 0.018051 10000
0.189 0.468 960.381900 1.125000 1012 5598 0 386959050.614459 1795800156.692951 0.013304 0.016288 10000
0.189 0.472 992.197500 1.304700 1112 5771 0 421578765.476774 1807146932.327975 0.013902 0.017501 10000
0.189 0.476 1024.874400 1.374700 1222 5921 0 447722773.540672 1803593412.521382 0.014456 0.019594 10000
0.189 0.480 1064.321300 1.515300 1354 6057 0 476202878.077375 1838495949.549913 0.014593 0.018362 10000
0.189 0.484 1110.042400 1.701400 1480 6252 0 533738432.689728 1974084975.789389 0.015324 0.020176 10000
0.192 0.432 626.098800 0.340400 302 4318 0 123785342.651295 1056879986.274100 0.010964 0.011997 10000
0.192 0.436 650.821900 0.368900 341 4449 0 125503839.909970 994111804.358131 0.011375 0.013735 10000
0.192 0.440 670.495100 0.409800 391 4601 0 139283524.456107 1043972960.427370 0.011373 0.012522 10000
0.192 0.444 701.257300 0.490100 444 4745 0 163832420.457438 1162150125.035352 0.011713 0.013537 10000
0.192 0.448 739.395800 0.597600 511 4881 0 178609930.465183 1178271955.189149 0.012019 0.014257 10000
0.192 0.452 774.649900 0.658600 577 5049 0 197525028.660947 1224262655.407143 0.012089 0.014752 10000
0.195 0.428 607.007400 0.291300 261 4298 0 93428855.199378 900377700.236416 0.010657 0.011042 10000
0.195 0.432 622.448800 0.333300 292 4435 0 115028992.240981 1020716527.591634 0.010643 0.010659 10000
0.195 0.436 638.011000 0.333400 324 4557 0 125493510.084485 1007293501.091458 0.011079 0.012744 10000
0.195 0.440 670.029600 0.409800 381 4687 0 135347261.581839 1043534624.469681 0.011197 0.012403 10000
0.195 0.444 695.763500 0.476500 429 4857 0 161994482.643639 1172110029.894042 0.011478 0.012904 10000
0.195 0.448 725.803100 0.541600 481 5023 0 168319187.170647 1111308247.813916 0.012066 0.014794 10000
0.198 0.424 574.410300 0.220300 206 4271 0 78423432.744704 873234128.486533 0.010506 0.010463 10000
0.198 0.428 601.583200 0.253900 245 4414 0 84732032.414982 842774569.148961 0.010697 0.011513 10000
0.198 0.432 618.774200 0.300700 280 4549 0 100752156.032015 909154415.651590 0.010872 0.011318 10000
0.198 0.436 635.916700 0.322300 314 4672 0 127400921.790355 1053768220.901255 0.010876 0.012031 10000
0.198 0.440 664.386900 0.381900 367 4824 0 130420515.405706 1013386956.321939 0.011100 0.012458 10000
0.198 0.444 686.214300 0.460200 408 4968 0 144044595.317265 1065939759.516252 0.011325 0.012846 10000
0.198 0.448 714.049400 0.538900 463 5137 0 165988641.506248 1122186386.072035 0.011782 0.013321 10000
0.198 0.452 749.132800 0.603600 526 5257 0 181204520.117696 1163834400.642857 0.012105 0.013508 10000
0.198 0.456 797.013500 0.671100 596 5394 0 211170306.843457 1289088058.338404 0.012672 0.016154 10000
0.198 0.460 839.232000 0.768700 686 5549 0 241418474.884955 1392187218.245285 0.012860 0.015803 10000
0.198 0.464 879.825300 0.861800 773 5731 0 274926632.400935 1497613545.078016 0.013239 0.016967 10000
0.198 0.468 927.764200 0.996700 886 5877 0 325362226.231800 1650487252.250793 0.013436 0.017485 10000
0.198 0.472 965.268900 1.084700 998 6041 0 371606776.493822 1730463278.976106 0.013615 0.017027 10000
0.198 0.476 986.223700 1.206500 1103 6188 0 418318377.115892 1801475285.555215 0.013852 0.016977 10000
0.201 0.420 552.982600 0.212300 167 4257 0 60520638.731049 738955801.981749 0.010246 0.009688 10000
0.201 0.424 575.365500 0.226900 197 4390 0 65483981.615734 707515893.760775 0.010563 0.010656 10000
0.201 0.428 596.464000 0.249100 229 4526 0 76927139.787415 794556661.628511 0.010799 0.011823 10000
0.201 0.432 617.563600 0.293400 270 4654 0 90964916.769412 829700370.469108 0.010883 0.011529 10000
0.201 0.436 636.033600 0.344400 305 4809 0 118038766.742192 992082737.685488 0.011165 0.011941 10000
0.201 0.440 658.547900 0.358800 349 4966 0 128254077.297809 1013553712.762198 0.011464 0.013142 10000
0.201 0.444 679.644200 0.441000 397 5129 0 131348710.580747 991759515.412217 0.011396 0.011985 10000
0.201 0.448 711.803600 0.545200 451 5236 0 162889376.939082 1136722164.454616 0.011734 0.013066 10000
0.201 0.452 745.923400 0.577400 501 5381 0 173561892.233550 1130703508.876415 0.012706 0.015488 10000
0.201 0.456 783.475100 0.646300 570 5502 0 190099865.428778 1185017324.007994 0.013042 0.016290 10000
0.201 0.460 824.358900 0.750500 657 5676 0 226445211.648947 1315429948.092734 0.012028 0.014439 10000
0.201 0.464 870.595800 0.846200 746 5852 0 268458789.002182 1497681076.037320 0.012434 0.016203 10000
0.201 0.468 915.601600 0.923400 850 5982 0 303999088.629868 1565964760.563957 0.012624 0.016216 10000
0.201 0.472 952.073100 0.999300 961 6139 0 348234045.882759 1672744724.152128 0.012674 0.015837 10000
0.204 0.416 540.593200 0.153500 138 4258 0 49273198.007583 606654352.850235 0.010363 0.010687 10000
0.204 0.420 556.418100 0.209900 162 4385 0 49162681.656432 575988994.083945 0.010489 0.010562 10000
0.204 0.424 574.122000 0.210000 183 4511 0 61574598.951366 673933072.291652 0.010632 0.011716 10000
0.204 0.428 596.207600 0.250400 219 4639 0 75850409.488668 832051622.754869 0.011272 0.012096 10000
0.204 0.432 618.117600 0.318600 261 4790 0 95240938.078563 916806599.705442 0.010731 0.011572 10000
0.204 0.436 638.140200 0.328100 297 4963 0 111422775.358904 974839530.386415 0.011170 0.012105 10000
0.204 0.440 650.641000 0.360800 330 5115 0 127206568.239585 1023507007.448911 0.010621 0.011839 10000
0.204 0.444 671.689100 0.402100 378 5251 0 129414275.225459 985361357.146255 0.010708 0.011458 10000
0.204 0.448 703.927200 0.478300 425 5364 0 160178102.642118 1149623792.019293 0.011104 0.012948 10000
0.204 0.452 738.208700 0.519900 482 5501 0 167633907.034393 1117991934.440602 0.011401 0.014179 10000
0.204 0.456 769.187300 0.662600 548 5641 0 190405591.952687 1199879797.361197 0.011683 0.014085 10000
0.204 0.460 816.617400 0.744500 628 5800 0 218191763.528327 1316564038.474603 0.012086 0.015168 10000
0.204 0.464 855.477900 0.792900 700 5955 0 250518343.269108 1420936298.097416 0.012606 0.017069 10000
0.204 0.468 902.073600 0.858100 804 6104 0 286550481.593713 1495511057.509631 0.012804 0.017233 10000
0.207 0.408 523.150700 0.127500 104 4150 0 32778452.640787 534570693.344170 0.010039 0.008476 10000
0.207 0.412 530.675300 0.136900 118 4269 0 47853130.343920 672298816.541415 0.010164 0.009502 10000
0.207 0.416 537.529200 0.179200 132 4388 0 46350970.197030 562087171.006222 0.010370 0.010417 10000
0.207 0.420 551.138700 0.177100 153 4511 0 48082409.146149 567847977.795140 0.010486 0.010312 10000
0.207 0.424 567.236000 0.226900 178 4636 0 61778974.579719 708449635.996280 0.010580 0.009792 10000
0.207 0.428 594.737600 0.249100 210 4769 0 68757007.608933 732679545.454587 0.010916 0.011521 10000
0.207 0.432 620.439100 0.284700 250 4937 0 93788171.507307 944903430.555304 0.010318 0.011267 10000
0.207 0.436 638.747000 0.338500 288 5106 0 98268476.101694 863218162.419141 0.010366 0.010978 10000
0.207 0.440 645.543300 0.359500 313 5240 0 124273802.833599 1038173045.928397 0.011681 0.012891 10000
0.207 0.444 677.685800 0.385600 367 5376 0 132346968.323572 1023167170.885476 0.011836 0.013821 10000
0.207 0.448 699.662100 0.444000 407 5487 0 142454318.481713 1053833067.540847 0.012140 0.014263 10000
0.207 0.452 729.514300 0.568600 467 5625 0 167362244.760845 1148250030.406168 0.012336 0.014402 10000
0.207 0.456 757.562300 0.612200 526 5761 0 179108451.167817 1149265026.407862 0.012579 0.014416 10000
0.207 0.460 800.431000 0.690500 600 5913 0 210810849.329385 1302104148.018071 0.012933 0.015724 10000
0.210 0.412 539.362900 0.157100 117 4383 0 41135199.219231 596702904.575393 0.011554 0.013256 10000
0.210 0.416 536.194300 0.166800 130 4518 0 48433499.310048 605854232.680890 0.010112 0.008608 10000
0.210 0.420 551.124900 0.194000 146 4648 0 51185848.690782 630063627.610922 0.010246 0.010057 10000
0.210 0.424 570.575800 0.221700 169 4778 0 56313607.912822 652286130.411634 0.009932 0.010088 10000
0.210 0.428 594.137100 0.232700 201 4923 0 67960559.695751 739067163.903800 0.010986 0.011814 10000
0.210 0.432 613.602500 0.288800 233 5099 0 72968592.125792 761170231.620046 0.011152 0.012287 10000
0.213 0.408 531.526300 0.136100 95 4397 0 26354857.615508 443062971.987721 0.010366 0.010471 10000
0.213 0.412 539.770600 0.142400 117 4520 0 39634822.184808 609427395.190291 0.010244 0.009181 10000
0.213 0.416 539.119200 0.170500 125 4660 0 51459910.268839 674834416.547781 0.010364 0.009208 10000
0.213 0.420 554.322000 0.194100 147 4790 0 48293813.191032 592280082.336011 0.010739 0.010261 10000
0.213 0.424 568.083200 0.206700 165 4931 0 49438009.860317 578556058.528359 0.010688 0.010296 10000
0.213 0.428 591.183100 0.251900 190 5074 0 63054011.343738 698385348.423874 0.010979 0.012360 10000
0.216 0.404 513.670500 0.148300 71 4412 0 19915313.959556 377554074.132053 0.010275 0.009137 10000
0.216 0.408 532.135600 0.120700 87 4540 0 26907249.511519 468262710.890749 0.010435 0.010600 10000
0.216 0.412 540.736900 0.164700 109 4665 0 30352133.923830 472660625.309014 0.010365 0.009080 10000
0.216 0.416 543.042300 0.177800 122 4818 0 51307817.777404 702564752.768649 0.010393 0.009194 10000
0.216 0.420 552.080000 0.201900 137 4934 0 46919566.386176 564081313.186436 0.010610 0.009954 10000
0.216 0.424 568.630800 0.212300 159 5063 0 48856298.330092 581226788.971019 0.010809 0.010894 10000
0.219 0.400 506.747600 0.140700 60 4425 0 22223195.282269 438602334.994357 0.011654 0.010627 10000
0.219 0.404 523.886700 0.121700 74 4567 0 16971469.895285 305516575.998751 0.011951 0.011790 10000
0.219 0.408 530.116800 0.148000 80 4698 0 23674756.786257 430025078.280908 0.010747 0.010709 10000
0.219 0.412 546.382400 0.175100 105 4822 0 27154671.987838 457830873.191801 0.010365 0.010336 10000
0.219 0.416 547.741400 0.169000 118 4974 0 43446879.903289 620546984.838307 0.010350 0.009565 10000
0.219 0.420 555.297300 0.183500 132 5079 0 49773103.273018 628115829.456718 0.010769 0.010580 10000
0.222 0.396 503.728800 0.127700 56 4464 0 15967181.787421 354130264.934975 0.010121 0.008027 10000
0.222 0.400 510.069100 0.117800 57 4596 0 20515790.879711 426451780.909317 0.010292 0.008472 10000
0.222 0.404 520.135900 0.128100 69 4717 0 17222656.491166 311420982.801240 0.010395 0.009266 10000
0.222 0.408 532.332200 0.145400 79 4840 0 21654894.066602 393087939.553469 0.010554 0.010078 10000
0.222 0.412 551.623700 0.187500 100 4981 0 24860698.298448 405070743.374236 0.010715 0.010897 10000
0.222 0.416 555.751700 0.184900 120 5118 0 43271785.755660 648997548.591591 0.010606 0.009654 10000
0.225 0.392 499.604300 0.091500 44 4463 0 14121813.454547 338416163.753529 0.010118 0.008210 10000
0.225 0.396 506.876000 0.099100 51 4623 0 14826828.438098 336881437.491154 0.010200 0.008662 10000
0.225 0.400 516.387700 0.124700 60 4751 0 16407289.616807 351595734.604162 0.010331 0.008834 10000
0.225 0.404 523.435500 0.155800 65 4882 0 19399366.750751 362523346.178240 0.012058 0.012608 10000
0.225 0.408 538.001200 0.191400 79 4992 0 18798530.575519 349057496.098551 0.011141 0.010028 10000
0.225 0.412 553.963600 0.202000 96 5123 0 26358092.133593 451842361.018457 0.011044 0.011194 10000
0.228 0.392 508.283000 0.128700 45 4623 0 14479710.091235 355730498.900401 0.010162 0.008169 10000
0.228 0.396 512.397900 0.108000 49 4773 0 11631857.038476 259161839.618356 0.010222 0.008935 10000
0.228 0.400 522.466800 0.139800 62 4905 0 14869386.856269 315983403.487451 0.010438 0.008437 10000
0.228 0.404 529.985500 0.154400 66 5013 0 20637826.672384 398954808.590670 0.010616 0.009273 10000
0.228 0.408 541.652500 0.203700 79 5145 0 17308910.319778 311284248.634661 0.010733 0.009581 10000
0.228 0.412 554.268300 0.215600 92 5271 0 24701748.125730 425916207.368061 0.010845 0.010658 10000
0.231 0.384 505.148800 0.089600 33 4496 0 9084332.602246 308145455.988548 0.010300 0.008413 10000
0.231 0.388 509.635300 0.097200 38 4638 0 9718143.492251 287389175.327434 0.010378 0.008621 10000
0.231 0.392 513.916800 0.121800 40 4774 0 17578972.562352 454580179.979330 0.010683 0.009451 10000
0.231 0.396 521.962500 0.136800 52 4931 0 13038738.047039 298424015.096168 0.010517 0.009013 10000
0.231 0.400 525.812100 0.153700 60 5061 0 15270250.360539 335968222.277683 0.010504 0.008490 10000
0.231 0.404 531.488500 0.153100 62 5186 0 22298583.243359 449539661.361024 0.010703 0.009843 10000
0.234 0.380 505.409900 0.073600 25 4524 0 4700678.267073 194939555.075986 0.010414 0.008395 10000
0.234 0.384 511.591900 0.084800 31 4654 0 5963487.705542 206216238.018532 0.010461 0.008415 10000
0.234 0.388 513.897000 0.104700 35 4803 0 10028820.855250 319386266.929295 0.010497 0.008514 10000
0.234 0.392 521.213500 0.128900 45 4946 0 14670709.866190 411917729.939558 0.010546 0.008538 10000
0.234 0.396 523.881900 0.135100 47 5063 0 15016058.632853 354682518.682170 0.010630 0.009110 10000
0.234 0.400 531.448500 0.137500 58 5200 0 15927674.822676 368502867.245880 0.005991 0.005368 10000
0.237 0.372 499.458900 0.049000 15 4420 0 2908877.298508 129729783.457915 0.010656 0.008659 10000
0.237 0.376 502.097500 0.056800 18 4551 0 2125017.450945 89870643.148596 0.010727 0.008737 10000
0.237 0.380 509.315200 0.079700 24 4691 0 3799549.938877 166604631.701596 0.010541 0.008611 10000
0.237 0.384 517.717000 0.113100 30 4815 0 6527517.648619 229907006.641233 0.010609 0.008486 10000
0.237 0.388 527.936700 0.104500 36 4966 0 8235685.891934 265985448.833034 0.010763 0.009575 10000
0.237 0.392 529.020500 0.119400 41 5097 0 9402225.452524 262085231.547476 0.010770 0.009243 10000
0.240 0.368 507.161100 0.069200 17 4477 0 3469302.084444 184685036.522350 0.010614 0.009174 10000
0.240 0.372 500.629300 0.042700 12 4620 0 3238246.865312 147440847.297358 0.010521 0.008242 10000
0.240 0.376 510.081100 0.071500 20 4752 0 2276850.481056 97418259.565951 0.011375 0.009463 10000
0.240 0.380 516.858900 0.088700 22 4872 0 3088050.265577 138343229.234584 0.010682 0.008736 10000
0.240 0.384 523.529800 0.102400 30 4987 0 5758651.365144 204503652.174653 0.010902 0.008731 10000
0.240 0.388 532.338600 0.116100 35 5122 0 9877791.611969 335763447.032489 0.011096 0.009914 10000
0.243 0.364 513.769900 0.065500 16 4534 0 1540917.303005 85893907.677631 0.010566 0.008935 10000
0.243 0.368 509.282800 0.068800 15 4657 0 4268216.634549 239997481.851523 0.010624 0.008417 10000
0.243 0.372 512.077100 0.065900 17 4797 0 3685454.819507 171894321.884875 0.010644 0.008555 10000
0.243 0.376 516.970500 0.086400 18 4930 0 2458045.361008 106310475.089074 0.010813 0.009407 10000
0.243 0.380 522.822900 0.104600 26 5044 0 2061314.659010 80822595.165354 0.010781 0.008129 10000
0.243 0.384 527.942200 0.100800 30 5183 0 6831689.380208 251259383.768770 0.010803 0.008512 10000
0.246 0.360 516.035600 0.067400 17 4587 0 2997427.164953 185529499.244082 0.010721 0.008058 10000
0.246 0.364 512.157600 0.062000 12 4704 0 1686986.746022 95570864.606568 0.010121 0.007718 10000
0.246 0.368 521.353900 0.069000 19 4835 0 2615575.308439 153421590.077214 0.010180 0.007993 10000
0.246 0.372 524.595900 0.107400 21 4980 0 4312823.381364 207608817.577308 0.010279 0.008719 10000
0.246 0.376 527.463400 0.101400 23 5084 0 2673848.542898 117181473.781723 0.010287 0.007973 10000
0.246 0.380 536.795900 0.105400 25 5205 0 2013993.670517 84765257.028211 0.010438 0.009328 10000
0.249 0.348 516.953200 0.048600 8 4326 0 1163685.339931 82548032.132409 0.010292 0.009156 10000
0.249 0.352 521.851200 0.055300 11 4484 0 801060.907346 56777012.350595 0.010265 0.008336 10000
0.249 0.356 520.768100 0.035100 11 4634 0 612485.377591 43387721.295081 0.010296 0.008400 10000
0.249 0.360 523.136300 0.066900 13 4752 0 1686630.375031 122034834.802016 0.012510 0.011155 10000
0.249 0.364 528.359400 0.082400 20 4897 0 1881150.706368 108481992.941678 0.006088 0.005047 10000
0.249 0.368 533.466100 0.119400 24 5016 0 1719912.557699 82835519.468968 0.011158 0.008818 10000
0.252 0.348 525.029400 0.065600 9 4525 0 1245969.775303 88306064.785204 0.011230 0.008755 10000
0.252 0.352 522.378000 0.038300 7 4663 0 840334.565816 59511884.540524 0.011343 0.008892 10000
0.252 0.356 527.441000 0.062300 13 4831 0 636690.768182 45065238.352277 0.010892 0.008589 10000
0.252 0.360 533.793500 0.070300 14 4948 0 1976361.922795 150765713.862647 0.011005 0.009161 10000
0.252 0.364 538.867500 0.127500 18 5077 0 2128827.294748 125800416.721639 0.011235 0.009654 10000
0.252 0.368 542.897300 0.107400 19 5201 0 1401481.159029 78043921.126707 0.011287 0.009577 10000
0.255 0.352 535.186700 0.047200 12 4867 0 883530.845173 62533051.408895 0.011184 0.009177 10000
0.255 0.356 536.460000 0.054200 12 5002 0 660517.367935 46746624.721873 0.011215 0.009003 10000
0.255 0.360 545.180400 0.104800 17 5117 0 633889.168579 38706221.637150 0.011311 0.009539 10000
0.255 0.364 550.858300 0.138500 20 5264 0 2487076.127004 151798265.940383 0.011397 0.009864 10000
0.255 0.368 556.056100 0.143800 25 5394 0 1523060.759183 85886781.312921 0.010793 0.009466 10000
0.255 0.372 551.055400 0.160900 23 5531 0 2684877.728915 147092732.795464 0.010769 0.009578 10000
0.258 0.336 536.716000 0.081700 11 4470 0 0.577243 0.011115 0.010589 0.007735 10000
0.258 0.340 543.295000 0.088800 14 4630 0 0.578387 0.015152 0.010683 0.008352 10000
0.258 0.344 549.110300 0.063100 18 4784 0 109420.307032 9252252.013867 0.010715 0.008462 10000
0.258 0.348 543.061300 0.039000 10 4912 0 1492159.508105 105507140.294144 0.010787 0.008954 10000
0.258 0.352 548.431500 0.070000 13 5052 0 936646.664916 66253755.834389 0.010840 0.009721 10000
0.258 0.356 550.057900 0.094500 16 5172 0 686700.219144 48582348.696617 0.010885 0.009548 10000
0.261 0.332 548.355000 0.090700 13 4529 0 0.573490 0.010528 0.010791 0.008434 10000
0.261 0.336 551.724600 0.089700 14 4689 0 0.574498 0.010916 0.010873 0.008791 10000
0.261 0.340 551.899000 0.078200 14 4850 0 0.575590 0.012976 0.010895 0.008360 10000
0.261 0.344 550.548900 0.044700 10 4973 0 2847.116748 283496.793008 0.010954 0.009187 10000
0.261 0.348 549.829700 0.068600 12 5092 0 1669513.649384 118114901.168161 0.010863 0.008457 10000
0.261 0.352 556.521700 0.097200 16 5236 0 1000881.325068 70766420.266664 0.010933 0.009042 10000
0.264 0.332 552.971500 0.076500 9 4733 0 0.570798 0.010393 0.010969 0.008469 10000
0.264 0.336 560.328100 0.070500 13 4890 0 0.571797 0.010743 0.011046 0.008766 10000
0.264 0.340 557.844700 0.051500 11 5048 0 0.572858 0.012023 0.006950 0.005801 10000
0.264 0.344 556.184300 0.067200 12 5152 0 7.755755 716.906887 0.011818 0.008996 10000
0.264 0.348 560.578800 0.091900 13 5293 0 1915805.556433 135990488.486255 0.011582 0.009501 10000
0.264 0.352 567.590000 0.100500 17 5434 0 1075446.668148 76067786.688195 0.012107 0.010115 10000
0.267 0.324 561.696400 0.079000 10 4656 0 0.566266 0.009787 0.011933 0.010135 10000
0.267 0.328 562.474400 0.071600 8 4782 0 0.567189 0.010012 0.011805 0.009216 10000
0.267 0.332 571.096500 0.062400 14 4933 0 0.568146 0.010261 0.011899 0.010235 10000
0.267 0.336 572.861900 0.068900 13 5085 0 0.569133 0.010581 0.011955 0.010248 10000
0.267 0.340 564.606300 0.055600 11 5207 0 0.570175 0.011428 0.011844 0.010044 10000
0.267 0.344 566.406500 0.093500 11 5354 0 0.595024 2.362048 0.011886 0.009972 10000
0.270 0.308 563.370000 0.065100 9 4282 0 0.560261 0.008886 0.011797 0.008753 10000
0.270 0.312 569.110400 0.073900 9 4426 0 0.561072 0.009074 0.011962 0.009567 10000
0.270 0.316 572.067900 0.082800 14 4567 0 0.561911 0.009266 0.011274 0.008664 10000
0.270 0.320 575.235900 0.098900 13 4720 0 0.562775 0.009464 0.011398 0.009312 10000
0.270 0.324 578.758600 0.085700 14 4854 0 0.563666 0.009674 0.011412 0.009528 10000
0.270 0.328 580.318100 0.072900 16 4994 0 0.564583 0.009891 0.011413 0.009633 10000
0.270 0.332 579.660000 0.070700 13 5143 0 0.565529 0.010132 0.012218 0.010356 10000
0.270 0.336 571.364300 0.068600 9 5289 0 0.566507 0.010433 0.012152 0.009951 10000
0.270 0.340 573.734700 0.092000 12 5424 0 0.567532 0.011052 0.012369 0.010251 10000
0.270 0.344 574.860100 0.082700 13 5551 0 0.569016 0.043800 0.012088 0.009649 10000
0.270 0.348 577.225200 0.102000 16 5679 0 1417785.657090 125912402.453811 0.012080 0.009674 10000
0.270 0.352 574.684400 0.102700 16 5776 0 1311405.514150 92964915.146646 0.012086 0.009803 10000
0.270 0.356 580.665300 0.140700 22 5944 0 844092.831845 59733738.117027 0.011222 0.009511 10000
0.270 0.360 583.098500 0.170500 25 6067 0 632842.353803 44753675.283077 0.011214 0.009457 10000
0.273 0.312 576.019200 0.092500 13 4614 0 0.558527 0.008971 0.011426 0.008465 10000
0.273 0.316 578.302800 0.098100 14 4778 0 0.559362 0.009157 0.011388 0.008711 10000
0.273 0.320 586.804100 0.086700 17 4923 0 0.560219 0.009355 0.011519 0.009469 10000
0.273 0.324 584.208000 0.072300 13 5066 0 0.561102 0.009561 0.011550 0.009351 10000
0.273 0.328 584.497700 0.064200 11 5204 0 0.562011 0.009775 0.011627 0.009354 10000
0.273 0.332 582.469200 0.066500 12 5347 0 0.562952 0.010008 0.011529 0.009823 10000
0.276 0.304 587.648000 0.063500 11 4532 0 0.554438 0.008508 0.011713 0.009273 10000
0.276 0.308 584.872100 0.059000 10 4673 0 0.555218 0.008688 0.006841 0.005330 10000
0.276 0.312 591.341700 0.114400 15 4834 0 0.556020 0.008868 0.012757 0.010010 10000
0.276 0.316 589.097700 0.095600 12 4974 0 0.556847 0.009054 0.012871 0.010294 10000
0.276 0.320 592.126800 0.092100 10 5114 0 0.557701 0.009247 0.011800 0.009649 10000
0.276 0.324 596.392900 0.098600 20 5280 0 0.558576 0.009449 0.011654 0.009237 10000
0.279 0.300 598.440400 0.055600 12 4607 0 0.551226 0.008241 0.011850 0.008687 10000
0.279 0.304 600.249400 0.069200 10 4739 0 0.551977 0.008411 0.011953 0.009806 10000
0.279 0.308 603.044000 0.100500 13 4904 0 0.552752 0.008586 0.011939 0.009758 10000
0.279 0.312 601.280200 0.085900 14 5048 0 0.553550 0.008764 0.011868 0.009503 10000
0.279 0.316 600.677200 0.084000 15 5221 0 0.554371 0.008948 0.011825 0.008845 10000
0.279 0.320 599.878400 0.081600 12 5360 0 0.555218 0.009139 0.011890 0.009460 10000
0.282 0.292 613.000200 0.042200 12 4529 0 0.547371 0.007829 0.012194 0.009100 10000
0.282 0.296 608.338200 0.037100 9 4690 0 0.548076 0.007987 0.012125 0.009428 10000
0.282 0.300 613.747400 0.056800 13 4827 0 0.548802 0.008150 0.013412 0.010195 10000
0.282 0.304 607.586900 0.087500 10 4981 0 0.549550 0.008316 0.012730 0.009604 10000
0.282 0.308 610.810000 0.070300 9 5146 0 0.550320 0.008490 0.012162 0.010021 10000
0.282 0.312 606.404300 0.070000 10 5281 0 0.551113 0.008666 0.012099 0.009403 10000
0.285 0.288 621.359400 0.036200 9 4630 0 0.544307 0.007588 0.012483 0.009145 10000
0.285 0.292 626.905100 0.028900 8 4775 0 0.544990 0.007742 0.012518 0.010159 10000
0.285 0.296 625.615900 0.057800 7 4921 0 0.545692 0.007897 0.013361 0.010988 10000
0.285 0.300 628.949500 0.090200 12 5066 0 0.546416 0.008060 0.012476 0.009982 10000
0.285 0.304 629.752000 0.083800 13 5219 0 0.547161 0.008224 0.013272 0.010921 10000
0.285 0.308 624.900500 0.094200 15 5358 0 0.547927 0.008393 0.007900 0.006619 10000
0.288 0.276 636.644700 0.030100 9 4380 0 0.540044 0.007068 0.014059 0.010393 10000
0.288 0.280 639.348200 0.043400 10 4556 0 0.540665 0.007210 0.014098 0.010957 10000
0.288 0.284 631.043200 0.024900 5 4728 0 0.541305 0.007355 0.013997 0.010166 10000
0.288 0.288 638.488300 0.025800 6 4880 0 0.541966 0.007503 0.013466 0.010906 10000
0.288 0.292 638.851100 0.056900 9 5009 0 0.542645 0.007654 0.012788 0.010335 10000
0.288 0.296 636.075700 0.074900 9 5135 0 0.543345 0.007811 0.012709 0.010243 10000
0.291 0.268 657.503200 0.068100 12 4305 0 0.536563 0.006712 0.013068 0.010239 10000
0.291 0.272 645.482700 0.041400 7 4482 0 0.537145 0.006848 0.012908 0.009528 10000
0.291 0.276 647.543300 0.046400 9 4623 0 0.537744 0.006986 0.007998 0.006149 10000
0.291 0.280 651.625800 0.029900 5 4813 0 0.538361 0.007127 0.008359 0.007135 10000
0.291 0.284 648.037200 0.048000 7 4974 0 0.539001 0.007272 0.007691 0.005962 10000
0.291 0.288 654.661100 0.068600 13 5130 0 0.539659 0.007418 0.008066 0.006708 10000
0.294 0.264 673.212700 0.027100 11 4413 0 0.533736 0.006505 0.008004 0.006564 10000
0.294 0.268 661.611600 0.034500 7 4605 0 0.534298 0.006636 0.014696 0.010884 10000
0.294 0.272 663.085300 0.050100 9 4764 0 0.534880 0.006771 0.014672 0.010535 10000
0.294 0.276 662.375700 0.047900 9 4905 0 0.535477 0.006906 0.015987 0.012261 10000
0.294 0.280 662.056200 0.030800 4 5077 0 0.536095 0.007046 0.007966 0.006793 10000
0.294 0.284 667.296300 0.064000 9 5221 0 0.536733 0.007188 0.008276 0.006801 10000
0.297 0.260 684.510300 0.027500 9 4517 0 0.530961 0.006304 0.008161 0.006624 10000
0.297 0.264 678.263900 0.025400 6 4696 0 0.531506 0.006430 0.008819 0.006711 10000
0.297 0.268 679.565400 0.046800 8 4876 0 0.532069 0.006561 0.008298 0.006392 10000
0.297 0.272 680.297500 0.037700 6 5014 0 0.532650 0.006694 0.014927 0.011543 10000
0.297 0.276 684.492900 0.036600 10 5187 0 0.533245 0.006827 0.013661 0.010770 10000
0.297 0.280 682.506700 0.084900 15 5341 0 0.533863 0.006965 0.008791 0.006865 10000
0.300 0.256 699.143900 0.020700 10 4638 0 0.528241 0.006106 0.008724 0.006830 10000
0.300 0.260 696.016000 0.031600 8 4800 0 0.528768 0.006233 0.008768 0.006689 10000
0.300 0.264 699.981300 0.025000 11 4986 0 0.529312 0.006358 0.015454 0.011617 10000
0.300 0.268 701.828800 0.042000 11 5132 0 0.529875 0.006486 0.009185 0.007422 10000
0.300 0.272 702.421500 0.029600 7 5290 0 0.530454 0.006616 0.009013 0.007487 10000
0.300 0.276 699.476100 0.073900 11 5430 0 0.531049 0.006749 0.008754 0.007493 10000
0.303 0.252 707.959500 0.007100 4 4757 0 0.525571 0.005912 0.009025 0.006651 10000
0.303 0.256 718.978300 0.036900 11 4930 0 0.526083 0.006036 0.009100 0.006865 10000
0.303 0.260 717.417600 0.035700 8 5056 0 0.526611 0.006157 0.008971 0.007413 10000
0.303 0.264 717.612700 0.034500 12 5243 0 0.527155 0.006284 0.009493 0.007391 10000
0.303 0.268 716.076800 0.061500 10 5396 0 0.527716 0.006410 0.009031 0.006922 10000
0.303 0.272 712.742700 0.077000 12 5543 0 0.528295 0.006538 0.009582 0.007679 10000
0.306 0.240 734.469000 0.019500 8 4459 0 0.522009 0.005493 0.009935 0.007345 10000
0.306 0.244 736.209000 0.024300 13 4651 0 0.522472 0.005607 0.009849 0.007255 10000
0.306 0.248 735.519600 0.028400 10 4846 0 0.522953 0.005723 0.009256 0.007069 10000
0.306 0.252 734.384900 0.013500 7 5029 0 0.523448 0.005843 0.009086 0.007204 10000
0.306 0.256 731.839100 0.021600 8 5186 0 0.523961 0.005964 0.009407 0.007403 10000
0.306 0.260 731.206200 0.052300 10 5340 0 0.524488 0.006088 0.009262 0.007177 10000
0.309 0.236 759.001500 0.016900 13 4569 0 0.519468 0.005314 0.009556 0.006802 10000
0.309 0.240 753.547100 0.003400 6 4782 0 0.519918 0.005426 0.009979 0.007740 10000
0.309 0.244 754.879300 0.016200 7 4983 0 0.520384 0.005539 0.009780 0.007690 10000
0.309 0.248 754.359800 0.012600 6 5154 0 0.520866 0.005657 0.015950 0.012756 10000
0.309 0.252 753.217400 0.030700 11 5334 0 0.521361 0.005775 0.010145 0.007611 10000
0.309 0.256 750.201400 0.060900 11 5466 0 0.521874 0.005894 0.009998 0.007703 10000
0.312 0.228 779.977000 0.017700 4 4517 0 0.516553 0.005034 0.010315 0.007665 10000
0.312 0.232 784.024900 0.033500 14 4687 0 0.516975 0.005140 0.009832 0.007505 10000
0.312 0.236 779.676000 0.015700 13 4889 0 0.517411 0.005250 0.016280 0.011841 10000
0.312 0.240 774.050900 0.017400 4 5068 0 0.517866 0.005360 0.009920 0.007803 10000
0.312 0.244 773.490800 0.024000 11 5264 0 0.518331 0.005476 0.010311 0.007743 10000
0.312 0.248 771.073600 0.040000 11 5424 0 0.518813 0.005594 0.009977 0.007460 10000
0.315 0.216 814.742200 0.015000 9 4245 0 0.513343 0.004661 0.010652 0.007838 10000
0.315 0.220 811.874900 0.020000 10 4455 0 0.513724 0.004762 0.017969 0.013268 10000
0.315 0.224 805.388900 0.010600 9 4655 0 0.514119 0.004866 0.010775 0.007923 10000
0.315 0.228 800.246900 0.014400 8 4836 0 0.514530 0.004970 0.010687 0.007802 10000
0.315 0.232 802.101300 0.044800 11 5033 0 0.514952 0.005077 0.017680 0.012989 10000
0.315 0.236 796.647800 0.033400 11 5196 0 0.515391 0.005185 0.017507 0.012576 10000
0.318 0.212 844.572300 0.023000 13 4401 0 0.510978 0.004500 0.018586 0.012979 10000
0.318 0.216 840.942600 0.010800 12 4569 0 0.511347 0.004601 0.018511 0.013273 10000
0.318 0.220 833.048400 0.027200 14 4794 0 0.511732 0.004702 0.018293 0.012868 10000
0.318 0.224 829.425900 0.019900 8 4947 0 0.512131 0.004804 0.019573 0.014173 10000
0.318 0.228 827.872100 0.037400 15 5141 0 0.512544 0.004909 0.012465 0.009167 10000
0.318 0.232 817.571200 0.003300 7 5341 0 0.512968 0.005015 0.010571 0.007831 10000
0.321 0.204 879.052000 0.032600 14 4332 0 0.508315 0.004248 0.019359 0.013741 10000
0.321 0.208 873.792400 0.028800 9 4534 0 0.508661 0.004343 0.011534 0.008650 10000
0.321 0.212 869.999600 0.009600 14 4758 0 0.509020 0.004443 0.019154 0.014134 10000
0.321 0.216 859.134900 0.020600 13 4949 0 0.509392 0.004542 0.012315 0.008960 10000
0.321 0.220 860.805100 0.042700 16 5131 0 0.509779 0.004642 0.013043 0.009625 10000
0.321 0.224 852.411500 0.035700 14 5316 0 0.510179 0.004744 0.012786 0.009188 10000
0.324 0.196 914.224700 0.045700 14 4283 0 0.505731 0.004003 0.011078 0.007937 10000
0.324 0.200 916.947700 0.043800 17 4492 0 0.506053 0.004097 0.012624 0.009397 10000
0.324 0.204 902.235300 0.078300 17 4695 0 0.506389 0.004192 0.019799 0.013727 10000
0.324 0.208 891.630200 0.053500 12 4900 0 0.506739 0.004287 0.019673 0.014167 10000
0.324 0.212 883.942100 0.034100 10 5115 0 0.507102 0.004385 0.019523 0.013897 10000
0.324 0.216 883.209000 0.063000 9 5334 0 0.507474 0.004483 0.012718 0.009497 10000
0.327 0.192 952.930600 0.031800 8 4437 0 0.503523 0.003856 0.014595 0.010852 10000
0.327 0.196 944.342400 0.075900 18 4652 0 0.503836 0.003948 0.013962 0.010007 10000
0.327 0.200 931.460600 0.054700 13 4851 0 0.504164 0.004042 0.014021 0.010234 10000
0.327 0.204 924.960700 0.048100 15 5062 0 0.504503 0.004136 0.013632 0.010049 10000
0.327 0.208 914.343900 0.037300 9 5288 0 0.504855 0.004231 0.013611 0.010115 10000
0.327 0.212 915.379800 0.031300 17 5497 0 0.505219 0.004325 0.013886 0.010075 10000
0.330 0.180 1012.412700 0.057100 22 4216 0 0.500795 0.003533 0.014225 0.010290 10000
0.330 0.184 1002.461100 0.034100 17 4414 0 0.501073 0.003621 0.014852 0.011040 10000
0.330 0.188 993.653800 0.033700 26 4650 0 0.501364 0.003711 0.012157 0.008503 10000
0.330 0.192 979.757400 0.049300 20 4828 0 0.501667 0.003804 0.021459 0.015152 10000
0.330 0.196 972.389200 0.047300 20 5021 0 0.501985 0.003896 0.021297 0.015304 10000
0.330 0.200 952.280900 0.005400 9 5258 0 0.502313 0.003989 0.014541 0.010364 10000
0.333 0.172 1058.037700 0.020500 11 4170 0 0.498438 0.003312 0.014907 0.010388 10000
0.333 0.176 1058.096300 0.056400 24 4410 0 0.498695 0.003397 0.015030 0.010628 10000
0.333 0.180 1045.135000 0.032500 19 4638 0 0.498967 0.003483 0.014988 0.011074 10000
0.333 0.184 1019.426100 0.061400 18 4844 0 0.499249 0.003570 0.015546 0.010626 10000
0.333 0.188 1001.732200 0.028500 13 5047 0 0.499546 0.003662 0.014467 0.010059 10000
0.333 0.192 1001.155200 0.012400 10 5230 0 0.499854 0.003751 0.015057 0.011151 10000
0.336 0.160 1144.941700 0.042300 21 3940 0 0.495931 0.003013 0.016100 0.010842 10000
0.336 0.164 1136.911900 0.028100 24 4169 0 0.496157 0.003095 0.014606 0.010182 10000
0.336 0.168 1111.707900 0.052800 21 4395 0 0.496393 0.003178 0.015787 0.010844 10000
0.336 0.172 1097.446200 0.035100 22 4640 0 0.496643 0.003262 0.016492 0.011545 10000
0.336 0.176 1088.119100 0.049300 25 4858 0 0.496908 0.003347 0.013501 0.009789 10000
0.336 0.180 1064.005900 0.034300 24 5077 0 0.497183 0.003434 0.015608 0.010644 10000
0.339 0.152 1215.185100 0.059700 22 3931 0 0.493742 0.002807 0.014893 0.010213 10000
0.339 0.156 1205.749600 0.024100 27 4154 0 0.493948 0.002885 0.018239 0.012721 10000
0.339 0.160 1183.120800 0.033900 26 4399 0 0.494168 0.002967 0.017766 0.012016 10000
0.339 0.164 1163.199600 0.027500 15 4651 0 0.494399 0.003047 0.016689 0.011960 10000
0.339 0.168 1147.580500 0.023400 26 4867 0 0.494642 0.003131 0.016441 0.011495 10000
0.339 0.172 1118.958800 0.032100 19 5091 0 0.494896 0.003214 0.016007 0.011324 10000
0.342 0.144 1307.943100 0.051600 28 3942 0 0.491629 0.002607 0.018581 0.013112 10000
0.342 0.148 1288.044200 0.077800 27 4202 0 0.491818 0.002686 0.019470 0.013258 10000
0.342 0.152 1256.009500 0.087800 22 4421 0 0.492019 0.002763 0.018026 0.012075 10000
0.342 0.156 1248.967800 0.060500 24 4659 0 0.492231 0.002842 0.028815 0.019320 10000
0.342 0.160 1235.801100 0.060100 31 4916 0 0.492453 0.002922 0.028361 0.020005 10000
0.342 0.164 1206.325500 0.094900 24 5128 0 0.492688 0.003006 0.027835 0.018958 10000
0.345 0.136 1408.862900 0.105300 28 4031 0 0.489593 0.002414 0.032537 0.020827 10000
0.345 0.140 1410.757200 0.135000 60 4278 0 0.489762 0.002489 0.019660 0.013651 10000
0.345 0.144 1366.288600 0.117700 36 4495 0 0.489948 0.002564 0.019503 0.013326 10000
0.345 0.148 1331.798800 0.064100 27 4745 0 0.490140 0.002641 0.019271 0.012977 10000
0.345 0.152 1319.996200 0.121500 31 4994 0 0.490346 0.002722 0.020158 0.013738 10000
0.345 0.156 1297.112400 0.083700 26 5203 0 0.490562 0.002802 0.029920 0.020399 10000
0.348 0.124 1568.716500 0.092100 42 3872 0 0.487498 0.002150 0.036079 0.022412 10000
0.348 0.128 1543.363300 0.170100 43 4138 0 0.487636 0.002225 0.035454 0.022524 10000
0.348 0.132 1511.326900 0.175500 50 4382 0 0.487790 0.002298 0.034546 0.021483 10000
0.348 0.136 1483.035100 0.162600 41 4621 0 0.487954 0.002372 0.034061 0.022485 10000
0.348 0.140 1448.224000 0.158900 44 4864 0 0.488132 0.002447 0.033190 0.021476 10000
0.348 0.144 1423.982600 0.136600 37 5077 0 0.488318 0.002524 0.032714 0.021767 10000
0.351 0.112 1785.162200 0.266300 64 3760 0 0.485539 0.001895 0.022188 0.014644 10000
0.351 0.116 1736.803200 0.245700 61 4005 0 0.485647 0.001967 0.024833 0.016414 10000
0.351 0.120 1684.376900 0.252700 58 4245 0 0.485770 0.002040 0.024168 0.015523 10000
0.351 0.124 1646.908500 0.281100 53 4507 0 0.485903 0.002113 0.025092 0.016339 10000
0.351 0.128 1612.466900 0.288000 56 4744 0 0.486049 0.002187 0.024162 0.015716 10000
0.351 0.132 1569.777800 0.157800 49 4984 0 0.486206 0.002260 0.036011 0.023311 10000
0.351 0.136 1525.369700 0.174400 45 5229 0 0.486373 0.002333 0.033158 0.020893 10000
0.351 0.140 1493.809800 0.121000 43 5451 0 0.486552 0.002407 0.032428 0.021106 10000
0.351 0.144 1464.380800 0.178800 46 5653 0 0.486741 0.002484 0.031878 0.020589 10000
0.351 0.148 1422.251900 0.134500 33 5864 0 0.486942 0.002563 0.031097 0.020679 10000
0.351 0.152 1392.526900 0.119900 34 6057 0 0.487153 0.002642 0.030342 0.019942 10000
0.351 0.156 1371.286100 0.108800 38 6244 0 0.487372 0.002720 0.029849 0.020228 10000
0.351 0.160 1336.354800 0.084000 23 6444 0 0.487604 0.002798 0.029235 0.019738 10000
0.351 0.164 1315.356000 0.059500 33 6622 0 0.487843 0.002879 0.028516 0.019146 10000
0.354 0.096 2099.363900 0.707100 104 3472 0 0.483651 0.001586 0.046936 0.027060 10000
0.354 0.100 2034.906700 0.684100 94 3734 0 0.483721 0.001656 0.045975 0.027334 10000
0.354 0.104 1978.094100 0.375100 89 3982 0 0.483801 0.001726 0.044761 0.026566 10000
0.354 0.108 1924.263500 0.442400 83 4205 0 0.483894 0.001795 0.027039 0.017565 10000
0.354 0.112 1869.532900 0.289600 64 4455 0 0.483997 0.001861 0.028002 0.018497 10000
0.354 0.116 1822.172000 0.222000 80 4709 0 0.484111 0.001932 0.023045 0.015123 10000
