# mu sigma av_time av_div samples_div samples_multiple_eq samples_with_deaths av_m std_m  runtime_conv(s)  std_runtime_conv(s)  nsamples
0.000 0.450 1728.005400 20.347500 4019 4183 0 3371070128.621721 7624507695.457768 0.010988 0.015383 10000
0.000 0.454 1750.179400 22.055600 4270 4446 0 3628350433.615337 7943387314.312904 0.011226 0.015222 10000
0.000 0.458 1766.646000 23.719100 4502 4689 0 3682904848.245067 7652222486.200168 0.011797 0.016113 10000
0.000 0.462 1787.122800 25.548000 4742 4930 0 3840000886.388147 7787642621.943109 0.012264 0.016591 10000
0.000 0.466 1810.649900 27.542000 4989 5184 0 3915025474.685587 7706342890.815125 0.012753 0.017286 10000
0.000 0.470 1827.025200 29.533200 5244 5446 0 3991031562.304749 7598933520.075805 0.012962 0.017100 10000
0.003 0.454 1737.398600 20.379000 4129 4311 0 3473283251.574168 7759064626.203392 0.011167 0.015647 10000
0.003 0.458 1751.985000 22.074600 4368 4552 0 3613573884.362650 7614855661.133248 0.011533 0.015746 10000
0.003 0.462 1772.498900 23.668200 4614 4810 0 3730919682.472482 7710681122.221128 0.011859 0.015942 10000
0.003 0.466 1793.754100 25.555700 4865 5065 0 3779794515.950909 7443218830.436747 0.012186 0.016148 10000
0.003 0.470 1812.346100 27.427100 5109 5322 0 3897546337.655365 7500995435.476409 0.012661 0.016644 10000
0.003 0.474 1825.561800 29.419100 5350 5564 0 4052848827.474436 7712251523.102822 0.013106 0.017397 10000
0.006 0.462 1758.829500 22.116200 4481 4685 0 3627163126.628324 7570249545.475849 0.011647 0.015865 10000
0.006 0.466 1774.859100 23.897700 4723 4937 0 3767677153.730281 7665574003.115082 0.012053 0.016143 10000
0.006 0.470 1795.923200 25.760100 4967 5185 0 3805592565.225902 7398382841.131837 0.012459 0.016745 10000
0.006 0.474 1810.058800 27.614000 5205 5433 0 3916105236.181506 7428737702.190912 0.012959 0.017275 10000
0.006 0.478 1826.384600 29.461000 5461 5695 0 4046696088.727321 7536648788.090446 0.013201 0.017454 10000
0.006 0.482 1832.164400 31.279200 5688 5924 0 4160821262.900928 7734026338.467041 0.013926 0.018639 10000
0.009 0.454 1700.975400 17.648100 3876 4070 0 3196474227.497245 7365287997.779863 0.010628 0.014808 10000
0.009 0.458 1731.729800 19.081400 4106 4312 0 3430484034.562881 7568223630.275404 0.011199 0.015940 10000
0.009 0.462 1747.639900 20.680200 4353 4565 0 3557729926.165179 7653327066.399679 0.011300 0.015561 10000
0.009 0.466 1765.661100 22.099800 4593 4815 0 3686214508.710695 7594168159.532637 0.012477 0.016819 10000
0.009 0.470 1779.522400 23.860300 4833 5061 0 3759234290.627906 7476898635.879388 0.012195 0.016424 10000
0.009 0.474 1795.179200 25.666700 5072 5303 0 3870359618.973320 7587291561.366011 0.012595 0.016793 10000
0.012 0.458 1713.675800 17.672900 3976 4191 0 3226147127.603611 7221676230.824565 0.010989 0.015681 10000
0.012 0.462 1733.177200 19.181500 4230 4453 0 3461523455.022875 7610891914.584694 0.011084 0.015276 10000
0.012 0.466 1749.715700 20.717300 4460 4701 0 3561653793.205507 7481354250.701308 0.011549 0.015929 10000
0.012 0.470 1762.910000 22.184900 4706 4942 0 3700204582.328691 7473755685.910480 0.011747 0.015529 10000
0.012 0.474 1786.258800 23.926000 4945 5178 0 3777450928.721772 7440876108.071291 0.012332 0.016788 10000
0.012 0.478 1796.382000 25.799400 5186 5436 0 3879407320.036990 7504402124.196598 0.012598 0.016565 10000
0.015 0.466 1738.889400 19.448200 4340 4589 0 3491876239.281408 7574402818.850224 0.011204 0.015370 10000
0.015 0.470 1752.671200 20.837300 4571 4820 0 3616053880.131953 7503411323.925626 0.011580 0.015680 10000
0.015 0.474 1768.184200 22.418900 4806 5054 0 3722626228.025950 7501955502.651673 0.012183 0.016670 10000
0.015 0.478 1784.953900 24.208300 5057 5314 0 3796303339.826074 7391679978.086826 0.012336 0.016463 10000
0.015 0.482 1795.740500 25.885300 5278 5540 0 3910967888.021724 7461670645.469788 0.013229 0.017714 10000
0.015 0.486 1801.475900 27.785200 5525 5793 0 3999483031.200912 7431407425.626038 0.013164 0.017415 10000
0.018 0.466 1727.741300 18.157100 4214 4475 0 3389348160.095026 7386144311.801240 0.011027 0.015377 10000
0.018 0.470 1742.566200 19.549400 4442 4704 0 3485823437.150864 7351018456.721671 0.011466 0.015950 10000
0.018 0.474 1755.115800 20.903600 4670 4939 0 3696822899.292308 7565614265.978415 0.012002 0.016436 10000
0.018 0.478 1774.051400 22.561800 4922 5188 0 3733115276.159210 7374589557.105946 0.012194 0.016425 10000
0.018 0.482 1781.463000 24.259200 5153 5421 0 3753327222.630402 7125362094.136655 0.012593 0.016756 10000
0.018 0.486 1792.169000 26.085000 5384 5669 0 3904841079.406431 7287832201.879644 0.013081 0.017580 10000
0.021 0.470 1729.805900 18.306300 4324 4596 0 3413723484.959210 7383558604.355974 0.012556 0.019585 10000
0.021 0.474 1745.834400 19.608600 4557 4836 0 3507089824.908220 7232649893.920726 0.013002 0.020112 10000
0.021 0.478 1755.593600 21.052900 4782 5067 0 3655866535.711715 7325790873.370901 0.011595 0.015840 10000
0.021 0.482 1772.140900 22.928000 5036 5330 0 3733269631.516359 7242577739.668795 0.011607 0.015563 10000
0.021 0.486 1782.170900 24.556800 5253 5562 0 3812511088.628407 7378430701.727475 0.011448 0.015562 10000
0.021 0.490 1788.336500 26.239200 5482 5798 0 3977608601.104634 7497772157.528504 0.011960 0.016347 10000
0.024 0.466 1693.342700 15.604400 3946 4234 0 3171973713.125211 7175992051.478035 0.010199 0.014483 10000
0.024 0.470 1718.571400 17.023400 4191 4488 0 3324416979.054060 7246948565.456357 0.010494 0.015009 10000
0.024 0.474 1734.709900 18.444100 4432 4729 0 3448587168.227603 7387569039.099419 0.012788 0.020077 10000
0.024 0.478 1746.198200 19.733100 4656 4960 0 3648795742.663976 7557604037.272079 0.013455 0.020888 10000
0.024 0.482 1760.349500 21.331800 4895 5204 0 3654306663.659338 7173038907.242725 0.006593 0.009741 10000
0.024 0.486 1765.820000 23.074100 5129 5460 0 3739468917.684155 7329688384.470079 0.006689 0.009540 10000
0.027 0.466 1671.585900 14.718000 3820 4128 0 2999781074.249009 7007244583.211033 0.009578 0.013856 10000
0.027 0.470 1700.366600 15.840700 4059 4370 0 3262859079.974109 7260101921.918136 0.009845 0.014049 10000
0.027 0.474 1723.144300 17.235200 4308 4632 0 3360105129.575613 7270598296.351708 0.006405 0.009476 10000
0.027 0.478 1735.497200 18.623000 4535 4862 0 3494515909.884142 7261827407.722081 0.006395 0.009481 10000
0.027 0.482 1743.005800 19.996100 4757 5089 0 3632123037.848102 7316895748.833416 0.006791 0.009960 10000
0.027 0.486 1757.543800 21.676900 5005 5347 0 3678555730.233669 7269209566.902725 0.006632 0.009681 10000
0.030 0.470 1687.283900 14.847500 3939 4271 0 3102343565.426544 6997848912.983316 0.009195 0.013049 10000
0.030 0.474 1705.814300 16.211800 4168 4510 0 3261614814.690087 7090765290.770145 0.009606 0.013861 10000
0.030 0.478 1723.930200 17.643700 4420 4762 0 3383711731.362906 7234962956.720796 0.009539 0.013178 10000
0.030 0.482 1730.291000 18.874000 4638 4992 0 3501807882.603079 7189075772.737483 0.009950 0.013534 10000
0.030 0.486 1741.908700 20.338400 4874 5229 0 3614718663.326229 7159955801.330486 0.010314 0.014222 10000
0.030 0.490 1751.723300 22.006700 5109 5471 0 3651375224.709392 7106607044.488615 0.010464 0.014031 10000
0.033 0.474 1691.373400 15.060200 4053 4415 0 3169396332.028588 6989740905.287280 0.009274 0.013198 10000
0.033 0.478 1714.800100 16.253900 4303 4663 0 3307788246.128559 7076422861.158737 0.009365 0.013336 10000
0.033 0.482 1717.825100 17.704900 4517 4890 0 3431587013.501501 7200522626.568163 0.009700 0.013330 10000
0.033 0.486 1731.853300 19.012300 4738 5117 0 3641923860.337273 7474472404.577407 0.010270 0.014483 10000
0.033 0.490 1740.804800 20.584300 4980 5362 0 3607755755.919074 7087638323.332744 0.010355 0.014182 10000
0.033 0.494 1750.620300 22.252600 5210 5606 0 3687597638.603467 7086846863.018284 0.010577 0.013996 10000
0.036 0.474 1675.549500 14.021300 3924 4310 0 3029022870.577070 6894412484.534274 0.009164 0.013319 10000
0.036 0.478 1695.265600 15.230400 4160 4544 0 3226902919.375395 7053363040.698754 0.009391 0.013372 10000
0.036 0.482 1712.172000 16.550600 4402 4798 0 3329395783.103555 6999061408.536052 0.010439 0.014517 10000
0.036 0.486 1720.889000 17.735600 4618 5028 0 3420396659.536683 6994724255.628357 0.009973 0.013996 10000
0.036 0.490 1727.357700 19.250000 4862 5265 0 3547106652.749498 7037542269.830789 0.010016 0.013545 10000
0.036 0.494 1741.504000 20.744200 5081 5503 0 3623588911.776074 7075883728.232439 0.006938 0.010132 10000
0.039 0.474 1651.576200 13.121100 3802 4204 0 2884062409.335502 6658222874.539649 0.006205 0.009437 10000
0.039 0.478 1686.591600 14.383400 4046 4458 0 3120744772.452105 6939728828.917660 0.005985 0.009142 10000
0.039 0.482 1703.915800 15.568100 4284 4707 0 3259635669.225245 7042865178.473772 0.006476 0.009755 10000
0.039 0.486 1704.137500 16.653800 4499 4931 0 3380433730.996126 7071151873.403132 0.006029 0.008913 10000
0.039 0.490 1720.478900 17.927300 4735 5172 0 3549469559.280491 7263564839.279189 0.006621 0.009804 10000
0.039 0.494 1724.286700 19.470500 4950 5388 0 3542145762.985986 6973656018.713676 0.006515 0.009554 10000
0.042 0.478 1667.365000 13.341400 3921 4358 0 2981814156.453029 6828629553.042348 0.005614 0.008728 10000
0.042 0.482 1688.960800 14.480800 4156 4597 0 3175833075.204810 6967056234.633730 0.006378 0.009694 10000
0.042 0.486 1695.432200 15.672600 4387 4833 0 3319075008.874712 7016576707.023795 0.006265 0.009192 10000
0.042 0.490 1707.167800 16.886600 4604 5064 0 3394790489.484620 7058208629.787070 0.006472 0.009679 10000
0.042 0.494 1716.331100 18.211000 4844 5309 0 3475168478.026415 6956932200.986980 0.006802 0.009677 10000
0.042 0.498 1732.220500 19.726600 5058 5527 0 3549541097.212308 6902135376.373257 0.007238 0.010520 10000
0.045 0.478 1643.132300 12.270100 3785 4254 0 2831518336.589366 6484708640.103622 0.005989 0.009519 10000
0.045 0.482 1676.571900 13.479700 4039 4506 0 3083119278.943523 6914352419.751143 0.005876 0.009107 10000
0.045 0.486 1691.439300 14.625700 4276 4753 0 3221368918.743358 6955019889.467561 0.006177 0.009163 10000
0.045 0.490 1694.063000 15.736300 4475 4954 0 3340343417.671171 6921800138.411995 0.013231 0.022020 10000
0.045 0.494 1709.065400 17.024000 4722 5210 0 3478330070.909143 7131923048.145296 0.013230 0.021519 10000
0.045 0.498 1714.970800 18.458500 4933 5418 0 3525610098.047586 7083778666.289490 0.006684 0.009766 10000
0.048 0.482 1659.437700 12.513800 3920 4415 0 2905665852.240698 6551317583.208369 0.006084 0.009232 10000
0.048 0.486 1676.783200 13.642900 4145 4643 0 3099135076.214911 6836963027.008819 0.006254 0.009547 10000
0.048 0.490 1682.494700 14.798000 4371 4866 0 3272600697.325701 6927720777.813062 0.006357 0.009268 10000
0.048 0.494 1700.629400 16.029200 4607 5112 0 3339980937.795380 6853510326.044708 0.006517 0.009520 10000
0.048 0.498 1706.041700 17.257100 4833 5343 0 3410826101.145668 6850362692.250958 0.006693 0.009523 10000
0.048 0.502 1717.836900 18.735500 5038 5550 0 3549311323.970883 6966235766.871309 0.007106 0.010391 10000
0.051 0.482 1633.098800 11.710700 3791 4310 0 2824854246.397431 6509063821.578927 0.006019 0.009244 10000
0.051 0.486 1666.853800 12.815000 4030 4550 0 2997491172.221697 6698552570.077518 0.005736 0.008874 10000
0.051 0.490 1682.553400 13.947500 4264 4793 0 3157158651.252172 6818714244.360223 0.005821 0.008877 10000
0.051 0.494 1685.455800 15.004500 4469 5004 0 3280142782.741838 6851372138.472677 0.010391 0.014750 10000
0.051 0.498 1697.060800 16.210300 4713 5255 0 3451709259.964013 7194455020.037564 0.010338 0.014104 10000
0.051 0.502 1706.997900 17.458500 4921 5461 0 3440752478.845201 6879252849.949900 0.011568 0.015826 10000
0.054 0.482 1604.691400 10.927900 3655 4196 0 2717156212.652742 6347500481.361661 0.009901 0.014897 10000
0.054 0.486 1649.090900 12.005300 3910 4460 0 2834874249.405369 6321894133.270967 0.005757 0.009047 10000
0.054 0.490 1674.221800 13.095100 4142 4698 0 3066531125.031751 6769634303.980803 0.006220 0.009484 10000
0.054 0.494 1678.315700 14.195600 4363 4924 0 3242692754.176009 6931227302.929146 0.006069 0.008989 10000
0.054 0.498 1693.367200 15.251700 4595 5167 0 3309165139.465636 6762982580.800817 0.006582 0.009754 10000
0.054 0.502 1693.451500 16.540200 4801 5374 0 3375930940.523486 6898079382.315620 0.006638 0.009845 10000
0.057 0.487 1635.650300 11.436300 3843 4419 0 2842586475.384793 6486880977.999866 0.005931 0.009369 10000
0.057 0.491 1663.403700 12.474100 4066 4649 0 2984634272.751122 6611021395.450745 0.005968 0.009447 10000
0.057 0.495 1673.735000 13.539600 4306 4895 0 3197676732.103626 6950947390.738145 0.005887 0.008888 10000
0.057 0.499 1688.377400 14.614000 4528 5125 0 3287668138.560704 6889517578.129745 0.006570 0.009856 10000
0.057 0.503 1685.716400 15.908100 4750 5346 0 3368973098.992346 6950463077.185837 0.006222 0.009062 10000
0.057 0.507 1695.621100 17.194700 4956 5555 0 3482398955.245918 7003589180.871572 0.007024 0.010219 10000
0.060 0.485 1586.483700 10.213700 3601 4195 0 2665750022.874681 6315011987.958064 0.005947 0.009285 10000
0.060 0.489 1630.718200 11.232700 3846 4448 0 2829900370.914554 6437794603.853821 0.005769 0.009070 10000
0.060 0.493 1658.932000 12.233700 4066 4685 0 2967295877.376554 6612459613.355047 0.006202 0.009531 10000
0.060 0.497 1671.083400 13.263600 4301 4927 0 3156862812.641708 6824939103.740494 0.005975 0.009127 10000
0.060 0.501 1679.437800 14.267000 4521 5149 0 3228862171.115410 6671111365.480871 0.006387 0.009591 10000
0.063 0.482 1522.569300 8.874800 3331 3959 0 2475938704.528032 6139373248.934309 0.005278 0.008064 10000
0.063 0.486 1567.632000 9.713800 3531 4163 0 2641377697.411884 6278720104.713814 0.005563 0.008864 10000
0.063 0.490 1616.718600 10.687100 3787 4425 0 2749057123.302228 6277889232.229949 0.005504 0.008679 10000
0.063 0.494 1645.901000 11.741800 4011 4653 0 2872815031.207785 6377678567.817021 0.005661 0.008785 10000
0.063 0.498 1659.479500 12.712000 4235 4894 0 3093691797.572140 6726985775.026193 0.012398 0.020766 10000
0.063 0.502 1668.472100 13.648900 4466 5116 0 3196740139.463173 6730746018.157866 0.012507 0.020275 10000
0.066 0.489 1579.086600 9.724800 3599 4264 0 2614505920.505628 6130671257.218970 0.005780 0.009122 10000
0.066 0.493 1617.823400 10.741700 3843 4523 0 2765964823.471640 6283459776.661062 0.005887 0.009075 10000
0.066 0.497 1644.673500 11.678600 4068 4764 0 2936927951.612201 6478368177.256524 0.005854 0.008887 10000
0.066 0.501 1657.685700 12.621900 4295 4984 0 3100014336.987134 6711419396.941786 0.005795 0.008846 10000
0.066 0.505 1667.102800 13.686500 4512 5202 0 3172024766.934815 6551464779.954230 0.006116 0.009357 10000
0.069 0.491 1573.204800 9.567100 3599 4300 0 2594163028.626227 6058512008.607368 0.005714 0.009120 10000
0.069 0.495 1614.334100 10.449000 3843 4557 0 2762583796.262484 6337237930.063306 0.005664 0.008798 10000
0.069 0.499 1640.217300 11.372700 4070 4801 0 2898565591.283917 6384301366.495811 0.006074 0.009039 10000
0.069 0.503 1655.337600 12.298100 4287 5006 0 3083398287.337719 6647604103.881347 0.005984 0.009291 10000
0.069 0.507 1665.623200 13.395300 4516 5218 0 3142590748.294959 6538101597.776605 0.006037 0.009196 10000
0.069 0.511 1668.123400 14.579700 4723 5436 0 3274505458.323924 6713788071.263950 0.006616 0.009561 10000
0.072 0.486 1488.352900 7.942800 3213 3924 0 2401355800.362572 6087528751.269761 0.005277 0.008468 10000
0.072 0.490 1535.894100 8.699700 3435 4153 0 2544852903.670195 6217823931.322981 0.008403 0.012391 10000
0.072 0.494 1580.831600 9.602700 3659 4398 0 2648456902.255003 6207718925.433892 0.009048 0.013382 10000
0.072 0.498 1617.298600 10.437100 3902 4656 0 2764920450.180781 6256038271.516054 0.009018 0.012870 10000
0.072 0.502 1640.217600 11.379200 4111 4871 0 2913414052.530456 6398086458.260009 0.009443 0.013939 10000
0.072 0.506 1653.202200 12.383800 4349 5098 0 3076740889.440597 6556138727.652987 0.009501 0.013459 10000
0.075 0.490 1508.986800 8.199200 3324 4071 0 2439368193.010678 6031096761.117352 0.008624 0.012822 10000
0.075 0.494 1555.406900 8.912900 3550 4315 0 2597652581.833674 6232564335.952242 0.005606 0.008800 10000
0.075 0.498 1598.283500 9.707600 3777 4559 0 2689965163.921643 6202571191.873730 0.005809 0.009109 10000
0.075 0.502 1620.989200 10.609300 3994 4786 0 2845757035.210716 6368648825.068078 0.005658 0.008804 10000
0.075 0.506 1646.752900 11.541600 4239 5021 0 3020263214.385651 6574521370.897986 0.005841 0.008851 10000
0.075 0.510 1658.578100 12.660800 4445 5228 0 3059689293.436682 6419199650.891996 0.006301 0.009788 10000
0.078 0.494 1530.374800 8.422700 3445 4243 0 2502829909.399314 6066992539.714085 0.005405 0.008359 10000
0.078 0.498 1571.615000 9.172000 3661 4482 0 2608772677.082941 6113632542.962182 0.005702 0.008846 10000
0.078 0.502 1609.846200 9.977200 3895 4723 0 2746489618.723884 6203092917.577805 0.005476 0.008640 10000
0.078 0.506 1634.518900 10.905700 4109 4937 0 2873057663.594948 6266976720.423415 0.005967 0.009372 10000
0.078 0.510 1645.558600 11.907700 4333 5161 0 3082249467.383132 6661565598.329702 0.006170 0.009480 10000
0.078 0.514 1660.076800 12.896800 4569 5404 0 3151858021.220764 6612555934.270738 0.006104 0.008977 10000
0.081 0.494 1503.153900 7.901900 3322 4161 0 2419293205.384270 5998743834.666701 0.005505 0.008764 10000
0.081 0.498 1548.443400 8.659600 3558 4413 0 2574964913.301225 6172475433.635587 0.005347 0.008268 10000
0.081 0.502 1593.012300 9.371100 3775 4638 0 2674691625.129402 6193139905.794931 0.005515 0.008822 10000
0.081 0.506 1616.810600 10.283400 3997 4870 0 2824917702.404412 6339774698.334161 0.005692 0.008916 10000
0.081 0.510 1641.387100 11.099100 4234 5108 0 3002258698.858343 6547841728.337985 0.006071 0.009325 10000
0.081 0.514 1647.994000 12.148700 4455 5320 0 3017746902.768223 6305494606.509321 0.005976 0.008971 10000
0.084 0.494 1477.896600 7.428900 3233 4122 0 2362464219.091819 6017955433.493730 0.005168 0.007950 10000
0.084 0.498 1526.919700 8.141300 3441 4333 0 2474689866.349895 5976965876.041162 0.005596 0.008844 10000
0.084 0.502 1564.527600 8.854300 3657 4550 0 2566075754.952907 5995716355.910639 0.005491 0.008621 10000
0.084 0.506 1603.303400 9.617000 3894 4800 0 2728040883.673967 6185141997.962269 0.005776 0.009027 10000
0.084 0.510 1627.711200 10.505200 4113 5028 0 2836655112.091362 6238196042.831172 0.006395 0.009963 10000
0.084 0.514 1635.642700 11.447900 4321 5246 0 3027802381.033597 6542749715.554615 0.005979 0.009415 10000
0.087 0.494 1459.300600 6.885500 3133 4067 0 2261696693.486259 5792778440.338440 0.009124 0.013533 10000
0.087 0.498 1498.963200 7.540800 3329 4270 0 2391335874.821980 5941196409.465266 0.009107 0.013522 10000
0.087 0.502 1543.865700 8.284700 3559 4501 0 2519165138.670040 5989717194.746379 0.009231 0.013384 10000
0.087 0.506 1591.569100 9.059300 3783 4737 0 2612781791.088943 5960783779.005173 0.009598 0.014316 10000
0.087 0.510 1607.627000 9.818700 4003 4967 0 2758523991.520613 6104473075.208670 0.009614 0.013821 10000
0.087 0.514 1631.504400 10.677900 4226 5188 0 2954894822.102154 6463389766.234773 0.009850 0.014070 10000
0.090 0.502 1524.451300 7.738400 3449 4430 0 2479353931.723715 6081437231.674938 0.009197 0.013758 10000
0.090 0.506 1562.311200 8.504300 3659 4659 0 2539803755.648274 5970202040.288278 0.009546 0.014146 10000
0.090 0.510 1598.313200 9.201300 3897 4909 0 2736291869.084950 6275654817.274755 0.009556 0.013855 10000
0.090 0.514 1617.684900 10.053000 4115 5130 0 2802378545.419991 6163438248.119000 0.009680 0.014001 10000
0.090 0.518 1629.949100 10.933700 4324 5327 0 2980220595.080611 6366127546.202384 0.010099 0.014669 10000
0.090 0.522 1639.068900 11.900200 4553 5549 0 3061174750.962883 6370235483.825576 0.009975 0.013498 10000
0.093 0.494 1405.467300 6.078300 2934 3970 0 2087950222.099679 5539592273.064281 0.008368 0.012284 10000
0.093 0.498 1452.879700 6.654400 3138 4167 0 2261224076.699187 5844219123.693460 0.008681 0.012784 10000
0.093 0.502 1497.298900 7.352300 3336 4383 0 2360218140.987710 5847747224.045526 0.009151 0.013653 10000
0.093 0.506 1542.092100 8.025800 3567 4619 0 2480106742.924702 5898435353.762025 0.010002 0.014386 10000
0.093 0.510 1580.405700 8.678500 3780 4840 0 2596960900.484555 6003782890.459225 0.010013 0.014726 10000
0.093 0.514 1602.232700 9.411900 4010 5075 0 2728117412.662497 6031591757.441467 0.009942 0.014334 10000
0.096 0.498 1434.754500 6.328600 3043 4144 0 2170835275.467438 5698685151.794547 0.008963 0.013298 10000
0.096 0.502 1472.129500 6.929100 3241 4331 0 2306828115.340420 5834651722.148282 0.009257 0.013553 10000
0.096 0.506 1522.879100 7.503400 3459 4553 0 2427158886.096611 5916945957.005292 0.009616 0.014267 10000
0.096 0.510 1557.862900 8.188500 3668 4793 0 2550106054.864179 6077959086.197388 0.010419 0.015619 10000
0.096 0.514 1591.290400 8.850400 3899 5034 0 2696740303.230136 6136823177.866696 0.009906 0.014480 10000
0.096 0.518 1608.917100 9.691900 4114 5229 0 2786327610.685627 6136285115.983534 0.010086 0.014174 10000
0.099 0.498 1404.818500 5.879400 2943 4088 0 2079293359.374248 5526798309.648121 0.008812 0.013088 10000
0.099 0.502 1451.986000 6.439600 3143 4295 0 2255724002.885826 5886352837.801646 0.009162 0.013733 10000
0.099 0.506 1491.937200 7.118800 3344 4508 0 2346269742.720369 5815243843.952517 0.009517 0.014178 10000
0.099 0.510 1536.137900 7.758500 3573 4740 0 2481089120.454137 5954684786.818622 0.009582 0.013841 10000
0.099 0.514 1575.378800 8.413700 3779 4972 0 2589580373.537219 5977768000.232672 0.010043 0.015099 10000
0.099 0.518 1595.621300 9.110300 4010 5209 0 2702865844.001506 5986427470.866131 0.009917 0.014308 10000
0.102 0.502 1426.060400 6.059200 3047 4261 0 2174200174.588636 5721984591.340418 0.008940 0.013373 10000
0.102 0.506 1467.252700 6.626100 3250 4470 0 2288400909.182184 5802930881.873905 0.009239 0.013338 10000
0.102 0.510 1514.851400 7.275600 3465 4689 0 2412921159.243487 5936546192.324966 0.009496 0.014030 10000
0.102 0.514 1553.017300 7.920500 3673 4912 0 2500001024.574056 5926827815.310086 0.009887 0.014685 10000
0.102 0.518 1586.676700 8.528800 3898 5145 0 2659294594.802606 6036499267.592058 0.009967 0.014779 10000
0.102 0.522 1599.447100 9.329300 4107 5345 0 2788475142.458044 6204289357.147622 0.010180 0.014630 10000
0.105 0.506 1441.579700 6.143300 3159 4435 0 2203413292.358513 5676500225.615963 0.008908 0.012791 10000
0.105 0.510 1486.042800 6.815100 3346 4633 0 2332804043.850687 5797134241.238899 0.009522 0.014162 10000
0.105 0.514 1533.888600 7.441600 3579 4862 0 2468693688.338795 6012880749.876549 0.009787 0.014182 10000
0.105 0.518 1571.182600 8.119900 3792 5084 0 2569538552.799164 5997358550.571335 0.009881 0.014637 10000
0.105 0.522 1590.528200 8.782100 4013 5314 0 2715014275.698436 6073284318.971745 0.009903 0.014310 10000
0.105 0.526 1603.408900 9.524600 4217 5521 0 2836276196.014588 6204900417.564603 0.010220 0.014645 10000
0.108 0.502 1376.678300 5.344500 2859 4165 0 2022620522.227868 5475705887.584783 0.008680 0.013092 10000
0.108 0.506 1422.067500 5.851400 3057 4381 0 2138378771.164255 5552981175.040106 0.008980 0.013397 10000
0.108 0.510 1461.939500 6.428400 3259 4606 0 2270827838.720985 5787151737.401902 0.009135 0.012999 10000
0.108 0.514 1511.617900 7.040100 3468 4818 0 2397575150.943974 5848445795.375864 0.009562 0.014206 10000
0.108 0.518 1549.562400 7.626300 3682 5049 0 2453151670.088859 5784003294.532750 0.010510 0.015402 10000
0.108 0.522 1580.965500 8.277700 3907 5266 0 2640575472.810502 6069386745.035018 0.009820 0.014268 10000
0.111 0.506 1398.227400 5.489300 2966 4338 0 2096485758.029486 5607426161.233245 0.008757 0.012880 10000
0.111 0.510 1440.736700 6.010000 3170 4580 0 2174606468.828654 5617051282.799836 0.008347 0.011965 10000
0.111 0.514 1481.919800 6.575400 3341 4771 0 2316018942.953372 5786673262.417523 0.010004 0.015074 10000
0.111 0.518 1526.316300 7.291800 3583 5006 0 2410994247.462711 5781978757.383688 0.005551 0.008630 10000
0.111 0.522 1570.434000 7.860600 3800 5229 0 2516903047.950938 5856384389.079601 0.005405 0.008617 10000
0.111 0.526 1582.339800 8.494500 4008 5428 0 2674101402.410351 5984227483.733581 0.005455 0.008465 10000
0.114 0.502 1339.084000 4.779500 2697 4107 0 1900449924.561307 5384923787.023770 0.004605 0.007430 10000
0.114 0.506 1377.012800 5.164300 2875 4318 0 2045188549.121598 5584021136.517034 0.004952 0.008017 10000
0.114 0.510 1419.540700 5.653900 3070 4544 0 2128579145.633527 5567966392.222412 0.005336 0.008558 10000
0.114 0.514 1452.536000 6.189500 3259 4757 0 2242047402.365728 5697288320.595237 0.005328 0.008160 10000
0.114 0.518 1505.256100 6.783800 3467 4972 0 2395429275.921504 5948883436.617433 0.005522 0.008906 10000
0.114 0.522 1545.118000 7.475100 3690 5190 0 2425156874.127725 5743169792.011948 0.005582 0.008932 10000
0.117 0.506 1355.731400 4.852900 2787 4286 0 1961572892.814703 5395508978.662721 0.004939 0.007962 10000
0.117 0.510 1392.743300 5.282200 2971 4500 0 2048155060.417388 5420053103.131044 0.005439 0.008739 10000
0.117 0.514 1432.308800 5.785000 3177 4733 0 2149403488.945079 5534984050.714496 0.005111 0.007853 10000
0.117 0.518 1477.069800 6.415200 3366 4938 0 2297098012.743713 5750968757.310225 0.005755 0.008930 10000
0.117 0.522 1520.386400 7.039300 3584 5133 0 2409188142.961366 5800938349.289299 0.005377 0.008598 10000
0.117 0.526 1565.268000 7.636300 3811 5356 0 2503345145.384963 5854266620.269980 0.005815 0.009120 10000
0.120 0.502 1292.075300 4.222500 2538 4060 0 1757351966.999874 5104447364.365475 0.004532 0.007240 10000
0.120 0.506 1337.519600 4.617800 2715 4264 0 1863365632.840769 5217905395.104168 0.004943 0.007889 10000
0.120 0.510 1366.171900 4.986400 2890 4477 0 2016619368.437334 5418727586.669686 0.004701 0.007367 10000
0.120 0.514 1408.485800 5.452700 3076 4685 0 2123901975.187848 5588333542.401722 0.004926 0.007942 10000
0.120 0.518 1447.567700 6.006100 3270 4884 0 2203960248.651354 5593686247.226536 0.005342 0.008175 10000
0.120 0.522 1495.328500 6.608300 3474 5093 0 2343378086.528346 5719649254.148959 0.005892 0.009243 10000
0.123 0.506 1305.317500 4.350200 2614 4246 0 1792098659.896070 5065395649.604616 0.004723 0.007824 10000
0.123 0.510 1346.430200 4.748900 2809 4454 0 1949610005.455785 5364621551.115246 0.004542 0.007084 10000
0.123 0.514 1389.119800 5.174500 2988 4640 0 2046972940.784476 5446488612.994123 0.004849 0.007837 10000
0.123 0.518 1428.064800 5.619300 3189 4846 0 2129988271.703834 5426896354.735872 0.005190 0.007979 10000
0.123 0.522 1470.186400 6.240600 3369 5048 0 2276996239.634830 5690934214.425565 0.005588 0.008888 10000
0.123 0.526 1513.627100 6.802300 3588 5257 0 2410047070.345028 5874578931.972673 0.005982 0.009381 10000
0.126 0.498 1202.607800 3.376700 2205 3827 0 1587066049.473137 4923984089.398543 0.004610 0.007449 10000
0.126 0.502 1242.695300 3.691700 2367 4017 0 1674783952.130649 4997060506.106646 0.004537 0.007569 10000
0.126 0.506 1280.596000 4.063700 2541 4223 0 1755567408.703900 5108951948.786240 0.007837 0.011679 10000
0.126 0.510 1331.922000 4.465800 2725 4424 0 1878345129.930823 5218933946.749989 0.008104 0.012259 10000
0.126 0.514 1360.503800 4.939900 2896 4604 0 1985486147.448650 5344177353.713478 0.008632 0.012716 10000
0.126 0.518 1407.034600 5.368900 3097 4805 0 2111823379.202319 5514512495.328231 0.008608 0.012631 10000
0.126 0.522 1446.380900 5.841800 3281 5023 0 2182818256.016851 5530517085.397402 0.009038 0.013235 10000
0.126 0.526 1489.333100 6.416800 3479 5230 0 2335014416.377657 5740265262.138614 0.009436 0.014099 10000
0.126 0.530 1539.532300 6.967800 3707 5433 0 2383381471.470488 5607104804.991103 0.009754 0.014853 10000
0.126 0.534 1554.308000 7.675100 3907 5628 0 2542247613.328930 5879084091.692863 0.009795 0.013964 10000
0.126 0.538 1581.230500 8.290600 4111 5834 0 2744668681.890962 6128150085.570279 0.010008 0.015021 10000
0.126 0.542 1593.968300 9.063000 4332 6033 0 2718250316.841783 5790824762.653822 0.010016 0.014680 10000
0.126 0.546 1602.575400 9.816400 4529 6227 0 2897010187.565545 6177287332.146014 0.010162 0.014615 10000
0.126 0.550 1613.088200 10.555700 4732 6420 0 2971574016.244324 6140778786.555652 0.010564 0.015401 10000
0.129 0.506 1259.028900 3.855500 2474 4201 0 1703137282.916071 4955763958.544099 0.007597 0.011322 10000
0.129 0.510 1305.572100 4.282400 2634 4395 0 1801871640.295680 5122273272.130706 0.008066 0.012328 10000
0.129 0.514 1341.538800 4.667400 2821 4588 0 1948368894.831170 5343886536.698115 0.008173 0.011945 10000
0.129 0.518 1389.565600 5.032200 3005 4797 0 2054054302.613833 5468363735.712566 0.008553 0.012797 10000
0.129 0.522 1421.296800 5.513100 3195 5001 0 2105505569.356637 5349305348.356764 0.008791 0.012847 10000
0.129 0.526 1466.970700 6.007000 3373 5196 0 2256965257.964183 5614367337.474346 0.009413 0.014270 10000
0.132 0.502 1195.537400 3.270400 2216 3994 0 1602008990.016735 4972526969.847122 0.007512 0.011455 10000
0.132 0.506 1241.789500 3.646100 2393 4194 0 1669139164.813616 4966172587.680165 0.007607 0.011556 10000
0.132 0.510 1281.966000 4.007100 2549 4368 0 1736123933.904958 5020639022.629650 0.007989 0.012150 10000
0.132 0.514 1331.795100 4.378000 2754 4583 0 1883954946.624608 5246340974.566740 0.007942 0.011645 10000
0.132 0.518 1363.454700 4.788700 2907 4759 0 1960482650.180774 5281782698.962505 0.008541 0.012890 10000
0.132 0.522 1400.248900 5.186800 3102 4988 0 2104021441.355326 5489128691.829676 0.008678 0.012777 10000
0.132 0.526 1446.323500 5.679100 3298 5182 0 2158373136.918380 5469649659.095524 0.008743 0.012744 10000
0.132 0.530 1489.949400 6.254100 3498 5384 0 2307430653.654960 5691928881.447915 0.009264 0.013775 10000
0.132 0.534 1531.835900 6.893900 3721 5581 0 2376101678.550721 5601230066.074949 0.009212 0.013659 10000
0.132 0.538 1550.857200 7.442700 3913 5778 0 2509701911.358944 5764386411.992878 0.009411 0.013471 10000
0.132 0.542 1573.015300 8.125000 4116 5965 0 2709524569.511751 6047791584.287907 0.009988 0.014774 10000
0.132 0.546 1590.291300 8.905900 4341 6160 0 2728001670.179561 5921521320.834177 0.009855 0.014141 10000
0.132 0.550 1604.442500 9.658800 4551 6347 0 2855054032.338061 6091625037.509262 0.008905 0.012393 10000
0.132 0.554 1606.549300 10.355800 4736 6534 0 2969132404.130160 6186131354.934454 0.009444 0.013606 10000
0.135 0.510 1260.177900 3.831200 2492 4368 0 1664707057.879847 4824551731.511219 0.007589 0.010942 10000
0.135 0.514 1308.728000 4.127100 2656 4562 0 1832042929.819269 5211328520.678131 0.008047 0.012180 10000
0.135 0.518 1341.391700 4.524600 2834 4763 0 1898200700.276235 5137059556.972713 0.008279 0.012115 10000
0.135 0.522 1387.861600 4.862200 3024 4984 0 2017650722.669665 5259210823.056893 0.008472 0.012560 10000
0.135 0.526 1425.405200 5.356200 3207 5166 0 2094334365.952947 5365381551.392509 0.008857 0.013223 10000
0.135 0.530 1460.531900 5.922100 3388 5356 0 2245317835.501424 5565405898.287899 0.009305 0.013840 10000
0.138 0.498 1127.925800 2.731200 1953 3830 0 1361302936.792971 4584582784.167905 0.006907 0.010401 10000
0.138 0.502 1168.319400 2.969500 2100 4008 0 1471674082.407238 4707012494.993923 0.007084 0.010448 10000
0.138 0.506 1196.780800 3.280900 2236 4185 0 1579298585.836429 4827446685.880917 0.008043 0.012199 10000
0.138 0.510 1242.680400 3.617400 2416 4381 0 1676162863.185261 4947811273.657516 0.007583 0.011427 10000
0.138 0.514 1290.017000 3.910900 2580 4577 0 1734934716.796808 4989843329.748569 0.007908 0.011903 10000
0.138 0.518 1330.254300 4.293200 2772 4770 0 1893180776.897799 5248052358.612529 0.007959 0.011450 10000
0.138 0.522 1365.744000 4.673100 2923 4949 0 1976749957.410670 5325430543.181349 0.007629 0.011815 10000
0.138 0.526 1396.833400 5.007100 3116 5155 0 2078894152.584113 5414638429.435481 0.007650 0.011405 10000
0.138 0.530 1445.439800 5.565500 3316 5340 0 2184466151.094985 5590121474.632537 0.007839 0.011520 10000
0.138 0.534 1479.758900 6.114300 3505 5545 0 2274606893.131813 5588546081.412269 0.008200 0.012153 10000
0.138 0.538 1519.718700 6.723300 3720 5750 0 2373125615.753711 5603907447.734274 0.008325 0.012330 10000
0.138 0.542 1541.412100 7.327300 3913 5928 0 2484516019.727766 5766408907.299362 0.008758 0.012673 10000
0.138 0.546 1562.197800 7.959700 4117 6107 0 2664357175.062132 5993714753.896117 0.008882 0.013133 10000
0.138 0.550 1587.604300 8.739000 4337 6295 0 2703061719.268435 5877068662.374055 0.008994 0.013115 10000
0.141 0.502 1148.561800 2.792300 2030 4019 0 1389125374.857271 4582850627.813706 0.006880 0.010397 10000
0.141 0.506 1183.646700 3.124900 2170 4193 0 1559985908.650694 4912542852.911081 0.007379 0.011191 10000
0.141 0.510 1224.796100 3.426200 2337 4379 0 1626818411.850419 4928948793.804520 0.007565 0.011549 10000
0.141 0.514 1269.327700 3.749300 2502 4574 0 1683440195.940147 4934973132.527556 0.007834 0.011915 10000
0.141 0.518 1317.123100 4.108400 2684 4769 0 1827197092.951472 5186962681.932899 0.008048 0.012191 10000
0.141 0.522 1341.912000 4.468900 2843 4946 0 1883050497.740368 5094944356.555081 0.008394 0.012506 10000
0.141 0.526 1379.966600 4.810600 3045 5157 0 2034699150.910908 5300650744.517868 0.007344 0.010628 10000
0.141 0.530 1421.554800 5.264700 3217 5321 0 2054637687.249904 5271323004.322079 0.007859 0.011848 10000
0.141 0.534 1451.958400 5.796700 3400 5511 0 2220537909.225244 5457802784.830879 0.008149 0.012187 10000
0.141 0.538 1501.393700 6.354100 3623 5737 0 2339495627.368288 5673663926.445831 0.008216 0.012203 10000
0.141 0.542 1526.590000 6.954100 3812 5906 0 2359280789.880532 5416392505.109561 0.008519 0.012672 10000
0.141 0.546 1551.548200 7.494200 4012 6087 0 2594118673.257140 5935636698.740896 0.008752 0.013016 10000
0.141 0.550 1582.486700 8.268600 4249 6284 0 2683607051.129148 5969077338.644359 0.008762 0.012697 10000
0.141 0.554 1599.289200 9.021000 4448 6459 0 2716644928.833435 5803854608.999528 0.009053 0.013522 10000
0.144 0.502 1132.578700 2.704400 1976 4060 0 1351257789.190029 4452361070.907523 0.006912 0.010113 10000
0.144 0.506 1171.060900 2.951000 2117 4219 0 1474648563.984354 4686088766.103265 0.007155 0.010593 10000
0.144 0.510 1202.157000 3.218000 2263 4393 0 1553913331.805687 4729718317.066972 0.007449 0.011250 10000
0.144 0.514 1250.107200 3.536400 2447 4583 0 1649300044.127069 4868580668.898450 0.007505 0.010915 10000
0.144 0.518 1294.080400 3.895900 2595 4747 0 1729194869.286595 4951351888.154281 0.008018 0.012449 10000
0.144 0.522 1326.781200 4.204600 2781 4948 0 1864381847.005030 5143997487.611597 0.008047 0.011756 10000
0.144 0.526 1366.278000 4.590300 2941 5118 0 1961989594.524870 5242664508.944130 0.007606 0.011992 10000
0.144 0.530 1396.516000 4.996700 3133 5301 0 2041422522.437921 5270045298.038103 0.007681 0.011239 10000
0.144 0.534 1438.452600 5.440500 3327 5510 0 2195554822.641431 5584888861.294660 0.007805 0.011268 10000
0.144 0.538 1475.876200 6.000200 3505 5697 0 2212704578.734342 5314046993.534808 0.008513 0.013075 10000
0.144 0.542 1511.781000 6.639700 3727 5892 0 2363619200.116103 5612498737.360154 0.008320 0.012265 10000
0.144 0.546 1540.851600 7.158500 3927 6063 0 2473008859.171074 5673393950.510327 0.008491 0.012104 10000
0.144 0.550 1565.601100 7.812200 4133 6253 0 2633846506.997722 5952839671.696696 0.009358 0.013848 10000
0.144 0.554 1587.412600 8.557300 4346 6440 0 2659176281.826318 5748850591.643644 0.009482 0.013792 10000
0.147 0.506 1151.713000 2.801900 2047 4232 0 1406955253.053362 4597423692.210037 0.007099 0.010694 10000
0.147 0.510 1190.085100 3.073700 2201 4412 0 1558532789.770293 4907470087.746932 0.007298 0.010951 10000
0.147 0.514 1230.733400 3.376900 2357 4590 0 1630562776.644470 4921890963.270226 0.007625 0.011790 10000
0.147 0.518 1271.058100 3.702700 2527 4759 0 1663963991.207371 4835276753.739187 0.007756 0.011587 10000
0.147 0.522 1310.089500 4.003700 2706 4950 0 1825284849.837270 5142565492.683225 0.007860 0.011517 10000
0.147 0.526 1338.417700 4.390300 2854 5109 0 1880199330.503434 5078872997.948700 0.008454 0.012741 10000
0.150 0.506 1136.845000 2.689900 2000 4263 0 1328344495.029118 4375458641.399521 0.006883 0.010069 10000
0.150 0.510 1174.899400 2.951200 2139 4438 0 1453752060.472509 4593504627.982625 0.007207 0.010739 10000
0.150 0.514 1208.262700 3.212800 2282 4594 0 1549569466.919315 4675508465.723462 0.007587 0.011587 10000
0.150 0.518 1249.302100 3.535700 2455 4774 0 1639352904.950282 4830245253.639276 0.007639 0.011371 10000
0.150 0.522 1295.358300 3.836000 2617 4944 0 1732804364.934913 4939495341.121334 0.008002 0.012233 10000
0.150 0.526 1321.828800 4.140200 2794 5133 0 1842985811.173236 5053314916.142144 0.008039 0.011871 10000
0.153 0.506 1117.182000 2.569600 1916 4251 0 1337687718.728873 4542991096.995632 0.007063 0.011098 10000
0.153 0.510 1160.490600 2.753700 2067 4418 0 1414719872.790843 4572179866.048329 0.007212 0.011027 10000
0.153 0.514 1197.167400 3.002100 2221 4603 0 1554489896.296499 4860147944.844241 0.007410 0.011139 10000
0.153 0.518 1234.668200 3.355700 2382 4788 0 1599066925.758618 4738571560.381453 0.007554 0.011410 10000
0.153 0.522 1273.836800 3.645000 2547 4955 0 1683652161.604257 4862711604.941607 0.007828 0.011772 10000
0.153 0.526 1309.502600 3.968800 2717 5123 0 1818910717.318449 5094955759.545844 0.007996 0.011957 10000
0.156 0.498 1009.682900 1.996300 1592 3945 0 1122360950.885020 4206169262.125169 0.006486 0.009893 10000
0.156 0.502 1051.560400 2.191400 1719 4120 0 1171434083.548040 4224718308.096413 0.006717 0.010246 10000
0.156 0.506 1099.520400 2.456100 1860 4270 0 1308474721.736593 4569348009.034520 0.006928 0.010499 10000
0.156 0.510 1144.782500 2.662800 2018 4442 0 1342213031.263623 4391475837.939458 0.006974 0.010347 10000
0.156 0.514 1176.493800 2.833500 2153 4614 0 1440585946.376861 4562445179.973848 0.007222 0.010829 10000
0.156 0.518 1213.050200 3.119400 2300 4793 0 1551676338.602201 4668923312.938667 0.007603 0.011876 10000
0.156 0.522 1255.553000 3.434600 2477 4972 0 1666411454.503392 4988352974.266474 0.007192 0.010750 10000
0.156 0.526 1294.283100 3.739700 2642 5150 0 1759593853.595624 5043555719.857482 0.007406 0.011097 10000
0.156 0.530 1325.658200 4.103100 2804 5307 0 1847723843.281809 5052996083.809800 0.007726 0.011864 10000
0.156 0.534 1357.978000 4.455800 2984 5488 0 1958018251.197494 5216977545.738379 0.007818 0.011536 10000
0.156 0.538 1392.027000 4.832700 3158 5663 0 2042372526.419324 5328580505.635897 0.008184 0.012256 10000
0.156 0.542 1430.355200 5.324800 3349 5843 0 2115016065.083843 5259919992.546307 0.008370 0.012454 10000
0.156 0.546 1464.368600 5.819200 3551 6039 0 2194349370.522450 5283056618.201975 0.008485 0.012388 10000
0.156 0.550 1492.537100 6.330100 3734 6192 0 2319839267.074713 5498655798.712989 0.008729 0.013042 10000
0.159 0.510 1117.416300 2.462500 1935 4452 0 1316903452.536314 4433234392.677054 0.007539 0.011538 10000
0.159 0.514 1156.786100 2.665000 2083 4631 0 1411805912.638431 4560030642.777938 0.007221 0.011031 10000
0.159 0.518 1200.835600 2.950000 2240 4809 0 1548466275.362229 4847163846.985606 0.007421 0.011371 10000
0.159 0.522 1240.051700 3.260600 2397 4961 0 1601268600.344236 4738836504.717656 0.007725 0.011815 10000
0.159 0.526 1276.427000 3.561500 2561 5160 0 1679469142.448639 4831182080.182640 0.007910 0.012090 10000
0.159 0.530 1308.109200 3.853000 2737 5331 0 1800499796.265894 5040496036.402238 0.008147 0.011873 10000
0.162 0.498 981.705600 1.790600 1495 4034 0 1031167009.245221 3967860701.755627 0.006291 0.009290 10000
0.162 0.502 1023.493300 1.989400 1616 4182 0 1129755643.124886 4229370854.317104 0.006539 0.009874 10000
0.162 0.506 1063.307100 2.143000 1739 4330 0 1185952703.859789 4325413170.196357 0.006835 0.010817 10000
0.162 0.510 1100.907200 2.374800 1880 4489 0 1324468018.608709 4633885717.459164 0.006927 0.010487 10000
0.162 0.514 1139.451500 2.566000 2032 4645 0 1378124193.869513 4508989005.306463 0.007064 0.010140 10000
0.162 0.518 1181.866600 2.783800 2174 4825 0 1462567182.040037 4624408902.595242 0.007409 0.011203 10000
0.162 0.522 1217.197500 3.037600 2325 4993 0 1536988292.195824 4583833522.534992 0.007048 0.010851 10000
0.162 0.526 1256.254100 3.353700 2496 5176 0 1644225845.603422 4829142545.697476 0.007174 0.010624 10000
0.162 0.530 1288.020400 3.652900 2656 5350 0 1751657434.588527 4971025902.966840 0.007385 0.011095 10000
0.162 0.534 1321.373800 4.030500 2825 5506 0 1820291601.748221 4961961367.619664 0.007644 0.011676 10000
0.162 0.538 1356.911500 4.387000 3006 5678 0 1932295582.711204 5124833728.127513 0.007756 0.011463 10000
0.162 0.542 1390.400900 4.734800 3188 5838 0 2043850316.906127 5300766122.586455 0.007914 0.011506 10000
0.162 0.546 1423.009700 5.256000 3363 6000 0 2085376439.110750 5097517367.585667 0.008308 0.012359 10000
0.162 0.550 1454.571500 5.779800 3560 6184 0 2209628494.044677 5358915842.338865 0.008391 0.012119 10000
0.165 0.502 1001.812200 1.850500 1560 4215 0 1053570444.951733 3948665831.563523 0.006540 0.009798 10000
0.165 0.506 1046.753300 2.027800 1694 4379 0 1141771067.636552 4142278358.972679 0.006734 0.010143 10000
0.165 0.510 1082.727700 2.229100 1822 4543 0 1256158728.516115 4444305761.658322 0.006894 0.010284 10000
0.165 0.514 1124.418300 2.444800 1956 4699 0 1319138079.032029 4439786675.197392 0.007273 0.011318 10000
0.165 0.518 1160.105800 2.662900 2103 4861 0 1398640914.781993 4471734563.723005 0.007362 0.011257 10000
0.165 0.522 1202.806500 2.901700 2256 5022 0 1542838315.108768 4797679402.741171 0.007633 0.011951 10000
0.168 0.502 985.078500 1.776100 1506 4267 0 1020394316.187145 3868551626.472071 0.006515 0.009943 10000
0.168 0.506 1021.985200 1.911800 1632 4404 0 1144522922.702492 4272348545.455224 0.006676 0.010058 10000
0.168 0.510 1063.515300 2.098300 1765 4590 0 1205519333.831420 4368297595.186417 0.006809 0.010341 10000
0.168 0.514 1101.989100 2.294000 1896 4725 0 1301198474.057051 4464415237.779339 0.007099 0.010846 10000
0.168 0.518 1141.173500 2.528300 2041 4892 0 1374429218.319033 4469208463.455572 0.007241 0.010959 10000
0.168 0.522 1183.131600 2.749900 2195 5053 0 1456001050.696820 4557969900.481946 0.007419 0.011206 10000
0.171 0.506 1001.277900 1.825900 1576 4452 0 1060777440.694555 3919075913.010656 0.006562 0.009783 10000
0.171 0.510 1046.806700 2.011000 1702 4609 0 1142911342.928418 4148969374.779410 0.006859 0.010820 10000
0.171 0.514 1084.990200 2.174800 1840 4773 0 1255303528.867584 4465309831.359340 0.006931 0.010380 10000
0.171 0.518 1121.699900 2.365000 1980 4927 0 1357498996.013986 4536837051.934395 0.007104 0.010504 10000
0.171 0.522 1162.675900 2.596600 2120 5100 0 1411507652.374135 4484181971.023950 0.007455 0.011627 10000
0.171 0.526 1208.163600 2.864000 2285 5260 0 1514381364.185217 4681895722.258358 0.007556 0.011578 10000
0.174 0.502 950.033200 1.594800 1419 4364 0 932099402.987599 3570109815.028864 0.006217 0.009147 10000
0.174 0.506 985.281800 1.761700 1528 4506 0 1033781210.690392 3955441706.997279 0.006455 0.009676 10000
0.174 0.510 1022.226300 1.930000 1650 4672 0 1116413707.688062 4163094466.359617 0.006696 0.010268 10000
0.174 0.514 1065.092400 2.118400 1789 4839 0 1199780998.896287 4324363894.437860 0.006774 0.010010 10000
0.174 0.518 1105.582700 2.286800 1920 4955 0 1293482650.356517 4412678707.567423 0.007037 0.010782 10000
0.174 0.522 1141.703100 2.485700 2058 5118 0 1366654375.945862 4429520844.164586 0.007324 0.011071 10000
0.177 0.498 898.109100 1.377300 1262 4268 0 864361985.415890 3583392951.147216 0.006035 0.009158 10000
0.177 0.502 933.532800 1.513300 1378 4420 0 933107287.197639 3696795333.814655 0.006093 0.009007 10000
0.177 0.506 964.509600 1.661900 1481 4557 0 1010280490.558626 3925637499.835883 0.006299 0.009282 10000
0.177 0.510 998.222400 1.808600 1588 4694 0 1058962949.688356 3883132316.686862 0.006631 0.010012 10000
0.177 0.514 1052.636100 1.992000 1740 4861 0 1160397497.060908 4238219927.345821 0.006659 0.009730 10000
0.177 0.518 1089.844400 2.183500 1864 5003 0 1251868804.826587 4398359245.170238 0.006931 0.010484 10000
0.180 0.490 828.196000 1.051700 1044 4025 0 747155080.452953 3345594287.919538 0.005531 0.008003 10000
0.180 0.494 849.380100 1.179300 1130 4172 0 808066779.394109 3466868454.997396 0.005708 0.008438 10000
0.180 0.498 883.182300 1.307100 1221 4315 0 829505279.104002 3420804433.765734 0.005967 0.009004 10000
0.180 0.502 919.520900 1.452600 1327 4461 0 902675874.367533 3617326067.952202 0.006126 0.009331 10000
0.180 0.506 946.320500 1.579400 1429 4585 0 948110392.369310 3644376349.756217 0.006252 0.009236 10000
0.180 0.510 984.523400 1.717800 1546 4742 0 1049385449.120342 3931549112.868021 0.006465 0.009497 10000
0.180 0.514 1036.161400 1.868200 1677 4894 0 1118645812.185659 4159820071.549532 0.006178 0.009673 10000
0.180 0.518 1072.183800 2.092400 1806 5044 0 1187560968.698954 4250919264.528347 0.006328 0.009740 10000
0.180 0.522 1109.309600 2.293900 1946 5179 0 1346318573.235167 4593539605.093253 0.006428 0.009569 10000
0.180 0.526 1147.362900 2.479400 2075 5321 0 1377464284.282656 4460482144.262599 0.007336 0.011222 10000
0.180 0.530 1187.649700 2.718700 2231 5460 0 1459888894.817536 4553086715.798367 0.006989 0.011018 10000
0.180 0.534 1226.373500 2.969600 2396 5626 0 1547946683.510152 4667746417.665501 0.007007 0.010393 10000
0.180 0.538 1256.117100 3.256900 2550 5798 0 1674912918.797603 4886042381.229336 0.007532 0.011503 10000
0.180 0.542 1289.750600 3.550700 2710 5946 0 1738612458.512119 4963293029.648681 0.007807 0.011897 10000
0.183 0.498 875.988100 1.236200 1196 4370 0 834675986.974215 3505007424.782918 0.005818 0.008521 10000
0.183 0.502 904.270300 1.379200 1286 4506 0 871693312.816843 3574247594.975936 0.006010 0.008895 10000
0.183 0.506 937.250200 1.503000 1396 4627 0 921854630.926891 3596834624.498306 0.006188 0.009031 10000
0.183 0.510 968.689400 1.631500 1494 4770 0 1006471590.837202 3862522611.478005 0.006427 0.009779 10000
0.183 0.514 1013.828700 1.780100 1609 4914 0 1054083627.196915 3868144913.885779 0.006891 0.010899 10000
0.183 0.518 1058.202800 1.990400 1757 5083 0 1178009181.535882 4283361316.240092 0.006813 0.010131 10000
0.186 0.494 831.152700 1.113800 1062 4285 0 760492836.115218 3397758043.201672 0.005560 0.007760 10000
0.186 0.498 866.559700 1.205200 1149 4414 0 798233594.357667 3394821352.219830 0.005870 0.009015 10000
0.186 0.502 890.516200 1.320700 1247 4544 0 813895898.755335 3297122231.327050 0.005947 0.008582 10000
0.186 0.506 927.877800 1.433700 1352 4694 0 939438718.121436 3814800097.623556 0.006145 0.009289 10000
0.186 0.510 951.653100 1.535500 1445 4809 0 959446300.776425 3648072963.072795 0.006356 0.009331 10000
0.186 0.514 992.022500 1.682700 1563 4949 0 1055974717.110638 3938888236.555426 0.006582 0.009655 10000
0.186 0.518 1042.429400 1.871200 1706 5125 0 1103899282.442169 4072800224.926866 0.006411 0.009809 10000
0.186 0.522 1080.003000 2.060100 1833 5265 0 1162246881.451483 4117911242.492887 0.006573 0.009830 10000
0.186 0.526 1112.356700 2.272500 1967 5393 0 1336464452.010370 4539404355.604547 0.006757 0.010001 10000
0.186 0.530 1152.442700 2.442100 2101 5526 0 1395375234.201124 4516248983.329626 0.007142 0.011111 10000
0.186 0.534 1190.737600 2.696200 2260 5689 0 1452334197.010306 4508527769.758408 0.007166 0.010751 10000
0.186 0.538 1231.877800 2.954200 2419 5853 0 1562652814.754177 4743808206.201338 0.007335 0.011013 10000
0.186 0.542 1259.366800 3.277800 2573 5991 0 1669746825.387295 4855939070.427573 0.007452 0.011357 10000
0.186 0.546 1294.272300 3.613500 2738 6138 0 1719005210.209562 4816792696.283629 0.007681 0.011677 10000
0.189 0.494 827.356300 1.039800 1036 4330 0 746382831.175184 3424334610.578378 0.005469 0.007649 10000
0.189 0.498 851.501100 1.132300 1107 4477 0 792060458.058444 3463969626.978748 0.005862 0.008844 10000
0.189 0.502 876.568700 1.256200 1211 4617 0 824541968.525551 3438670753.051227 0.005836 0.008535 10000
0.189 0.506 913.215000 1.348100 1302 4731 0 871743219.540006 3561269192.498471 0.006148 0.009341 10000
0.189 0.510 940.556400 1.471500 1409 4859 0 936877668.124241 3626337010.497132 0.006244 0.009183 10000
0.189 0.514 980.779700 1.616000 1520 5013 0 1019095120.052198 3935328704.706863 0.006495 0.009516 10000
0.192 0.494 819.520500 0.992500 999 4404 0 702360137.399527 3210541218.579110 0.005490 0.008065 10000
0.192 0.498 838.186600 1.110000 1072 4538 0 786776375.260828 3564024745.126895 0.005739 0.008399 10000
0.192 0.502 869.510700 1.194800 1168 4658 0 819056282.467354 3465374530.588609 0.005914 0.009147 10000
0.192 0.506 897.780900 1.288400 1262 4789 0 825863008.817413 3363357415.343422 0.006062 0.008930 10000
0.192 0.510 930.567800 1.383100 1371 4923 0 947009564.208897 3811041246.826674 0.006141 0.009011 10000
0.192 0.514 960.319100 1.534400 1471 5045 0 954174724.203015 3611995887.906730 0.006378 0.009303 10000
0.195 0.490 786.536800 0.845400 881 4349 0 620921322.716639 3066022568.105750 0.005346 0.007720 10000
0.195 0.494 807.709100 0.910900 959 4469 0 685409718.423908 3223214754.072885 0.005529 0.008226 10000
0.195 0.498 835.575000 1.042700 1049 4601 0 733862677.664541 3314795541.469502 0.005631 0.008047 10000
0.195 0.502 855.120500 1.140100 1124 4710 0 809226291.366415 3497197017.661740 0.005895 0.009065 10000
0.195 0.506 884.046900 1.241500 1235 4847 0 798932967.329919 3295758517.094022 0.005827 0.008300 10000
0.195 0.510 920.133100 1.332000 1329 4968 0 897970958.211524 3671738005.022737 0.006083 0.008845 10000
0.195 0.514 946.381800 1.491600 1428 5093 0 934383972.190662 3573279515.371984 0.005956 0.008848 10000
0.195 0.518 983.538200 1.645100 1537 5226 0 1027545984.464246 3914834083.596148 0.006181 0.008990 10000
0.195 0.522 1038.324000 1.795300 1669 5378 0 1068933827.478942 3907418894.681245 0.006467 0.010390 10000
0.195 0.526 1079.753300 2.016000 1810 5541 0 1141384621.472041 4107106277.758931 0.006440 0.009458 10000
0.195 0.530 1109.661300 2.181900 1931 5675 0 1335149062.675584 4640959084.560488 0.006721 0.010202 10000
0.195 0.534 1140.352400 2.349300 2070 5813 0 1353092687.735274 4422496497.011653 0.006855 0.010260 10000
0.195 0.538 1177.964000 2.620900 2214 5955 0 1415296482.570369 4422440963.695680 0.007071 0.010847 10000
0.195 0.542 1220.357100 2.868500 2372 6092 0 1473159763.220480 4415401193.600463 0.007282 0.011410 10000
0.198 0.490 779.106200 0.801400 842 4397 0 619100189.802398 3156793831.185024 0.005275 0.008150 10000
0.198 0.494 802.510000 0.868600 934 4540 0 674720978.313766 3215918891.262788 0.005430 0.007652 10000
0.198 0.498 826.417400 0.991800 1019 4681 0 722338963.937815 3282349523.584048 0.005531 0.007732 10000
0.198 0.502 843.130800 1.104700 1089 4779 0 770294774.006859 3417306217.541784 0.005819 0.008745 10000
0.198 0.506 873.225100 1.191900 1194 4919 0 805135432.973962 3364379319.295698 0.005878 0.008895 10000
0.198 0.510 903.779200 1.279900 1282 5035 0 831402620.639361 3390803758.255217 0.006058 0.008869 10000
0.201 0.486 750.970800 0.692600 744 4343 0 505768629.937848 2741529405.763871 0.005218 0.007569 10000
0.201 0.490 770.620300 0.769700 818 4470 0 612496653.375191 3211571860.784395 0.005300 0.007511 10000
0.201 0.494 789.837000 0.824900 891 4608 0 642959693.139827 3132918863.350207 0.005480 0.008202 10000
0.201 0.498 819.455500 0.940700 986 4751 0 683704188.297824 3162564009.889333 0.005530 0.008118 10000
0.201 0.502 832.998100 1.036000 1057 4843 0 756746295.069023 3437906981.628353 0.005703 0.008411 10000
0.201 0.506 856.748900 1.151500 1139 4960 0 810883152.543812 3499943324.696870 0.005972 0.009367 10000
0.201 0.510 893.988500 1.225300 1252 5095 0 806450533.081803 3343207496.026577 0.005613 0.008090 10000
0.201 0.514 928.275000 1.345100 1352 5223 0 916912416.385085 3707981470.527536 0.006104 0.008793 10000
0.201 0.518 955.864600 1.516200 1459 5333 0 940172361.364298 3577756501.363256 0.005890 0.008696 10000
0.201 0.522 993.745400 1.666800 1559 5474 0 1033256107.459090 3959835486.650945 0.006238 0.009600 10000
0.201 0.526 1044.765700 1.851200 1707 5637 0 1073931627.992960 3897024994.997657 0.006538 0.009687 10000
0.201 0.530 1088.587300 2.033800 1837 5775 0 1147240919.018549 4076036673.469269 0.006692 0.009947 10000
0.201 0.534 1119.533600 2.231100 1960 5890 0 1323559561.311396 4579651464.696300 0.006992 0.010787 10000
0.201 0.538 1151.321300 2.470700 2095 6034 0 1366507878.383541 4415203497.701348 0.007239 0.011428 10000
0.204 0.482 702.111800 0.580700 629 4315 0 437176708.153741 2596387608.828804 0.005182 0.007695 10000
0.204 0.486 734.719600 0.652800 707 4426 0 519944764.771415 2992846432.244944 0.005221 0.007600 10000
0.204 0.490 760.903800 0.724400 789 4550 0 562730296.889347 3012572422.135206 0.005236 0.007453 10000
0.204 0.494 781.919800 0.804900 870 4712 0 632029042.799456 3197055831.908165 0.005307 0.007449 10000
0.204 0.498 810.181500 0.875000 946 4832 0 667932994.340290 3168593483.849561 0.005592 0.008447 10000
0.204 0.502 825.571500 0.992800 1039 4940 0 714868204.178057 3226959146.645875 0.005471 0.007175 10000
0.204 0.506 847.460700 1.079300 1106 5031 0 794607377.801135 3484961359.681513 0.005566 0.008451 10000
0.204 0.510 884.451900 1.198300 1223 5168 0 776150981.413005 3204454964.484592 0.005543 0.008044 10000
0.204 0.514 916.424700 1.299200 1305 5282 0 836759468.332165 3389329225.292066 0.005730 0.008704 10000
0.204 0.518 942.782700 1.450200 1410 5396 0 950492941.344102 3733788341.551960 0.005860 0.008800 10000
0.204 0.522 971.740000 1.627100 1513 5534 0 994700200.917625 3807139085.253439 0.006020 0.008791 10000
0.204 0.526 1028.751900 1.766100 1646 5668 0 1054244783.604633 3869082447.568300 0.006249 0.009757 10000
0.204 0.530 1072.552600 1.954300 1780 5813 0 1100044204.931464 3976530629.036000 0.006337 0.009661 10000
0.204 0.534 1107.555900 2.175800 1905 5922 0 1270709171.707566 4404188736.081124 0.006560 0.010153 10000
0.207 0.482 688.561200 0.571200 609 4380 0 421593659.880066 2532095043.600810 0.005024 0.006962 10000
0.207 0.486 723.907100 0.637300 679 4496 0 465019809.908059 2687625779.041862 0.005182 0.007644 10000
0.207 0.490 753.885300 0.697300 760 4647 0 521444258.881558 2781354816.629587 0.005253 0.007562 10000
0.207 0.494 775.352300 0.768100 836 4780 0 602855834.790707 3099188248.113454 0.005344 0.007774 10000
0.207 0.498 803.459900 0.847000 916 4895 0 658261690.332621 3176247647.485372 0.005546 0.008479 10000
0.207 0.502 824.647500 0.977300 1007 5025 0 704979409.947439 3259160845.218336 0.005540 0.007944 10000
0.210 0.474 636.507000 0.443300 475 4211 0 300535168.104236 2094229261.509280 0.004790 0.006244 10000
0.210 0.478 652.962500 0.504600 522 4347 0 370489822.517908 2456799719.056922 0.004888 0.006509 10000
0.210 0.482 680.439000 0.543000 584 4468 0 394621380.802749 2383125284.053693 0.005025 0.007083 10000
0.210 0.486 716.598700 0.606500 652 4581 0 423174814.520840 2476668895.127415 0.005229 0.007656 10000
0.210 0.490 744.080100 0.660400 729 4733 0 516893385.345479 2874860796.521834 0.002858 0.004556 10000
0.210 0.494 772.078500 0.746500 808 4842 0 585992961.874622 3081987470.048043 0.003131 0.005064 10000
0.210 0.498 794.463200 0.807400 892 4981 0 644890949.284593 3193456007.960502 0.005051 0.007042 10000
0.210 0.502 821.319000 0.928500 979 5091 0 679539930.836470 3230155847.729454 0.004944 0.007041 10000
0.210 0.506 838.000400 0.992000 1056 5184 0 721705184.927071 3221040956.335688 0.005061 0.007162 10000
0.210 0.510 857.192300 1.089100 1129 5298 0 794910100.321427 3456434219.419635 0.005291 0.008074 10000
0.210 0.514 893.188500 1.225500 1244 5421 0 788501086.795715 3274708319.668357 0.005261 0.007601 10000
0.210 0.518 925.758100 1.345700 1335 5542 0 861386683.840651 3473646156.474607 0.005465 0.007958 10000
0.210 0.522 951.455900 1.477900 1438 5640 0 953358508.668277 3708289636.884277 0.005605 0.008445 10000
0.210 0.526 991.036900 1.657000 1537 5768 0 976940137.167723 3682657941.633493 0.005948 0.009261 10000
0.213 0.466 574.397400 0.375100 354 4075 0 235733503.164984 1861872038.155841 0.002402 0.003410 10000
0.213 0.470 601.319100 0.400800 393 4193 0 263405906.236620 1982522311.478334 0.002682 0.004372 10000
0.213 0.474 631.302100 0.442700 455 4332 0 285890497.107723 2039209237.543876 0.002512 0.003819 10000
0.213 0.478 653.220700 0.467800 508 4455 0 366190136.475095 2545276604.778402 0.002736 0.004100 10000
0.213 0.482 678.640200 0.534300 559 4555 0 400311786.043982 2487432012.599328 0.002765 0.004562 10000
0.213 0.486 709.775400 0.589900 630 4678 0 427275020.988568 2534434631.639286 0.002794 0.004380 10000
0.213 0.490 744.817200 0.652900 704 4807 0 493053068.596626 2829962244.635157 0.004754 0.007319 10000
0.213 0.494 768.392700 0.726300 789 4933 0 538641242.331585 2854768948.373082 0.004665 0.006527 10000
0.213 0.498 789.375500 0.808500 859 5040 0 607617687.921359 3053980660.788168 0.004856 0.007154 10000
0.213 0.502 813.765700 0.877100 934 5158 0 668722356.466855 3245167138.612475 0.005052 0.007706 10000
0.213 0.506 834.600800 0.953900 1026 5258 0 708376760.903041 3262156717.770991 0.005032 0.007273 10000
0.213 0.510 848.807100 1.068400 1095 5361 0 779314496.753069 3519156266.249164 0.005263 0.007630 10000
0.213 0.514 881.231400 1.172300 1197 5455 0 783710234.530737 3269627926.096008 0.005349 0.008308 10000
0.213 0.518 912.356800 1.299400 1294 5578 0 811657631.286669 3332286734.541120 0.005899 0.008834 10000
0.216 0.478 650.525100 0.469200 485 4551 0 320472012.226562 2215078938.206841 0.002989 0.004598 10000
0.216 0.482 672.070200 0.523000 537 4639 0 390699517.086311 2540708865.617704 0.002853 0.004637 10000
0.216 0.486 703.334500 0.566600 610 4760 0 427386816.275924 2594186753.418993 0.003384 0.005186 10000
0.216 0.490 736.602200 0.651200 675 4893 0 458387549.777175 2622413713.095079 0.003519 0.005729 10000
0.216 0.494 761.361100 0.727600 757 5010 0 519386400.014090 2853102257.073247 0.003345 0.005274 10000
0.216 0.498 786.938900 0.770300 837 5112 0 592827544.670905 3067950469.602539 0.003488 0.005311 10000
0.219 0.470 583.117900 0.352900 366 4376 0 246962562.703883 1903004352.325633 0.002952 0.004134 10000
0.219 0.474 617.299000 0.411300 418 4517 0 270966193.896357 2026113751.933626 0.002739 0.004237 10000
0.219 0.478 643.611900 0.469500 473 4639 0 291648073.491376 2045194530.050317 0.003211 0.004615 10000
0.219 0.482 666.130100 0.497800 524 4753 0 360851015.957362 2423957179.602172 0.003271 0.004857 10000
0.219 0.486 699.550600 0.557100 589 4859 0 395511935.200308 2406007615.252362 0.003288 0.005187 10000
0.219 0.490 723.638800 0.623100 650 4966 0 417871077.614751 2435611095.702722 0.003464 0.005459 10000
0.219 0.494 758.872500 0.711100 724 5077 0 513528743.618135 2878718481.341531 0.005327 0.008202 10000
0.219 0.498 780.249100 0.762200 802 5181 0 553270720.913285 2884165607.134326 0.004694 0.006930 10000
0.219 0.502 802.223100 0.799100 882 5305 0 614934807.495821 3017453701.311661 0.004857 0.007023 10000
0.219 0.506 823.806700 0.866400 956 5396 0 679524667.908829 3286394815.419006 0.004949 0.007670 10000
0.219 0.510 842.221500 0.971700 1053 5511 0 705225678.053261 3201826967.539145 0.004844 0.006874 10000
0.219 0.514 864.160400 1.109000 1123 5602 0 764018013.950048 3359606924.871284 0.005146 0.007892 10000
0.219 0.518 898.780000 1.218100 1228 5716 0 785956120.853631 3247690272.242307 0.005220 0.008323 10000
0.219 0.522 929.000800 1.407600 1330 5821 0 838633581.109989 3469383281.011867 0.005215 0.007438 10000
0.222 0.462 551.100800 0.276900 290 4250 0 203194086.951140 1857447676.443958 0.002446 0.003368 10000
0.222 0.466 561.032700 0.317700 321 4387 0 219236131.219999 1792298561.824357 0.002479 0.003184 10000
0.222 0.470 577.056700 0.338000 352 4496 0 234704183.361801 1830990576.723211 0.002737 0.003850 10000
0.222 0.474 601.409500 0.374200 389 4603 0 264339739.160724 2020318075.724142 0.002554 0.004035 10000
0.222 0.478 632.077000 0.431900 450 4736 0 288425616.484514 2061341475.399029 0.003176 0.004624 10000
0.222 0.482 665.645400 0.474000 511 4855 0 354245294.368869 2421633610.561555 0.003052 0.004672 10000
0.222 0.486 682.852700 0.544200 560 4944 0 394311691.601591 2521554667.090433 0.004386 0.006196 10000
0.222 0.490 713.134200 0.604000 629 5055 0 422020452.532101 2524174078.492785 0.004481 0.006232 10000
0.222 0.494 752.755300 0.687000 707 5180 0 481696481.757895 2800995716.302313 0.004594 0.006669 10000
0.222 0.498 779.498100 0.743300 785 5280 0 512285716.252682 2749409717.306581 0.004634 0.006557 10000
0.222 0.502 794.255000 0.783200 849 5369 0 587920623.848070 2977624316.446049 0.004765 0.006952 10000
0.222 0.506 814.769600 0.836400 926 5484 0 626578379.283303 2997028458.435236 0.005409 0.008105 10000
0.222 0.510 837.460000 0.966100 1017 5581 0 699216692.351820 3265135803.244582 0.005442 0.008170 10000
0.222 0.514 856.568200 1.108400 1098 5677 0 732813521.779851 3263550549.492416 0.005497 0.007910 10000
0.225 0.462 546.567200 0.264800 273 4361 0 181856668.272177 1726723570.963072 0.002854 0.003831 10000
0.225 0.466 564.318400 0.316900 308 4474 0 228423663.280267 1944152731.126114 0.003007 0.004228 10000
0.225 0.470 574.136300 0.337600 339 4584 0 232954810.000236 1904080215.565410 0.002858 0.004231 10000
0.225 0.474 594.697100 0.365500 379 4707 0 246446539.613990 1862890206.297205 0.003031 0.004200 10000
0.225 0.478 629.455700 0.408500 439 4835 0 274752580.606627 1997483164.227992 0.002953 0.004306 10000
0.225 0.482 655.851600 0.478200 488 4943 0 294050674.326195 2003385296.005692 0.003045 0.004447 10000
0.225 0.486 679.989700 0.535400 540 5030 0 378486324.290542 2477245772.357708 0.004864 0.006954 10000
0.225 0.490 706.629000 0.580200 612 5139 0 426775908.269605 2628291015.154829 0.004856 0.006462 10000
0.225 0.494 739.195500 0.636600 674 5248 0 444020518.202538 2547462121.042504 0.005076 0.007277 10000
0.225 0.498 766.426800 0.716300 755 5357 0 498928445.894019 2717008687.073235 0.005107 0.007127 10000
0.225 0.502 788.026900 0.787200 828 5459 0 573740741.298352 2966027048.933467 0.005165 0.007259 10000
0.225 0.506 810.320700 0.854100 902 5566 0 630711835.035912 3104493382.818332 0.005326 0.008125 10000
0.225 0.510 830.798500 0.973600 990 5663 0 653589575.476010 3061821928.408078 0.005328 0.007691 10000
0.225 0.514 853.611300 1.066700 1086 5756 0 700452691.085443 3164962888.820292 0.005312 0.007020 10000
0.228 0.454 503.956400 0.213700 203 4271 0 145599384.425885 1603221097.011481 0.003039 0.003682 10000
0.228 0.458 525.055200 0.239900 232 4365 0 149521296.894811 1491974129.220974 0.002426 0.003303 10000
0.228 0.462 549.371400 0.264200 269 4473 0 152634154.626154 1417099975.723275 0.002463 0.003370 10000
0.228 0.466 561.606600 0.309300 299 4590 0 206553704.493631 1836171493.463401 0.002808 0.003986 10000
0.228 0.470 573.906700 0.326700 329 4712 0 228640564.533492 1887647174.999804 0.003016 0.004147 10000
0.228 0.474 594.913000 0.355400 369 4816 0 251181300.928137 1940945799.252775 0.003464 0.004886 10000
0.228 0.478 618.111200 0.394800 409 4912 0 271696945.378002 2040276322.576075 0.004663 0.006872 10000
0.228 0.482 652.794900 0.482400 476 5032 0 285304959.205425 1999079195.543691 0.004669 0.006162 10000
0.228 0.486 677.188400 0.520200 529 5128 0 365776481.453993 2460159043.236934 0.004846 0.006580 10000
0.228 0.490 696.473700 0.562400 578 5237 0 397424489.998357 2495379069.574317 0.004939 0.007042 10000
0.228 0.494 725.282900 0.605200 640 5337 0 436958041.713515 2586684767.224396 0.005322 0.007855 10000
0.228 0.498 753.348500 0.674700 720 5442 0 514445571.758330 2942725788.931794 0.005215 0.007709 10000
0.228 0.502 778.279200 0.766700 798 5539 0 545503281.104093 2902977830.665388 0.004656 0.006711 10000
0.228 0.506 801.330300 0.846000 876 5652 0 615390004.720262 3107960014.073243 0.004760 0.007036 10000
0.231 0.462 544.873100 0.268300 256 4591 0 148198929.645121 1378133977.867858 0.002488 0.003678 10000
0.231 0.466 558.836400 0.276400 283 4703 0 193263808.305853 1761109658.538334 0.002663 0.003919 10000
0.231 0.470 574.517400 0.343100 325 4818 0 225156670.482431 1869829325.781361 0.002701 0.003749 10000
0.231 0.474 593.753300 0.362500 363 4924 0 245128017.291604 1935921137.855624 0.002906 0.003944 10000
0.231 0.478 607.907800 0.395800 393 5021 0 250167773.623399 1890128816.001251 0.002807 0.004112 10000
0.231 0.482 639.581100 0.443300 450 5117 0 286173734.905453 2056397805.012032 0.003073 0.004590 10000
0.234 0.442 477.441500 0.190500 141 4174 0 86472040.903090 1129807431.126756 0.002528 0.002869 10000
0.234 0.446 480.736800 0.195500 152 4281 0 100102808.882858 1241082503.443272 0.002723 0.003079 10000
0.234 0.450 491.587000 0.212200 169 4393 0 107126671.183153 1260459185.658774 0.002632 0.003265 10000
0.234 0.454 505.926300 0.218400 190 4494 0 129771540.026147 1499404482.333487 0.002700 0.003511 10000
0.234 0.458 519.600600 0.244600 213 4595 0 144020672.152641 1556423960.809051 0.002714 0.003586 10000
0.234 0.462 536.396500 0.272200 244 4702 0 157879764.684114 1543332394.658502 0.002763 0.003732 10000
0.234 0.466 559.222400 0.292400 282 4809 0 183508315.236092 1748357142.055229 0.003894 0.004785 10000
0.234 0.470 574.416000 0.348600 319 4926 0 229280146.667809 1995908641.712750 0.003928 0.004719 10000
0.234 0.474 584.549200 0.356600 342 5016 0 238934658.812363 1952894703.124992 0.004075 0.005456 10000
0.234 0.478 600.494000 0.396000 383 5106 0 248736347.983067 1888813351.954216 0.004210 0.005348 10000
0.234 0.482 629.945800 0.434000 432 5205 0 273524301.892189 1994348916.497390 0.004216 0.005667 10000
0.234 0.486 664.347300 0.466500 484 5309 0 294590725.734445 2046370299.901248 0.004375 0.006353 10000
0.234 0.490 688.703200 0.516300 545 5396 0 369561961.813387 2437754479.048193 0.004402 0.006195 10000
0.234 0.494 710.727100 0.587400 605 5508 0 416056131.506258 2580850518.442412 0.004503 0.006543 10000
0.237 0.454 511.754100 0.243100 191 4595 0 113618894.528150 1289738282.834455 0.003009 0.003834 10000
0.237 0.458 516.400800 0.254900 208 4692 0 139223236.919503 1539930464.922205 0.002950 0.003575 10000
0.237 0.462 538.853200 0.283300 241 4826 0 153384174.769850 1506119160.848236 0.002765 0.003721 10000
0.237 0.466 556.440800 0.282600 272 4927 0 154784651.089860 1475708295.175915 0.002782 0.003773 10000
0.237 0.470 575.006500 0.328500 306 5022 0 206021928.204748 1857635519.348514 0.002835 0.004176 10000
0.237 0.474 579.495900 0.334200 336 5117 0 219203082.771562 1767595018.188955 0.002465 0.003307 10000
0.240 0.438 478.410700 0.227300 122 4304 0 80626871.403108 1225134745.488373 0.002151 0.002526 10000
0.240 0.442 480.013600 0.195100 127 4399 0 79881754.254248 1089977164.265040 0.002850 0.003551 10000
0.240 0.446 484.957200 0.206800 146 4505 0 88547620.663821 1145616200.370984 0.002352 0.002753 10000
0.240 0.450 493.235900 0.209900 161 4612 0 105559189.070760 1291703878.875381 0.002491 0.003058 10000
0.240 0.454 508.328400 0.238700 180 4717 0 109355585.288951 1240338331.433933 0.002580 0.003490 10000
0.240 0.458 512.367200 0.248800 202 4809 0 134667286.638649 1569708671.374214 0.002536 0.003023 10000
0.240 0.462 531.552100 0.272100 221 4922 0 148483444.077104 1507350772.150626 0.003929 0.005336 10000
0.240 0.466 553.221300 0.296100 259 5018 0 146947633.474776 1358489165.927378 0.003953 0.005439 10000
0.240 0.470 573.255800 0.353500 300 5113 0 195696311.809478 1770903374.805130 0.003939 0.004944 10000
0.240 0.474 582.502700 0.398700 333 5203 0 226584930.196969 1905073296.900755 0.003959 0.004671 10000
0.240 0.478 592.959000 0.376000 357 5288 0 261955317.760469 2080073190.906639 0.004101 0.005329 10000
0.240 0.482 617.244600 0.399300 396 5392 0 246405706.940519 1837993260.752655 0.004258 0.006026 10000
0.240 0.486 649.523600 0.487500 453 5487 0 278903832.352845 1992439915.933947 0.004317 0.006074 10000
0.240 0.490 682.510100 0.550100 520 5593 0 315764269.808302 2133885706.184990 0.004291 0.005549 10000
0.243 0.434 472.837300 0.209900 105 4328 0 65659216.174231 1057201060.071756 0.002399 0.002825 10000
0.243 0.438 479.841000 0.214300 114 4420 0 67914968.233742 1024525247.596019 0.002322 0.003025 10000
0.243 0.442 485.040500 0.200100 129 4508 0 73889152.828195 992796636.838343 0.002332 0.002883 10000
0.243 0.446 485.632300 0.207500 141 4610 0 93202297.558679 1228086082.869028 0.002785 0.003347 10000
0.243 0.450 496.214000 0.235800 159 4732 0 101388877.788767 1311006187.206228 0.002610 0.003308 10000
0.243 0.454 499.944000 0.232900 171 4819 0 111415782.897434 1351882560.956887 0.002272 0.002880 10000
0.243 0.458 516.466000 0.255900 198 4917 0 117504146.667615 1294916870.528489 0.003778 0.004418 10000
0.243 0.462 529.307500 0.275900 217 5003 0 149900308.826886 1647481124.010195 0.003885 0.004778 10000
0.243 0.466 549.003700 0.310600 254 5105 0 159585742.014042 1566102107.649958 0.003913 0.004892 10000
0.243 0.470 570.893100 0.347800 291 5197 0 175746303.452615 1633671323.490424 0.003920 0.004664 10000
0.243 0.474 576.967500 0.349100 319 5291 0 220294997.649179 1937957574.461723 0.003944 0.004939 10000
0.243 0.478 591.567000 0.373800 346 5386 0 228207625.798465 1820118570.647274 0.004100 0.005570 10000
0.243 0.482 610.688800 0.439900 387 5479 0 248830112.597788 1878371906.050258 0.004182 0.005338 10000
0.243 0.486 642.840300 0.462900 435 5572 0 275367356.204381 2030004170.978354 0.004304 0.005867 10000
0.246 0.430 469.854900 0.199600 88 4335 0 61174920.445182 1035798863.440378 0.002768 0.003339 10000
0.246 0.434 472.396500 0.229200 102 4432 0 61144905.563396 919674391.208987 0.002996 0.003251 10000
0.246 0.438 480.290800 0.202300 113 4530 0 62292692.842293 943019572.752420 0.002277 0.002785 10000
0.246 0.442 483.198700 0.192800 127 4632 0 78027062.262052 1098285244.622513 0.002296 0.002479 10000
0.246 0.446 493.927800 0.216700 142 4736 0 88987664.375353 1204890510.926137 0.002505 0.002887 10000
0.246 0.450 496.070800 0.230700 152 4820 0 92288821.185231 1164869400.518597 0.002394 0.003025 10000
0.246 0.454 502.841200 0.223500 164 4939 0 106178573.697744 1247282318.176731 0.004274 0.005299 10000
0.246 0.458 517.895000 0.252600 194 5026 0 113933019.423473 1304301103.048567 0.004270 0.005081 10000
0.246 0.462 527.272900 0.291500 215 5095 0 131218955.020420 1446361549.301279 0.004295 0.005021 10000
0.246 0.466 543.162300 0.314900 244 5196 0 157609490.572796 1571891202.740473 0.004321 0.005217 10000
0.246 0.470 563.365100 0.322100 277 5292 0 155046200.334262 1447109993.306548 0.003928 0.004897 10000
0.246 0.474 578.681400 0.363300 309 5399 0 187031448.901579 1640119376.135473 0.003997 0.005180 10000
0.246 0.478 589.141900 0.407400 339 5500 0 230376993.796545 1902520467.253079 0.004067 0.005111 10000
0.246 0.482 613.008100 0.435800 379 5583 0 257042012.643673 1981669401.369434 0.004196 0.005567 10000
0.249 0.434 470.008800 0.190400 94 4543 0 66926951.537880 1070902327.479120 0.002752 0.003121 10000
0.249 0.438 471.277000 0.177700 104 4638 0 62532048.061123 984551312.636318 0.002330 0.002584 10000
0.249 0.442 485.449700 0.227900 120 4754 0 80608870.491922 1216837377.343697 0.002845 0.003338 10000
0.249 0.446 490.724200 0.215800 131 4851 0 73068277.899129 985259420.700794 0.002904 0.003668 10000
0.249 0.450 491.362700 0.214800 144 4959 0 86561507.640159 1109403467.087945 0.002917 0.003553 10000
0.249 0.454 501.857600 0.222800 160 5057 0 104032566.320886 1288744391.486834 0.003196 0.004113 10000
0.252 0.430 470.007300 0.199100 84 4567 0 49789704.364812 855782089.278362 0.002269 0.002539 10000
0.252 0.434 466.821200 0.176800 86 4665 0 60802073.514491 966348714.094313 0.002327 0.002702 10000
0.252 0.438 473.038800 0.186900 100 4768 0 57557062.041882 854267534.307751 0.002456 0.002772 10000
0.252 0.442 484.033600 0.212100 113 4864 0 69338976.468620 1062908672.385783 0.002352 0.003055 10000
0.252 0.446 488.438800 0.208500 127 4968 0 76258925.249213 1041507998.735479 0.002366 0.002817 10000
0.252 0.450 493.444000 0.204500 144 5050 0 96724650.224320 1313926844.606841 0.002511 0.002927 10000
0.255 0.418 455.044700 0.159800 45 4436 0 15971340.389342 448247452.101168 0.002491 0.002822 10000
0.255 0.422 461.721700 0.178200 56 4524 0 23481598.613580 615989373.636699 0.002969 0.003565 10000
0.255 0.426 467.325000 0.166500 68 4620 0 41675354.432905 947784033.145957 0.003006 0.003207 10000
0.255 0.430 472.986200 0.207700 84 4711 0 54068612.309896 963431834.575287 0.002949 0.003009 10000
0.255 0.434 466.115600 0.143600 82 4822 0 62679491.501617 1035201934.726033 0.002805 0.002935 10000
0.255 0.438 473.792900 0.185000 96 4921 0 57576522.285542 866467811.350391 0.002641 0.002962 10000
0.255 0.442 480.609300 0.182700 110 5010 0 62590201.381606 962003608.558276 0.003688 0.003819 10000
0.255 0.446 484.693000 0.180100 121 5073 0 75255663.175671 1076622724.735831 0.003715 0.003926 10000
0.255 0.450 490.355900 0.176400 132 5163 0 83113599.696195 1085022227.422605 0.003750 0.004227 10000
0.255 0.454 499.593200 0.212400 152 5275 0 90933127.398945 1161135023.789610 0.003757 0.004089 10000
0.255 0.458 511.705500 0.245200 177 5364 0 101235613.637995 1204597613.983884 0.003764 0.003981 10000
0.255 0.462 527.431700 0.290300 197 5458 0 117163333.024929 1366838741.002940 0.003849 0.004718 10000
0.255 0.466 536.426800 0.331300 220 5541 0 131403174.739065 1444695787.417847 0.003861 0.004661 10000
0.255 0.470 557.527700 0.351100 248 5638 0 156190360.048075 1566803536.259202 0.003946 0.005189 10000
0.258 0.418 455.941900 0.128700 44 4590 0 12726953.359239 367086720.724173 0.002633 0.002916 10000
0.258 0.422 461.882500 0.155900 52 4670 0 23557906.174429 646849006.695297 0.002784 0.003305 10000
0.258 0.426 473.410400 0.172100 70 4740 0 28351586.428949 698699476.452520 0.002763 0.002856 10000
0.258 0.430 474.925400 0.163000 78 4862 0 52076170.578450 994255035.442512 0.002638 0.002977 10000
0.258 0.434 464.330400 0.161300 79 4958 0 53341836.617164 895040639.077472 0.002629 0.002888 10000
0.258 0.438 473.307900 0.184000 93 5057 0 63425106.488808 1023087776.158064 0.002667 0.002842 10000
0.261 0.410 450.277100 0.137100 36 4546 0 9677990.377210 303568596.162737 0.002583 0.002710 10000
0.261 0.414 449.358900 0.134200 33 4629 0 12331380.951408 361752414.186450 0.002632 0.002853 10000
0.261 0.418 453.426700 0.153400 43 4730 0 14171909.218321 427528352.433503 0.002796 0.002843 10000
0.261 0.422 465.096600 0.176800 51 4815 0 16625064.792219 446352486.945354 0.002518 0.002948 10000
0.261 0.426 472.813100 0.156300 61 4905 0 22455547.802693 583279088.072827 0.003838 0.004328 10000
0.261 0.430 474.893700 0.160800 74 5005 0 48306216.741620 990325088.614810 0.003751 0.004010 10000
0.264 0.406 448.096800 0.136400 31 4584 0 16594371.502647 588506625.536266 0.003730 0.003454 10000
0.264 0.410 450.055400 0.136200 31 4691 0 10557309.305860 339204491.187297 0.002234 0.002419 10000
0.264 0.414 453.702700 0.131900 31 4763 0 11697131.884350 360306043.985240 0.002405 0.002884 10000
0.264 0.418 458.940900 0.159600 42 4861 0 13356365.326215 381050288.660717 0.002259 0.002511 10000
0.264 0.422 464.084700 0.160300 47 4963 0 18452729.358761 528437510.522201 0.002247 0.002659 10000
0.264 0.426 472.502400 0.172200 60 5049 0 21194977.780536 538164039.410376 0.002656 0.003209 10000
0.267 0.386 445.975000 0.111700 19 4267 0 838458.779719 59504719.830793 0.002787 0.002591 10000
0.267 0.390 445.612100 0.104100 20 4358 0 3064114.125071 239342874.509243 0.002609 0.002544 10000
0.267 0.394 447.172900 0.109200 20 4461 0 7350196.788623 414814914.480797 0.002659 0.002691 10000
0.267 0.398 450.090000 0.121000 24 4558 0 9640584.627906 445378939.376381 0.002525 0.002756 10000
0.267 0.402 448.982200 0.130900 26 4652 0 8168265.320681 345589627.649488 0.002640 0.002615 10000
0.267 0.406 452.118500 0.141300 30 4750 0 14630729.729498 514052959.054322 0.002827 0.002779 10000
0.267 0.410 453.348600 0.141600 33 4820 0 11767774.413098 386905810.653852 0.003713 0.003442 10000
0.267 0.414 456.415600 0.144200 38 4907 0 13078885.579264 416432676.430517 0.003710 0.003719 10000
0.267 0.418 460.938700 0.192000 45 4997 0 14074029.297822 434787241.673434 0.003700 0.003532 10000
0.267 0.422 466.987300 0.197100 49 5093 0 16718074.929909 479946744.962560 0.003738 0.003919 10000
0.267 0.426 469.293300 0.156900 56 5182 0 24269073.411889 642936909.539542 0.003728 0.003770 10000
0.267 0.430 474.202300 0.158900 65 5269 0 34016591.833267 818487907.421980 0.003722 0.003784 10000
0.267 0.434 481.459500 0.167700 78 5355 0 60012903.573863 1099594212.190123 0.003739 0.003892 10000
0.267 0.438 486.597300 0.199400 91 5426 0 58258612.059853 965850018.335464 0.003750 0.003696 10000
0.270 0.398 451.757100 0.137600 24 4698 0 7771208.228833 401464635.278650 0.002772 0.002651 10000
0.270 0.402 458.573600 0.143300 32 4788 0 7486570.293431 299477811.928777 0.002818 0.002719 10000
0.270 0.406 457.605300 0.146300 31 4886 0 17759961.434641 652444513.914712 0.002807 0.002918 10000
0.270 0.410 457.763400 0.188100 38 4957 0 13401410.705851 456410959.455423 0.002637 0.002551 10000
0.270 0.414 460.515800 0.209300 44 5051 0 12880977.923737 407839213.125147 0.002812 0.002955 10000
0.270 0.418 461.079800 0.192200 45 5121 0 16254467.225256 532822833.359317 0.002761 0.002690 10000
0.273 0.374 456.711700 0.117500 18 4289 0 1929912.244699 140692040.940778 0.002738 0.002831 10000
0.273 0.378 458.785700 0.129800 22 4382 0 1385872.048802 99552592.453419 0.002834 0.002690 10000
0.273 0.382 460.214800 0.118100 18 4473 0 1101370.286712 78505160.410495 0.002919 0.003176 10000
0.273 0.386 457.873000 0.100400 19 4569 0 911692.214379 64751814.517400 0.002723 0.002878 10000
0.273 0.390 455.012200 0.093900 19 4666 0 780222.941318 55119956.936742 0.002672 0.002643 10000
0.273 0.394 454.715000 0.133200 22 4743 0 2254776.910049 162407316.396934 0.002831 0.002838 10000
0.273 0.398 458.366500 0.131600 24 4832 0 5069697.448648 266954471.801591 0.003819 0.003791 10000
0.273 0.402 461.167400 0.137200 31 4924 0 7395376.263857 331970280.402019 0.003790 0.003565 10000
0.273 0.406 458.973200 0.166800 33 5021 0 12466977.296957 485906530.186819 0.003775 0.003336 10000
0.273 0.410 463.764000 0.193600 40 5112 0 15742207.030075 565192764.123846 0.003795 0.003694 10000
0.273 0.414 465.223700 0.194800 42 5179 0 10288032.088827 329676712.794519 0.004177 0.003894 10000
0.273 0.418 461.433800 0.185300 38 5254 0 10887037.080991 326931876.021334 0.004205 0.004201 10000
0.273 0.422 464.581900 0.145600 43 5355 0 14972262.612433 467655390.797026 0.004212 0.004153 10000
0.273 0.426 474.553200 0.155300 49 5436 0 17045837.977298 460441380.334370 0.004284 0.004842 10000
0.276 0.378 463.017700 0.125900 21 4524 0 1506356.687610 108431278.839932 0.002922 0.002712 10000
0.276 0.382 461.168800 0.105900 18 4603 0 1165395.333545 83198928.924940 0.002920 0.002881 10000
0.276 0.386 465.316600 0.110100 19 4720 0 954635.705449 67869486.774406 0.002788 0.003113 10000
0.276 0.390 462.275600 0.145500 23 4819 0 809405.701686 57408669.392197 0.002738 0.002829 10000
0.276 0.394 457.646600 0.147400 22 4896 0 2521496.427276 188275703.730074 0.002825 0.002676 10000
0.276 0.398 464.572000 0.153400 26 4989 0 5598592.749894 301194902.027399 0.002758 0.003075 10000
0.276 0.402 464.885000 0.173400 30 5077 0 8914269.715461 423081812.419951 0.004242 0.004152 10000
0.276 0.406 472.673800 0.193300 38 5171 0 7728397.996677 315203096.897616 0.004254 0.004371 10000
0.276 0.410 466.968500 0.217500 37 5251 0 13611269.990638 481562480.600212 0.004245 0.004264 10000
0.276 0.414 460.005600 0.159700 34 5321 0 11312899.764729 375605529.717471 0.004214 0.004145 10000
0.276 0.418 460.861500 0.158700 38 5384 0 11964095.212450 368009867.943025 0.004212 0.003947 10000
0.276 0.422 468.794300 0.151100 42 5484 0 13056511.415707 392922661.596074 0.004274 0.004549 10000
0.276 0.426 474.667200 0.155200 44 5561 0 18547963.345322 523114999.016370 0.004187 0.004660 10000
0.276 0.430 484.158100 0.180900 59 5679 0 22088355.069208 574079375.860198 0.004164 0.004516 10000
0.279 0.366 466.211900 0.096100 16 4448 0 2102760.893356 210265518.577401 0.002757 0.002922 10000
0.279 0.370 467.963100 0.101000 21 4523 0 1204299.886250 119398433.932813 0.004416 0.003917 10000
0.279 0.374 464.320800 0.097600 16 4595 0 2460706.705212 182919927.828327 0.004454 0.004120 10000
0.279 0.378 461.608900 0.086800 16 4681 0 1632596.024290 117953741.130087 0.003874 0.003632 10000
0.279 0.382 464.386200 0.081700 19 4766 0 1241460.830340 88853177.667401 0.003930 0.003734 10000
0.279 0.386 464.350000 0.108900 20 4866 0 1002118.319058 71375213.099755 0.003861 0.003618 10000
0.279 0.390 464.987200 0.130200 20 4959 0 842477.441131 59845182.526177 0.004183 0.004063 10000
0.279 0.394 460.895200 0.127500 20 5060 0 2916685.607268 224709485.806159 0.004142 0.003864 10000
0.279 0.398 464.540600 0.151600 26 5137 0 6373078.467186 346999498.008797 0.004143 0.004061 10000
0.279 0.402 467.958800 0.157500 31 5250 0 6576382.763579 334092124.448672 0.004122 0.004018 10000
0.279 0.406 471.037100 0.180100 35 5318 0 8791800.066904 384001795.919613 0.004131 0.003930 10000
0.279 0.410 465.264400 0.153600 32 5381 0 16304818.090213 606592470.178275 0.004126 0.004073 10000
0.279 0.414 465.134200 0.137700 35 5466 0 12811143.723778 440822426.235783 0.004136 0.003988 10000
0.279 0.418 463.350200 0.122800 35 5551 0 13439626.738919 425824561.163679 0.004111 0.003651 10000
0.282 0.366 468.640800 0.084800 12 4591 0 2648105.139221 264797216.635504 0.003962 0.003613 10000
0.282 0.370 468.053700 0.094700 17 4672 0 1350182.147096 135011170.605769 0.003915 0.003284 10000
0.282 0.374 464.823800 0.088400 16 4759 0 2874852.117743 216867132.667098 0.003895 0.003411 10000
0.282 0.378 465.191700 0.090000 16 4857 0 1792142.680963 130230801.850854 0.003901 0.003737 10000
0.282 0.382 465.168500 0.111500 19 4934 0 1316824.663892 94420209.917009 0.003869 0.003275 10000
0.282 0.386 466.125800 0.118700 18 5028 0 1057872.893059 75392698.635863 0.003933 0.003735 10000
0.285 0.366 473.625000 0.082400 12 4747 0 3593287.274932 359310704.431623 0.004045 0.003657 10000
0.285 0.370 468.628500 0.090600 15 4830 0 1554043.739191 155396546.974919 0.003964 0.003194 10000
0.285 0.374 473.956200 0.089100 16 4931 0 3489977.614818 268799516.691755 0.004031 0.003778 10000
0.285 0.378 477.815700 0.090100 18 5005 0 1980668.690218 144862199.163743 0.004070 0.004313 10000
0.285 0.382 473.353300 0.117400 20 5093 0 1422147.566305 102196928.999052 0.003985 0.003726 10000
0.285 0.386 473.543000 0.137000 21 5197 0 1113900.412955 79541019.063770 0.003970 0.003835 10000
0.288 0.354 482.806200 0.068700 15 4616 0 0.555974 0.015099 0.004103 0.003614 10000
0.288 0.358 482.661700 0.073300 15 4726 0 0.557071 0.015947 0.004098 0.003669 10000
0.288 0.362 475.712700 0.057800 10 4828 0 0.558280 0.021056 0.004098 0.003690 10000
0.288 0.366 475.527700 0.071400 11 4895 0 2351.483375 235080.652727 0.004187 0.003977 10000
0.288 0.370 477.388600 0.076700 17 4990 0 1831283.137213 183119101.012071 0.004027 0.003640 10000
0.288 0.374 480.961700 0.078100 13 5086 0 4521557.151424 359498520.510684 0.004117 0.004155 10000
0.291 0.354 485.630000 0.069500 11 4778 0 0.553564 0.014874 0.004159 0.003534 10000
0.291 0.358 485.748200 0.060200 12 4894 0 0.554648 0.015555 0.004176 0.003614 10000
0.291 0.362 484.360600 0.064900 12 4990 0 0.555807 0.018012 0.004138 0.003857 10000
0.291 0.366 483.334600 0.075600 17 5067 0 1.098629 54.174714 0.004083 0.003584 10000
0.291 0.370 483.783700 0.069700 13 5176 0 2238729.911447 223861741.408837 0.004130 0.003910 10000
0.291 0.374 481.299000 0.071500 16 5275 0 1229114.185658 122840190.627336 0.004072 0.003520 10000
0.294 0.338 498.783100 0.065400 11 4568 0 0.547247 0.013293 0.004305 0.003885 10000
0.294 0.342 497.382500 0.058400 9 4665 0 0.548192 0.013592 0.004299 0.003927 10000
0.294 0.346 497.396600 0.055200 10 4773 0 0.549168 0.013908 0.004322 0.003981 10000
0.294 0.350 496.275200 0.056700 10 4873 0 0.550163 0.014253 0.004277 0.003986 10000
0.294 0.354 494.601600 0.048100 11 4954 0 0.551194 0.014662 0.004254 0.003904 10000
0.294 0.358 490.645900 0.060400 11 5041 0 0.552269 0.015239 0.003236 0.003121 10000
0.297 0.334 506.368500 0.089500 11 4660 0 0.544034 0.012857 0.003400 0.003125 10000
0.297 0.338 506.033200 0.055100 9 4751 0 0.544950 0.013140 0.003158 0.003195 10000
0.297 0.342 503.232300 0.053300 10 4848 0 0.545885 0.013428 0.003064 0.003005 10000
0.297 0.346 504.835600 0.057300 13 4932 0 0.546847 0.013740 0.003304 0.003076 10000
0.297 0.350 494.463000 0.048700 9 5011 0 0.547839 0.014079 0.002599 0.002455 10000
0.297 0.354 495.387500 0.068200 10 5101 0 0.548860 0.014466 0.002749 0.002694 10000
0.300 0.318 513.755300 0.057900 9 4434 0 0.538383 0.011693 0.002744 0.002467 10000
0.300 0.322 517.930700 0.057100 12 4540 0 0.539201 0.011933 0.002891 0.002798 10000
0.300 0.326 513.686000 0.072900 13 4636 0 0.540036 0.012186 0.003269 0.002777 10000
0.300 0.330 514.312500 0.081400 12 4754 0 0.540892 0.012445 0.003181 0.003006 10000
0.300 0.334 512.355900 0.058800 12 4840 0 0.541777 0.012707 0.003275 0.002990 10000
0.300 0.338 507.849300 0.066400 14 4939 0 0.542682 0.012978 0.003330 0.002975 10000
0.300 0.342 509.248800 0.082800 13 5039 0 0.543611 0.013278 0.004698 0.004360 10000
0.300 0.346 507.544400 0.067300 11 5112 0 0.544565 0.013581 0.004699 0.004552 10000
0.300 0.350 508.976500 0.089100 15 5200 0 0.545545 0.013907 0.004674 0.004441 10000
0.300 0.354 501.776500 0.088400 16 5279 0 0.546559 0.014273 0.004595 0.004076 10000
0.300 0.358 499.583100 0.075400 13 5373 0 0.547606 0.014735 0.004591 0.004070 10000
0.300 0.362 500.162500 0.104100 16 5461 0 0.548687 0.015547 0.004550 0.004147 10000
0.300 0.366 503.610200 0.135500 21 5559 0 0.549855 0.019576 0.004559 0.004284 10000
0.300 0.370 498.223100 0.120700 19 5641 0 197.733052 19717.231825 0.004489 0.003766 10000
0.303 0.322 524.813600 0.064900 12 4746 0 0.537000 0.011800 0.002751 0.002668 10000
0.303 0.326 521.851200 0.077400 11 4846 0 0.537831 0.012047 0.002929 0.002842 10000
0.303 0.330 518.112800 0.075500 12 4923 0 0.538683 0.012302 0.002725 0.002595 10000
0.303 0.334 522.960400 0.054000 16 5031 0 0.539557 0.012559 0.002843 0.002878 10000
0.303 0.338 517.640100 0.083800 16 5129 0 0.540454 0.012832 0.002920 0.002631 10000
0.303 0.342 516.715500 0.069100 15 5221 0 0.541372 0.013118 0.002817 0.002821 10000
0.306 0.306 538.747900 0.062700 12 4521 0 0.531727 0.010761 0.002944 0.002719 10000
0.306 0.310 533.564100 0.048900 10 4638 0 0.532471 0.010980 0.002920 0.002737 10000
0.306 0.314 533.888900 0.051000 14 4758 0 0.533241 0.011203 0.003048 0.002742 10000
0.306 0.318 528.761000 0.057300 9 4853 0 0.534027 0.011429 0.003050 0.002873 10000
0.306 0.322 524.960900 0.059900 7 4927 0 0.534831 0.011667 0.003095 0.002793 10000
0.306 0.326 527.544600 0.055000 12 5005 0 0.535654 0.011911 0.002902 0.002765 10000
0.309 0.302 548.076400 0.066700 11 4634 0 0.528891 0.010425 0.005509 0.004624 10000
0.309 0.306 548.877300 0.047000 9 4738 0 0.529612 0.010638 0.005439 0.005151 10000
0.309 0.310 543.527600 0.042300 11 4849 0 0.530351 0.010851 0.003391 0.003124 10000
0.309 0.314 537.079000 0.046800 7 4940 0 0.531118 0.011076 0.003188 0.003092 10000
0.309 0.318 537.878700 0.051000 11 5019 0 0.531894 0.011309 0.003180 0.003109 10000
0.309 0.322 526.603000 0.052000 8 5092 0 0.532697 0.011543 0.002912 0.002621 10000
0.312 0.290 567.038300 0.056200 10 4504 0 0.524770 0.009702 0.004951 0.004314 10000
0.312 0.294 564.903500 0.055900 11 4611 0 0.525434 0.009898 0.003606 0.003365 10000
0.312 0.298 556.348500 0.054200 9 4718 0 0.526116 0.010099 0.003557 0.003097 10000
0.312 0.302 549.484300 0.045700 9 4815 0 0.526817 0.010307 0.003536 0.003038 10000
0.312 0.306 548.172300 0.055800 11 4925 0 0.527532 0.010520 0.003559 0.003090 10000
0.312 0.310 543.386700 0.039000 9 5037 0 0.528272 0.010736 0.003330 0.002918 10000
0.315 0.290 575.671300 0.046400 10 4719 0 0.522737 0.009595 0.003574 0.003335 10000
0.315 0.294 569.074700 0.055600 10 4809 0 0.523400 0.009787 0.003547 0.003273 10000
0.315 0.298 562.802400 0.050700 9 4930 0 0.524076 0.009992 0.003485 0.003078 10000
0.315 0.302 559.024600 0.067700 12 5015 0 0.524772 0.010200 0.005045 0.004171 10000
0.315 0.306 552.045700 0.059700 11 5128 0 0.525487 0.010409 0.004976 0.003996 10000
0.315 0.310 547.926200 0.053300 13 5245 0 0.526218 0.010625 0.004938 0.004080 10000
0.318 0.278 586.393400 0.043900 7 4630 0 0.518861 0.008931 0.005364 0.004311 10000
0.318 0.282 584.309400 0.052700 10 4759 0 0.519468 0.009113 0.005314 0.004271 10000
0.318 0.286 577.637100 0.039900 8 4859 0 0.520096 0.009299 0.005263 0.004339 10000
0.318 0.290 573.836900 0.036300 5 4953 0 0.520738 0.009487 0.005231 0.004471 10000
0.318 0.294 573.038500 0.039500 7 5038 0 0.521393 0.009681 0.005220 0.004392 10000
0.318 0.298 573.369600 0.047600 12 5139 0 0.522065 0.009885 0.005175 0.004539 10000
0.321 0.270 604.316100 0.069700 13 4649 0 0.515745 0.008483 0.005486 0.004237 10000
0.321 0.274 597.904100 0.072200 12 4768 0 0.516319 0.008654 0.006287 0.004882 10000
0.321 0.278 592.448300 0.058400 9 4874 0 0.516908 0.008834 0.006107 0.004701 10000
0.321 0.282 591.932600 0.053300 10 4983 0 0.517520 0.009013 0.006103 0.005030 10000
0.321 0.286 587.866800 0.044900 7 5060 0 0.518137 0.009199 0.006080 0.005202 10000
0.321 0.290 585.043500 0.033500 10 5173 0 0.518778 0.009383 0.006029 0.005010 10000
0.324 0.258 634.087000 0.038100 9 4523 0 0.512197 0.007885 0.006591 0.005149 10000
0.324 0.262 630.639800 0.049400 8 4659 0 0.512724 0.008048 0.006593 0.005578 10000
0.324 0.266 623.023900 0.063000 10 4767 0 0.513269 0.008218 0.006452 0.005405 10000
0.324 0.270 607.652200 0.059000 8 4902 0 0.513829 0.008387 0.006286 0.004856 10000
0.324 0.274 609.411400 0.066900 9 4994 0 0.514399 0.008563 0.006530 0.005351 10000
0.324 0.278 607.031500 0.066100 14 5098 0 0.514988 0.008736 0.006228 0.004897 10000
0.327 0.254 646.522300 0.047800 6 4690 0 0.509804 0.007631 0.006764 0.005583 10000
0.327 0.258 642.816800 0.067800 10 4812 0 0.510318 0.007796 0.006702 0.005525 10000
0.327 0.262 635.399800 0.071100 10 4922 0 0.510846 0.007961 0.006609 0.005513 10000
0.327 0.266 623.975600 0.053100 7 5038 0 0.511385 0.008130 0.006492 0.005339 10000
0.327 0.270 618.939100 0.057300 6 5139 0 0.511946 0.008294 0.006464 0.005447 10000
0.327 0.274 616.159500 0.061600 11 5211 0 0.512515 0.008466 0.006347 0.004914 10000
0.330 0.254 656.657200 0.074000 11 4951 0 0.507960 0.007547 0.006821 0.005489 10000
0.330 0.258 649.426100 0.077700 13 5062 0 0.508470 0.007706 0.006733 0.005362 10000
0.330 0.262 647.463000 0.072900 11 5179 0 0.508996 0.007868 0.006746 0.005579 10000
0.330 0.266 637.441300 0.059000 10 5296 0 0.509533 0.008034 0.006610 0.005240 10000
0.330 0.270 630.881800 0.091100 12 5389 0 0.510088 0.008203 0.006497 0.005254 10000
0.330 0.274 625.472800 0.067400 12 5471 0 0.510656 0.008376 0.006449 0.005471 10000
0.333 0.236 697.700900 0.054000 9 4744 0 0.504005 0.006783 0.007309 0.005765 10000
0.333 0.240 693.111200 0.061500 14 4874 0 0.504463 0.006927 0.006995 0.005670 10000
0.333 0.244 695.543000 0.069100 20 4958 0 0.504933 0.007077 0.007185 0.005997 10000
0.333 0.248 679.650700 0.080700 16 5077 0 0.505413 0.007232 0.007031 0.005430 10000
0.333 0.252 671.779800 0.061200 12 5211 0 0.505903 0.007388 0.006972 0.005625 10000
0.333 0.256 663.578400 0.075500 12 5292 0 0.506409 0.007540 0.006871 0.005324 10000
0.336 0.220 745.420700 0.035700 11 4538 0 0.500554 0.006143 0.007835 0.006258 10000
0.336 0.224 734.160600 0.025500 10 4636 0 0.500957 0.006277 0.007710 0.006148 10000
0.336 0.228 723.917900 0.046300 9 4745 0 0.501378 0.006415 0.007649 0.005980 10000
0.336 0.232 720.219200 0.048100 12 4872 0 0.501806 0.006555 0.007536 0.006074 10000
0.336 0.236 706.902400 0.062500 10 5018 0 0.502244 0.006701 0.007404 0.005950 10000
0.336 0.240 698.454900 0.064100 11 5118 0 0.502696 0.006848 0.007329 0.005583 10000
0.339 0.208 786.304500 0.066300 18 4448 0 0.497688 0.005661 0.008233 0.006062 10000
0.339 0.212 785.474300 0.053500 15 4590 0 0.498055 0.005794 0.008260 0.006803 10000
0.339 0.216 769.675400 0.067300 14 4709 0 0.498438 0.005929 0.008089 0.006490 10000
0.339 0.220 762.742000 0.071600 19 4841 0 0.498828 0.006063 0.008808 0.007040 10000
0.339 0.224 739.985200 0.054400 11 4942 0 0.499233 0.006198 0.007755 0.005795 10000
0.339 0.228 731.518200 0.050500 11 5046 0 0.499652 0.006334 0.007659 0.005809 10000
0.342 0.196 833.326600 0.046900 14 4381 0 0.494958 0.005198 0.008811 0.006668 10000
0.342 0.200 815.518400 0.043600 8 4495 0 0.495293 0.005327 0.009270 0.006898 10000
0.342 0.204 804.697400 0.030600 8 4636 0 0.495641 0.005458 0.008544 0.006802 10000
0.342 0.208 791.604800 0.051000 14 4767 0 0.495997 0.005590 0.008323 0.006425 10000
0.342 0.212 789.161000 0.092400 20 4899 0 0.496366 0.005723 0.008231 0.006316 10000
0.342 0.216 777.501400 0.084600 16 5015 0 0.496750 0.005854 0.008147 0.006264 10000
0.345 0.184 897.772100 0.020600 14 4304 0 0.492365 0.004768 0.009553 0.007403 10000
0.345 0.188 876.240700 0.025300 16 4472 0 0.492667 0.004890 0.009315 0.006783 10000
0.345 0.192 869.793000 0.080200 20 4599 0 0.492981 0.005014 0.009168 0.007003 10000
0.345 0.196 848.991800 0.064900 8 4722 0 0.493307 0.005134 0.009069 0.007145 10000
0.345 0.200 849.848300 0.088600 23 4821 0 0.493645 0.005258 0.008906 0.007272 10000
0.345 0.204 826.987100 0.081800 23 4949 0 0.493990 0.005387 0.008632 0.006565 10000
0.345 0.208 808.293100 0.066900 12 5059 0 0.494348 0.005524 0.007276 0.005373 10000
0.345 0.212 796.957000 0.037900 10 5171 0 0.494716 0.005654 0.007192 0.005475 10000
0.345 0.216 790.277500 0.042900 12 5306 0 0.495095 0.005785 0.007140 0.005589 10000
0.345 0.220 783.051100 0.052800 10 5420 0 0.495485 0.005916 0.007045 0.005463 10000
0.345 0.224 773.286700 0.060400 14 5516 0 0.495890 0.006049 0.006943 0.005301 10000
0.345 0.228 769.831200 0.091000 19 5628 0 0.496302 0.006189 0.007518 0.006042 10000
0.345 0.232 758.461200 0.090300 14 5711 0 0.496728 0.006319 0.007441 0.006019 10000
0.345 0.236 754.135300 0.105700 20 5823 0 0.497159 0.006466 0.007485 0.006234 10000
0.348 0.168 978.120100 0.051900 18 4095 0 0.489649 0.004239 0.010436 0.007654 10000
0.348 0.172 959.624800 0.027700 14 4218 0 0.489913 0.004354 0.010754 0.007863 10000
0.348 0.176 947.320300 0.021500 17 4366 0 0.490185 0.004470 0.010098 0.007491 10000
0.348 0.180 935.034600 0.030200 23 4510 0 0.490466 0.004588 0.009877 0.007317 10000
0.348 0.184 921.775100 0.060700 22 4664 0 0.490754 0.004711 0.009768 0.007437 10000
0.348 0.188 907.622800 0.063500 23 4790 0 0.491058 0.004828 0.009560 0.007340 10000
0.348 0.192 881.859100 0.069800 13 4918 0 0.491371 0.004950 0.008748 0.006915 10000
0.348 0.196 867.151500 0.071700 13 5027 0 0.491697 0.005070 0.008123 0.006320 10000
0.348 0.200 859.581900 0.056400 17 5155 0 0.492036 0.005194 0.007965 0.006399 10000
0.348 0.204 835.935600 0.059300 14 5265 0 0.492381 0.005323 0.007736 0.005702 10000
0.348 0.208 831.773100 0.059400 19 5382 0 0.492737 0.005453 0.007667 0.005853 10000
0.348 0.212 818.106900 0.061100 13 5495 0 0.493103 0.005584 0.007599 0.005827 10000
0.348 0.216 806.697500 0.078400 16 5613 0 0.493483 0.005713 0.007416 0.005521 10000
0.348 0.220 801.870700 0.082400 13 5719 0 0.493872 0.005846 0.007448 0.006159 10000
0.351 0.164 1012.417700 0.048300 17 4332 0 0.487830 0.004068 0.010868 0.007613 10000
0.351 0.168 998.309700 0.054300 16 4482 0 0.488080 0.004179 0.010522 0.007614 10000
0.351 0.172 994.014200 0.048700 23 4632 0 0.488343 0.004293 0.010546 0.007878 10000
0.351 0.176 969.225500 0.092300 18 4755 0 0.488611 0.004413 0.010588 0.007905 10000
0.351 0.180 947.679500 0.082100 14 4881 0 0.488890 0.004532 0.010082 0.007399 10000
0.351 0.184 935.985400 0.083100 24 5027 0 0.489184 0.004652 0.008765 0.006571 10000
0.354 0.144 1158.311900 0.075900 19 4048 0 0.485200 0.003465 0.011147 0.008071 10000
0.354 0.148 1127.417900 0.040500 21 4237 0 0.485400 0.003571 0.007914 0.005935 10000
0.354 0.152 1108.892100 0.047400 23 4389 0 0.485612 0.003678 0.007361 0.005438 10000
0.354 0.156 1100.435500 0.059700 25 4504 0 0.485835 0.003790 0.007715 0.005931 10000
0.354 0.160 1081.959000 0.088800 27 4616 0 0.486070 0.003899 0.007617 0.005860 10000
0.354 0.164 1043.416700 0.070800 23 4764 0 0.486308 0.004012 0.012395 0.009503 10000
