# mu sigma av_time av_div samples_div samples_multiple_eq samples_with_deaths av_m std_m  runtime_conv(s)  std_runtime_conv(s)  nsamples
0.000 0.392 2056.615500 54.463300 3777 3960 0 901517864.769227 1981654650.090101 0.060187 0.073064 10000
0.000 0.396 2151.416000 62.419200 4181 4362 0 957093503.351960 2001092997.250960 0.061579 0.072141 10000
0.000 0.400 2226.893200 70.668600 4574 4759 0 1076628217.387384 2140565478.940089 0.036591 0.042775 10000
0.000 0.404 2278.790700 79.318900 4964 5155 0 1132309808.220770 2129055086.461145 0.048584 0.057011 10000
0.000 0.408 2313.842200 88.964300 5347 5535 0 1201231571.717257 2143338911.146610 0.048910 0.056802 10000
0.000 0.412 2341.782400 99.063900 5768 5963 0 1288321854.826696 2223505460.836714 0.050361 0.057980 10000
0.003 0.396 2102.169300 54.954500 4002 4196 0 917520933.052922 1948125930.653559 0.039638 0.047892 10000
0.003 0.400 2187.116600 62.906300 4381 4577 0 994731166.863589 2021599237.638002 0.042472 0.051134 10000
0.003 0.404 2239.677300 70.956500 4762 4961 0 1096415147.492043 2106568932.602578 0.035065 0.041333 10000
0.003 0.408 2287.764100 79.784300 5163 5365 0 1172652912.589152 2168947565.799299 0.045128 0.051692 10000
0.003 0.412 2330.533200 88.918000 5573 5788 0 1229004536.942297 2147768977.586986 0.046348 0.052665 10000
0.003 0.416 2333.532800 99.357300 5961 6187 0 1281279158.782115 2152712391.731378 0.046129 0.051474 10000
0.006 0.396 2046.822300 49.031800 3784 3998 0 888441491.758210 1931667882.884522 0.038110 0.048432 10000
0.006 0.400 2139.568000 55.846400 4193 4406 0 952291466.609633 1983278904.298286 0.039253 0.047180 10000
0.006 0.404 2210.468500 63.371800 4579 4793 0 1065614235.331717 2119186394.531399 0.065003 0.074890 10000
0.006 0.408 2261.445400 71.621400 4970 5188 0 1121163140.877616 2110484185.395569 0.068418 0.077325 10000
0.006 0.412 2304.522300 80.113800 5356 5585 0 1192254358.761273 2147224432.974825 0.073038 0.083335 10000
0.006 0.416 2331.838800 89.705600 5772 6008 0 1250840054.133905 2140059685.772221 0.074303 0.082797 10000
0.009 0.396 1990.324100 44.256100 3626 3849 0 849114331.959775 1895701785.323654 0.057342 0.068540 10000
0.009 0.400 2090.540100 49.838800 4016 4241 0 910624341.881727 1941392107.333488 0.036355 0.044171 10000
0.009 0.404 2174.655400 57.010000 4393 4627 0 984805395.080109 1996267900.908067 0.038287 0.046186 10000
0.009 0.408 2227.202200 64.600800 4782 5017 0 1084449335.065494 2089591537.638720 0.040060 0.046687 10000
0.009 0.412 2273.020900 72.434700 5162 5407 0 1152510159.275231 2134806468.456870 0.039538 0.045953 10000
0.009 0.416 2317.091400 81.037500 5583 5836 0 1207038585.434165 2110303032.082668 0.049052 0.056436 10000
0.012 0.401 2064.609500 45.924800 3929 4175 0 891705166.568316 1899070376.953070 0.034193 0.042082 10000
0.012 0.405 2150.206900 52.504400 4296 4546 0 961539682.036358 1978549041.909955 0.035526 0.043223 10000
0.012 0.409 2206.411800 59.274100 4693 4950 0 1057307743.027785 2060649952.042681 0.041090 0.048212 10000
0.012 0.413 2255.161700 66.641100 5069 5338 0 1123754798.125762 2082805686.229462 0.042694 0.049819 10000
0.012 0.417 2302.320800 74.773800 5473 5742 0 1180581891.154404 2089702611.995291 0.073083 0.083580 10000
0.012 0.421 2319.907800 83.590500 5871 6156 0 1247815668.086186 2117656164.979265 0.074419 0.081022 10000
0.015 0.400 1982.557000 40.107100 3639 3887 0 852423874.949722 1906913876.602261 0.058165 0.071671 10000
0.015 0.404 2080.883400 45.437300 4043 4307 0 898662202.636095 1896792226.101592 0.059624 0.070496 10000
0.015 0.408 2158.799500 51.539100 4412 4690 0 976422048.630639 1977150799.335415 0.040348 0.048086 10000
0.015 0.412 2209.468500 58.431600 4795 5077 0 1066062200.529988 2042929730.924778 0.034958 0.040613 10000
0.015 0.416 2261.876100 65.649500 5173 5461 0 1138850910.240274 2103843612.164667 0.047139 0.054823 10000
0.015 0.420 2305.071500 73.563800 5592 5885 0 1188921095.575202 2086775125.698237 0.040089 0.046207 10000
0.018 0.401 1955.370900 36.899300 3577 3846 0 834036360.164035 1876841263.273802 0.034548 0.042522 10000
0.018 0.405 2052.872800 42.188100 3952 4239 0 891126334.758701 1909840894.374688 0.036342 0.044878 10000
0.018 0.409 2134.833300 47.689600 4322 4624 0 954553200.451740 1961710909.118058 0.039311 0.047730 10000
0.018 0.413 2193.561900 53.992700 4700 5004 0 1055575006.653077 2064119929.341268 0.042439 0.050185 10000
0.018 0.417 2246.252600 60.850200 5088 5396 0 1115356051.564987 2077619339.174203 0.042137 0.048972 10000
0.018 0.421 2289.907400 68.507600 5481 5802 0 1162981428.671877 2069615468.369126 0.072960 0.083719 10000
0.021 0.404 1974.577300 36.533500 3677 3971 0 847375906.492438 1884288530.949738 0.057822 0.070627 10000
0.021 0.408 2065.771600 41.503600 4061 4371 0 889003333.126235 1859937408.530830 0.059452 0.070180 10000
0.021 0.412 2150.030700 46.846400 4433 4756 0 972327820.912543 1973347877.792044 0.062934 0.073363 10000
0.021 0.416 2199.938400 53.338400 4796 5130 0 1040754686.728615 1991326463.734287 0.067011 0.077069 10000
0.021 0.420 2251.872000 60.147700 5190 5539 0 1122599188.198157 2066692955.162236 0.042979 0.050001 10000
0.021 0.424 2291.410300 67.554100 5592 5941 0 1177203401.784779 2068266429.622247 0.050580 0.058501 10000
0.024 0.404 1929.549800 32.442900 3521 3836 0 819619015.687780 1882258557.054252 0.029365 0.036562 10000
0.024 0.408 2018.978300 36.932900 3887 4221 0 866656227.630526 1866503611.129163 0.031503 0.038808 10000
0.024 0.412 2105.692200 41.712800 4243 4605 0 925380614.184210 1906892021.536637 0.037881 0.046964 10000
0.024 0.416 2170.252900 47.259100 4624 4991 0 1012711973.742028 1989268484.099720 0.040041 0.047762 10000
0.024 0.420 2225.445500 53.478600 5011 5384 0 1083922282.444820 2043026160.740797 0.068213 0.077609 10000
0.024 0.424 2268.671000 60.418300 5393 5773 0 1139727554.460167 2056749109.320143 0.071175 0.080511 10000
0.027 0.406 1927.621700 30.440600 3540 3895 0 816245468.658479 1862431568.913864 0.033331 0.041398 10000
0.027 0.410 2012.250000 34.854300 3897 4271 0 861072406.453098 1851693725.356472 0.035741 0.044295 10000
0.027 0.414 2104.082000 39.888200 4258 4643 0 921842633.391708 1879494088.064325 0.062272 0.074635 10000
0.027 0.418 2167.045400 45.147100 4645 5036 0 1004521031.249030 1984342196.366080 0.063777 0.072198 10000
0.027 0.422 2220.047600 51.097600 5018 5427 0 1085774318.047279 2061018418.465488 0.041758 0.048795 10000
0.027 0.426 2261.813200 57.743600 5405 5817 0 1124515053.007496 2010922523.006442 0.038339 0.044310 10000
0.030 0.414 2055.598100 35.674100 4103 4510 0 887335265.485492 1867652998.207155 0.041900 0.049470 10000
0.030 0.418 2136.001600 40.308300 4475 4894 0 956816670.342966 1917132044.000417 0.044075 0.052467 10000
0.030 0.422 2192.384300 45.921800 4832 5274 0 1023943957.742450 1969687000.600785 0.045428 0.054707 10000
0.033 0.409 1904.805900 26.669400 3493 3903 0 789316277.560063 1796899167.519648 0.037930 0.047323 10000
0.033 0.413 1987.803000 30.621200 3840 4264 0 852446006.394008 1871431861.545263 0.035203 0.043256 10000
0.033 0.417 2071.348300 35.074900 4191 4641 0 891535397.305251 1835228834.993570 0.037392 0.045383 10000
0.033 0.421 2142.721300 40.040600 4576 5043 0 974216080.327877 1943230494.399625 0.066648 0.076039 10000
0.033 0.425 2200.819700 45.484200 4943 5433 0 1041216861.060980 1986277576.367124 0.067449 0.077064 10000
0.033 0.429 2242.840400 51.280500 5333 5812 0 1090890741.998778 1959755267.141218 0.070215 0.078527 10000
0.036 0.412 1924.855300 26.107700 3601 4048 0 815504921.529504 1838230688.045472 0.055479 0.065539 10000
0.036 0.416 2008.150400 30.127600 3946 4422 0 854181701.822957 1829490652.494502 0.058395 0.069235 10000
0.036 0.420 2090.634800 34.261400 4292 4789 0 911033355.041486 1850634491.886071 0.038243 0.047849 10000
0.036 0.424 2151.470800 39.291100 4673 5192 0 989592222.220854 1950271969.444523 0.039822 0.047268 10000
0.036 0.428 2202.992900 44.694400 5041 5559 0 1074962530.486126 2030301130.617106 0.043482 0.051088 10000
0.036 0.432 2242.553400 50.874600 5428 5947 0 1110472533.616113 1976541521.098325 0.043309 0.050381 10000
0.039 0.405 1767.406900 18.609100 2923 3345 0 649628400.084367 1682388649.219142 0.028784 0.036836 10000
0.039 0.409 1839.719500 21.366300 3218 3676 0 738958552.457016 1779845841.481697 0.030525 0.037929 10000
0.039 0.413 1905.640500 24.536100 3536 4022 0 796814067.149990 1807641493.167618 0.032621 0.040587 10000
0.039 0.417 1986.028400 27.984600 3866 4382 0 844749320.449646 1844584469.956482 0.035262 0.043854 10000
0.039 0.421 2065.069700 31.904800 4214 4747 0 884788807.569053 1810480029.145007 0.038082 0.047016 10000
0.039 0.425 2135.532700 36.582000 4607 5155 0 965567832.616578 1917900403.446813 0.040216 0.047089 10000
0.042 0.412 1855.750900 21.576600 3312 3815 0 753691294.692703 1766249887.006196 0.033469 0.041449 10000
0.042 0.416 1924.007100 24.506100 3634 4175 0 813319243.619712 1839063705.015873 0.035760 0.043945 10000
0.042 0.420 2003.236400 27.951900 3971 4532 0 849865577.291973 1817851675.286655 0.037871 0.046219 10000
0.042 0.424 2086.938900 31.838900 4345 4921 0 902222221.075771 1827201743.588533 0.037411 0.045439 10000
0.042 0.428 2142.926100 36.526500 4699 5298 0 975589823.862261 1914868871.573593 0.039376 0.046971 10000
0.042 0.432 2190.264700 41.350300 5061 5670 0 1054583453.229547 1983236826.998379 0.042358 0.050323 10000
0.045 0.416 1890.505000 21.952400 3488 4070 0 786034434.122347 1807769582.499377 0.031111 0.039121 10000
0.045 0.420 1958.471800 25.215600 3817 4416 0 818618775.315129 1775813993.658831 0.029967 0.036771 10000
0.045 0.424 2037.935700 29.061700 4157 4772 0 878457956.546237 1826253720.294764 0.035014 0.042589 10000
0.045 0.428 2115.082300 33.097600 4544 5175 0 931477422.715929 1853788978.496269 0.038609 0.046246 10000
0.045 0.432 2169.431700 37.502500 4902 5545 0 1020667425.487893 1959328312.247933 0.042975 0.050008 10000
0.045 0.436 2207.253200 43.009300 5263 5920 0 1070518582.386002 1956880533.321495 0.043701 0.051613 10000
0.048 0.416 1857.462100 19.837000 3344 3945 0 752821080.290680 1752595967.301601 0.052795 0.064803 10000
0.048 0.420 1920.627900 22.856400 3676 4318 0 806283415.450972 1797692633.603545 0.054996 0.065406 10000
0.048 0.424 1999.646100 26.040300 4003 4670 0 851868385.232215 1840737650.699000 0.059064 0.071127 10000
0.048 0.428 2079.608700 29.664700 4383 5057 0 900058167.372014 1810748500.961368 0.042824 0.051433 10000
0.048 0.432 2138.049800 34.189200 4731 5422 0 958192277.407061 1869495045.467633 0.036229 0.042984 10000
0.048 0.436 2179.165300 38.646200 5088 5791 0 1043057969.147060 1956921212.806443 0.068293 0.077520 10000
0.051 0.416 1828.037700 18.014700 3221 3870 0 718274415.915898 1736505533.190053 0.029402 0.036240 10000
0.051 0.420 1887.620800 20.571500 3527 4206 0 781574247.054538 1777523265.517140 0.029039 0.036430 10000
0.051 0.424 1949.066400 23.575400 3840 4556 0 812816916.372787 1751245911.855275 0.036878 0.044690 10000
0.051 0.428 2036.694300 26.760300 4197 4931 0 879191896.908541 1828638657.144083 0.035647 0.043620 10000
0.051 0.432 2111.041800 30.787400 4561 5299 0 929818254.000979 1857990915.814569 0.063522 0.076019 10000
0.051 0.436 2158.278600 34.984700 4928 5680 0 1013789564.996977 1936032702.967294 0.066821 0.075750 10000
0.054 0.418 1831.238700 17.514200 3236 3950 0 718820738.174700 1737378668.819441 0.051174 0.062854 10000
0.054 0.422 1886.746600 19.882900 3545 4293 0 783525366.949777 1782353546.362916 0.053983 0.065155 10000
0.054 0.426 1951.098500 22.897100 3855 4632 0 808448944.936318 1729259624.165534 0.057916 0.069429 10000
0.054 0.430 2037.002100 26.256400 4211 5010 0 877585925.571741 1831609931.473937 0.035442 0.044338 10000
0.054 0.434 2109.922400 29.987400 4590 5378 0 934177167.426056 1863586638.584161 0.038884 0.047091 10000
0.054 0.438 2151.769200 33.994200 4943 5734 0 1013387810.173398 1930032876.074361 0.042716 0.049720 10000
0.057 0.420 1833.340600 16.901000 3260 4040 0 720060184.283723 1722581567.245475 0.036793 0.046416 10000
0.057 0.424 1887.589300 19.271500 3560 4375 0 785263266.496866 1790793669.499297 0.029993 0.037886 10000
0.057 0.428 1947.616700 22.157400 3871 4700 0 809755446.341870 1729655187.325570 0.033723 0.041723 10000
0.057 0.432 2037.147600 25.352600 4234 5077 0 879315389.959023 1842052333.318398 0.034993 0.043673 10000
0.057 0.436 2106.869000 28.998900 4616 5459 0 929056259.645534 1832558963.529990 0.053163 0.060850 10000
0.057 0.440 2146.554400 33.032700 4958 5806 0 1005042391.471375 1908500271.356766 0.065850 0.074579 10000
0.060 0.420 1805.584800 15.125000 3141 3982 0 687976404.195954 1710818896.845981 0.026136 0.033038 10000
0.060 0.424 1860.326800 17.322900 3425 4289 0 757475368.300815 1779881538.502744 0.028393 0.035774 10000
0.060 0.428 1915.523300 19.837300 3744 4621 0 802847471.985239 1765946823.316038 0.031841 0.038547 10000
0.060 0.432 1995.244300 22.724700 4086 4978 0 832776652.750353 1748235020.823020 0.058952 0.069373 10000
0.060 0.436 2072.122800 26.444100 4436 5342 0 881698706.963458 1785838654.290137 0.033585 0.041267 10000
0.063 0.420 1780.530200 13.475000 3014 3897 0 649116926.264370 1662925173.416192 0.026689 0.034546 10000
0.063 0.424 1838.828400 15.737100 3319 4225 0 712306782.724461 1701948263.036575 0.029389 0.035784 10000
0.063 0.428 1887.267800 17.835700 3604 4540 0 790139717.265251 1800993457.172583 0.033494 0.041700 10000
0.063 0.432 1951.565100 20.676400 3914 4859 0 810054174.882524 1723368248.711852 0.032528 0.041012 10000
0.063 0.436 2033.585400 23.861300 4282 5238 0 867901614.035890 1816857263.905035 0.060372 0.071772 10000
0.063 0.440 2103.622000 27.395000 4645 5593 0 920960610.359252 1800087587.035856 0.062257 0.072202 10000
0.066 0.421 1764.173800 12.556600 2949 3883 0 633932653.154027 1643025627.063496 0.028214 0.036987 10000
0.066 0.425 1831.709300 14.709000 3257 4225 0 696098128.418623 1687132802.955464 0.027318 0.035104 10000
0.066 0.429 1871.346600 16.558600 3535 4526 0 775906594.274649 1770106355.359653 0.029382 0.037170 10000
0.066 0.433 1932.855000 19.221700 3856 4865 0 809427778.423567 1739219364.001272 0.031831 0.039764 10000
0.066 0.437 2014.329900 22.025900 4213 5231 0 846009602.448690 1742585282.984863 0.032107 0.039367 10000
0.066 0.441 2083.921000 25.468400 4562 5584 0 904221111.288991 1797315210.616341 0.035069 0.043084 10000
0.069 0.422 1748.183100 11.717300 2887 3878 0 621204960.019053 1639594786.187880 0.027948 0.036903 10000
0.069 0.426 1818.362200 13.594100 3208 4221 0 683551228.380841 1690109840.394411 0.028476 0.035735 10000
0.069 0.430 1864.185500 15.565600 3495 4537 0 770842826.889359 1803269565.697657 0.029182 0.035650 10000
0.069 0.434 1918.563500 18.033200 3799 4870 0 809979572.609427 1764751700.698607 0.031039 0.038588 10000
0.069 0.438 1997.369600 20.659700 4154 5235 0 823684559.118009 1704006658.378953 0.032809 0.039631 10000
0.069 0.442 2067.680800 24.049500 4507 5602 0 893288604.801530 1807694855.009551 0.033188 0.039965 10000
0.072 0.430 1851.928000 14.338400 3376 4489 0 720970602.343022 1702983480.488225 0.027642 0.034520 10000
0.072 0.434 1887.161100 16.246500 3659 4802 0 783798957.764548 1757274155.268616 0.030536 0.037868 10000
0.072 0.438 1955.140400 18.805100 3993 5150 0 811411034.454529 1726520944.646150 0.032364 0.039896 10000
0.075 0.426 1756.819800 11.239500 2943 4065 0 625833390.072666 1633487243.098964 0.026905 0.034904 10000
0.075 0.430 1827.838500 12.920700 3257 4434 0 677783333.943660 1650956444.443774 0.027494 0.034243 10000
0.075 0.434 1868.344200 14.744600 3537 4751 0 765867600.597272 1761601753.522739 0.031083 0.038245 10000
0.075 0.438 1922.802500 17.139700 3852 5082 0 797357045.569861 1731480166.911334 0.032184 0.039469 10000
0.075 0.442 1991.093100 19.680100 4190 5466 0 813687805.791840 1663444342.971154 0.037949 0.045567 10000
0.075 0.446 2065.118400 22.679600 4535 5790 0 891565940.850811 1812619869.923314 0.041241 0.050377 10000
0.078 0.424 1660.696900 9.241100 2654 3825 0 544472470.205238 1477297315.704564 0.027060 0.034303 10000
0.078 0.428 1765.525000 10.787900 2963 4174 0 617190081.637383 1588461577.958692 0.026711 0.035611 10000
0.078 0.432 1828.754500 12.708200 3271 4536 0 681608457.544387 1656349547.764364 0.028753 0.036061 10000
0.078 0.436 1872.100200 14.562000 3564 4843 0 767790609.280053 1755784949.324601 0.032805 0.040803 10000
0.078 0.440 1923.836500 16.941500 3867 5183 0 793911493.650435 1721551323.001931 0.033233 0.041382 10000
0.078 0.444 1994.136800 19.367900 4208 5556 0 809695551.383981 1651046986.947268 0.034248 0.041747 10000
0.081 0.424 1614.293500 8.197200 2520 3760 0 527812930.422031 1473053799.160915 0.024979 0.033005 10000
0.081 0.428 1719.536400 9.538900 2822 4095 0 590461324.062603 1558538921.623332 0.026067 0.034658 10000
0.081 0.432 1804.169200 11.393300 3156 4467 0 659555662.883720 1657320964.683661 0.028020 0.035697 10000
0.081 0.436 1853.998700 13.124700 3441 4790 0 723955044.523868 1688767748.170652 0.028777 0.036401 10000
0.081 0.440 1890.823100 15.294200 3739 5135 0 770634146.182468 1693655193.757863 0.032240 0.039133 10000
0.081 0.444 1956.222900 17.508800 4061 5475 0 807350169.867733 1697655082.063665 0.032989 0.040645 10000
0.084 0.424 1576.704100 7.481700 2419 3715 0 508715855.921930 1457289697.962128 0.029387 0.037403 10000
0.084 0.428 1674.071900 8.746000 2702 4051 0 554892206.912135 1485504964.102084 0.029177 0.037815 10000
0.084 0.432 1767.741600 10.240400 3009 4397 0 615385162.583782 1580747850.208394 0.028802 0.037848 10000
0.084 0.436 1828.224700 12.132900 3309 4748 0 680070414.441822 1633097782.953371 0.028019 0.035538 10000
0.084 0.440 1872.531400 13.789100 3611 5073 0 765626586.381687 1727176215.694541 0.031001 0.038152 10000
0.084 0.444 1924.442100 15.849000 3917 5415 0 793883404.598909 1714473308.658586 0.031984 0.039568 10000
0.087 0.420 1437.618100 5.784500 2057 3396 0 428449569.176834 1342020680.440160 0.042668 0.054620 10000
0.087 0.424 1532.029400 6.767200 2309 3693 0 486041383.469637 1435204025.771013 0.025010 0.032039 10000
0.087 0.428 1625.182800 7.893100 2566 3997 0 535263797.071811 1477904221.303509 0.026309 0.035014 10000
0.087 0.432 1726.804100 9.276900 2880 4345 0 589672046.305144 1553378956.101991 0.027493 0.035811 10000
0.087 0.436 1803.746100 10.950700 3201 4710 0 660748833.718897 1646733569.617427 0.026885 0.033661 10000
0.087 0.440 1857.934200 12.597100 3486 5027 0 729890713.521387 1709775934.180773 0.030806 0.038840 10000
0.090 0.424 1490.883900 6.197800 2211 3688 0 458658436.808644 1379668387.611746 0.024029 0.030260 10000
0.090 0.428 1581.965100 7.189800 2458 3978 0 507294602.394794 1434592975.291919 0.024070 0.031588 10000
0.090 0.432 1684.115700 8.533400 2752 4301 0 559149420.624921 1487527124.783754 0.026876 0.035041 10000
0.090 0.436 1773.763900 9.977100 3066 4645 0 616891164.267730 1571062823.951608 0.026645 0.034645 10000
0.090 0.440 1833.075700 11.696500 3357 4982 0 693892942.793892 1663705172.272728 0.029048 0.036856 10000
0.090 0.444 1876.627200 13.337700 3663 5300 0 756821454.382601 1707885345.698451 0.031639 0.038670 10000
0.093 0.428 1541.678500 6.541500 2347 3954 0 494834067.219777 1458081820.306050 0.024300 0.032264 10000
0.093 0.432 1636.079500 7.664100 2621 4251 0 535303292.091249 1458698569.401479 0.026484 0.034829 10000
0.093 0.436 1733.024200 9.006600 2923 4596 0 589926212.608858 1545618142.655178 0.026591 0.035388 10000
0.093 0.440 1806.578500 10.493400 3240 4961 0 657161297.018596 1613920040.767276 0.026842 0.033733 10000
0.093 0.444 1859.296100 12.065500 3532 5271 0 731225311.123916 1690273773.875713 0.029366 0.037828 10000
0.093 0.448 1900.009400 14.010600 3839 5601 0 768514721.513796 1683010978.008228 0.032549 0.039528 10000
0.096 0.428 1503.903800 6.019100 2258 3952 0 461621335.362803 1380017080.131420 0.022928 0.029014 10000
0.096 0.432 1591.971400 7.034700 2504 4238 0 514568338.458485 1430809201.701222 0.026442 0.034334 10000
0.096 0.436 1691.807000 8.237400 2804 4578 0 559765919.034273 1481874957.570574 0.025830 0.033526 10000
0.096 0.440 1778.299000 9.549600 3113 4930 0 617028345.722568 1554647388.446386 0.026529 0.033889 10000
0.096 0.444 1839.126200 11.227400 3403 5232 0 689596819.315428 1629327726.152521 0.029709 0.037356 10000
0.096 0.448 1877.032300 12.821400 3707 5549 0 749238907.304190 1681596831.142292 0.030371 0.037770 10000
0.099 0.428 1469.491800 5.535300 2159 3950 0 438198037.414240 1341767911.078019 0.024232 0.031180 10000
0.099 0.432 1555.989100 6.357900 2398 4212 0 497263844.641654 1447424650.274087 0.024148 0.031724 10000
0.099 0.436 1647.299600 7.461800 2672 4537 0 538600912.029247 1454292040.081547 0.027831 0.036431 10000
0.099 0.440 1746.896000 8.820500 2986 4898 0 588975472.204145 1515609522.336683 0.028749 0.037113 10000
0.099 0.444 1815.525900 10.219900 3289 5231 0 662967909.514770 1622906924.523494 0.027401 0.034714 10000
0.099 0.448 1862.142600 11.686000 3592 5536 0 729313040.935218 1674152513.191376 0.030864 0.038125 10000
0.102 0.428 1433.179500 4.952500 2068 3948 0 410293942.855925 1275523778.270729 0.023255 0.030256 10000
0.102 0.432 1513.654700 5.885300 2304 4208 0 459959200.511327 1358804157.753116 0.025667 0.031811 10000
0.102 0.436 1604.295500 6.740200 2554 4530 0 518129521.181639 1424770176.826125 0.026618 0.034377 10000
0.102 0.440 1704.831000 7.910700 2855 4859 0 563410995.375984 1473506726.812321 0.027678 0.035636 10000
0.102 0.444 1788.970400 9.326000 3162 5205 0 628375890.011514 1583374059.407808 0.026620 0.034024 10000
0.102 0.448 1842.485900 10.759600 3454 5505 0 700216783.315935 1648740048.490413 0.028054 0.035866 10000
0.105 0.428 1396.390300 4.470600 1959 3952 0 399723287.943932 1274297475.802503 0.024088 0.032474 10000
0.105 0.432 1485.877300 5.214500 2220 4259 0 439957568.374078 1316538546.760173 0.025099 0.031412 10000
0.105 0.436 1563.358300 6.062000 2444 4538 0 505203420.558995 1441842825.160667 0.025568 0.033317 10000
0.105 0.440 1661.247100 7.105800 2738 4856 0 533899820.014607 1425059756.887268 0.028326 0.036408 10000
0.105 0.444 1757.048700 8.453300 3033 5188 0 591801861.314067 1521444884.048967 0.048733 0.071302 10000
0.105 0.448 1821.696500 9.840500 3335 5490 0 665613245.466694 1612285987.084664 0.050162 0.071339 10000
0.108 0.424 1285.945800 3.564300 1683 3702 0 354100777.318175 1244156442.678115 0.020369 0.025731 10000
0.108 0.428 1362.161100 4.158700 1875 3960 0 392273064.150980 1271727479.496529 0.022909 0.030621 10000
0.108 0.432 1448.343500 4.852200 2111 4250 0 419448011.653141 1290379643.385659 0.022973 0.030185 10000
0.108 0.436 1528.599000 5.690600 2344 4538 0 469008171.444593 1358445314.102094 0.025632 0.032846 10000
0.108 0.440 1618.471800 6.550900 2600 4836 0 530725489.760099 1455758919.109639 0.027221 0.036283 10000
0.108 0.444 1717.156600 7.701000 2914 5181 0 560198284.156066 1449744042.338160 0.029037 0.036578 10000
0.111 0.424 1265.655500 3.339800 1615 3720 0 328132080.069641 1167372179.700321 0.020442 0.026126 10000
0.111 0.428 1329.053000 3.842400 1800 3991 0 380026123.606675 1256959161.001756 0.021431 0.027787 10000
0.111 0.432 1411.430700 4.426100 2022 4265 0 406176906.492082 1283138635.965303 0.023546 0.030466 10000
0.111 0.436 1497.704100 5.199500 2265 4579 0 447846859.500835 1332361923.433025 0.024360 0.030139 10000
0.111 0.440 1578.874700 6.035300 2491 4836 0 502930828.757423 1403156695.952146 0.027934 0.036266 10000
0.111 0.444 1675.492400 7.018300 2789 5165 0 533219747.419186 1403276771.843256 0.026970 0.035089 10000
0.114 0.428 1302.448400 3.554800 1727 4017 0 360913484.623883 1232550984.032865 0.021501 0.027125 10000
0.114 0.432 1378.473700 4.050100 1928 4309 0 395111284.016674 1270244172.090439 0.023393 0.030754 10000
0.114 0.436 1470.132800 4.786300 2185 4606 0 430576025.311817 1323158584.870503 0.022779 0.028350 10000
0.114 0.440 1541.918000 5.533800 2396 4861 0 476979829.049652 1362563526.812183 0.025906 0.032876 10000
0.114 0.444 1634.553600 6.436200 2666 5175 0 527174881.617003 1441168747.279078 0.026996 0.035757 10000
0.114 0.448 1732.203000 7.526400 2958 5485 0 560139815.120065 1437153419.221751 0.026730 0.034679 10000
0.117 0.428 1276.843700 3.261800 1658 4056 0 340520955.901011 1199301528.648100 0.021088 0.026360 10000
0.117 0.432 1343.728500 3.798400 1844 4319 0 385249063.095786 1263825978.595266 0.021588 0.028552 10000
0.117 0.436 1432.852900 4.326600 2079 4621 0 408499127.873622 1286049820.267673 0.022462 0.029249 10000
0.117 0.440 1511.285500 5.148400 2312 4907 0 460670424.474948 1352059257.593060 0.024611 0.030235 10000
0.117 0.444 1592.499700 5.936800 2548 5187 0 513575219.437991 1418634356.935140 0.026639 0.034835 10000
0.117 0.448 1692.431100 6.965100 2837 5480 0 537058655.632520 1412855407.936816 0.027564 0.036034 10000
0.120 0.424 1183.213100 2.494100 1410 3829 0 285342140.610986 1092445672.427242 0.019960 0.025661 10000
0.120 0.428 1254.029700 3.012700 1591 4112 0 318368115.390264 1148472514.970839 0.020985 0.026882 10000
0.120 0.432 1312.824700 3.456900 1768 4387 0 371249665.601836 1255956100.964377 0.023148 0.029219 10000
0.120 0.436 1404.297800 4.025700 1997 4676 0 396831738.945564 1272994534.461083 0.027450 0.035285 10000
0.120 0.440 1478.698700 4.780200 2228 4957 0 435856410.351756 1325760968.721625 0.024653 0.030179 10000
0.120 0.444 1558.713900 5.540600 2452 5203 0 480885196.472223 1357741112.208032 0.028905 0.037144 10000
0.123 0.424 1153.877900 2.331800 1337 3902 0 267753449.358683 1044406807.930823 0.022235 0.029395 10000
0.123 0.428 1228.662600 2.715000 1524 4191 0 297572291.947336 1091193268.263670 0.024406 0.031377 10000
0.123 0.432 1293.872200 3.215800 1699 4457 0 344803278.898628 1190798274.052288 0.025618 0.032765 10000
0.123 0.436 1376.394500 3.733700 1910 4723 0 381396141.003423 1220415006.612127 0.026840 0.035120 10000
0.123 0.440 1453.215300 4.468500 2136 4968 0 410022753.902708 1269549947.765804 0.027996 0.035726 10000
0.123 0.444 1523.079200 5.097300 2343 5220 0 471855641.843423 1364049792.353570 0.051192 0.075301 10000
0.126 0.428 1201.631800 2.509600 1446 4237 0 288766779.665031 1092016976.357979 0.040994 0.060712 10000
0.126 0.432 1274.406200 3.030000 1633 4524 0 329161049.725797 1165928236.214746 0.024003 0.030386 10000
0.126 0.436 1346.000700 3.493500 1816 4753 0 376358954.770826 1247705312.468156 0.035631 0.046369 10000
0.126 0.440 1426.008700 4.075600 2059 5022 0 398169785.458093 1251772935.186901 0.036633 0.044850 10000
0.126 0.444 1490.079800 4.676600 2266 5268 0 453408151.710619 1351207023.281589 0.038419 0.045329 10000
0.126 0.448 1574.363300 5.550300 2508 5555 0 484807181.472433 1349744060.665422 0.040897 0.050874 10000
0.129 0.424 1097.441100 1.987000 1221 4038 0 252665743.221270 1042914630.400161 0.029888 0.035498 10000
0.129 0.428 1179.778200 2.326300 1387 4304 0 280847767.381386 1086000526.398127 0.031127 0.038961 10000
0.129 0.432 1260.201300 2.734700 1581 4574 0 308136656.300555 1122654091.557219 0.032985 0.040213 10000
0.129 0.436 1319.983000 3.285500 1755 4822 0 354836932.689034 1215550859.403441 0.034512 0.041833 10000
0.129 0.440 1401.656100 3.740500 1978 5094 0 381457736.991978 1206119819.870632 0.035715 0.044302 10000
0.129 0.444 1473.136300 4.344400 2192 5330 0 418668677.186217 1270627523.679857 0.037019 0.045194 10000
0.132 0.420 1020.193700 1.525600 1021 3868 0 209345208.941928 949088083.045275 0.028179 0.034078 10000
0.132 0.424 1084.700200 1.849800 1171 4113 0 238160450.928829 1000056610.789963 0.029260 0.036058 10000
0.132 0.428 1153.331000 2.196700 1318 4366 0 267611356.285573 1057868838.695565 0.031507 0.039961 10000
0.132 0.432 1230.042500 2.548100 1507 4629 0 292266576.386187 1076912987.615828 0.032361 0.040284 10000
0.132 0.436 1298.792800 3.090500 1682 4853 0 335706411.590030 1172821137.872653 0.033461 0.041603 10000
0.132 0.440 1372.025200 3.473300 1880 5125 0 378059943.839449 1230895552.802128 0.035498 0.046064 10000
0.135 0.424 1066.665200 1.720700 1117 4186 0 232633562.949388 1010058342.274874 0.029501 0.036125 10000
0.135 0.428 1129.800100 2.031600 1259 4452 0 252806812.093208 1025555554.588566 0.031070 0.038002 10000
0.135 0.432 1204.668500 2.383000 1427 4682 0 291320564.581061 1105001340.279163 0.032779 0.041768 10000
0.135 0.436 1276.931200 2.808700 1620 4937 0 317995806.031242 1136256956.244465 0.033231 0.040641 10000
0.135 0.440 1342.915200 3.290600 1796 5196 0 364359425.586542 1218588021.212960 0.035564 0.045683 10000
0.135 0.444 1419.908400 3.828500 2032 5464 0 387763043.202700 1219459158.684282 0.035492 0.043034 10000
0.138 0.420 993.396000 1.374100 935 4044 0 186846738.517459 891545200.093248 0.028228 0.034184 10000
0.138 0.424 1053.982100 1.574900 1069 4282 0 216641355.346038 966109562.058074 0.029345 0.035900 10000
0.138 0.428 1112.026900 1.898500 1221 4534 0 241923720.298971 1011317085.366937 0.029630 0.035190 10000
0.138 0.432 1173.221000 2.156200 1363 4764 0 271581207.201341 1052353572.190790 0.032036 0.039727 10000
0.138 0.436 1254.411100 2.540000 1564 5040 0 294999099.012255 1066237281.547756 0.032586 0.039796 10000
0.138 0.440 1323.271100 3.015300 1732 5278 0 340809755.372122 1175948966.430277 0.034710 0.043284 10000
0.141 0.416 907.972300 1.046700 771 3902 0 142941904.605437 738766035.264789 0.028418 0.033359 10000
0.141 0.420 976.804400 1.272800 889 4123 0 175264813.887781 866209036.354620 0.028637 0.034515 10000
0.141 0.424 1036.183300 1.513300 1018 4359 0 200319303.821530 914882249.585386 0.029252 0.036516 10000
0.141 0.428 1094.917800 1.688300 1159 4621 0 238423511.510689 1021933060.020812 0.030268 0.038562 10000
0.141 0.432 1150.577800 2.022300 1310 4857 0 265165663.793127 1053183493.923388 0.031254 0.037481 10000
0.141 0.436 1229.291200 2.388200 1481 5100 0 293087994.938465 1093399053.462186 0.033608 0.043383 10000
0.144 0.416 890.647100 1.007200 727 3998 0 142727439.280206 777480648.793297 0.027073 0.032294 10000
0.144 0.420 956.008400 1.187900 839 4225 0 165108267.934299 831780030.764904 0.028156 0.034666 10000
0.144 0.424 1015.200100 1.371500 975 4445 0 193627068.961213 900083049.438551 0.028597 0.033588 10000
0.144 0.428 1076.565000 1.600900 1114 4691 0 222989215.682084 974492923.134470 0.033610 0.040447 10000
0.144 0.432 1125.345700 1.870400 1258 4915 0 251634636.511144 1028365444.260697 0.033429 0.045315 10000
0.144 0.436 1194.970800 2.208700 1405 5152 0 289545543.768348 1114166931.476931 0.036511 0.054994 10000
0.147 0.416 872.881900 0.958300 689 4081 0 134209911.535722 722888555.267642 0.030442 0.035926 10000
0.147 0.420 936.194500 1.105800 799 4320 0 149312267.216605 764283515.264867 0.031457 0.037339 10000
0.147 0.424 992.238200 1.276400 918 4552 0 183499134.255782 880469618.260698 0.032543 0.040030 10000
0.147 0.428 1056.136500 1.511700 1057 4777 0 210367485.819542 944294181.699512 0.033648 0.042539 10000
0.147 0.432 1108.049200 1.723100 1207 5008 0 239010476.122677 996384556.159283 0.037223 0.042831 10000
0.147 0.436 1164.273100 1.989300 1346 5253 0 267309916.182506 1036578860.817257 0.036134 0.043503 10000
0.150 0.408 770.029400 0.568900 509 3760 0 109736560.550467 692249984.058973 0.027531 0.029072 10000
0.150 0.412 804.280000 0.677400 571 3961 0 119174345.730013 690689103.778265 0.029039 0.032431 10000
0.150 0.416 856.857200 0.845900 653 4202 0 126852184.402236 693455060.677327 0.030398 0.036916 10000
0.150 0.420 914.642100 0.992600 767 4435 0 142852635.118352 757021344.861541 0.027042 0.030605 10000
0.150 0.424 975.238200 1.175700 879 4666 0 168305294.779730 830210011.112149 0.032087 0.038959 10000
0.150 0.428 1034.840200 1.377100 1005 4870 0 193798089.259047 889781598.037750 0.033358 0.041568 10000
0.150 0.432 1093.654800 1.593500 1152 5119 0 230480923.333430 989407174.820797 0.024996 0.031002 10000
0.150 0.436 1142.340000 1.888400 1301 5342 0 263605140.614580 1061043439.412722 0.024437 0.028899 10000
0.150 0.440 1217.560400 2.148800 1461 5572 0 284551923.747969 1062864438.313532 0.037513 0.046421 10000
0.150 0.444 1285.476500 2.556600 1646 5815 0 302024313.093357 1053188706.754102 0.038332 0.046376 10000
0.150 0.448 1353.094600 2.957900 1827 6046 0 365876295.128221 1230824671.500897 0.040540 0.050701 10000
0.150 0.452 1417.070000 3.410200 2046 6266 0 383472979.924426 1199094608.746525 0.041212 0.049878 10000
0.150 0.456 1469.830100 3.874800 2243 6485 0 432259930.716645 1296699243.802655 0.042969 0.050542 10000
0.150 0.460 1542.871400 4.526600 2450 6722 0 462985151.456378 1305243551.926466 0.048555 0.061780 10000
0.153 0.408 763.672800 0.567500 488 3862 0 104892743.424685 681832349.760296 0.027449 0.028002 10000
0.153 0.412 794.474600 0.630500 546 4088 0 121022365.770810 733074871.642189 0.028834 0.031929 10000
0.153 0.416 840.450400 0.768200 625 4319 0 126461916.908234 716330438.886631 0.030070 0.034422 10000
0.153 0.420 894.857600 0.906200 727 4527 0 136212374.045054 727297512.024498 0.030714 0.035397 10000
0.153 0.424 959.004000 1.118800 838 4759 0 159738692.741325 804379309.433630 0.031916 0.038101 10000
0.153 0.428 1016.352600 1.262500 963 4986 0 187629344.038895 877768197.991194 0.029000 0.034950 10000
0.153 0.432 1076.206800 1.516000 1107 5234 0 217931538.354385 965163230.188544 0.034857 0.040643 10000
0.153 0.436 1131.298800 1.756000 1247 5439 0 250508905.715335 1023007460.206832 0.033040 0.039275 10000
0.153 0.440 1188.218100 2.028800 1384 5669 0 274297409.011712 1051578127.820906 0.035452 0.044702 10000
0.153 0.444 1262.165200 2.396900 1575 5883 0 299718500.980690 1075365750.854643 0.035180 0.043936 10000
0.153 0.448 1328.366800 2.763500 1764 6127 0 336756496.000036 1146032787.419155 0.036056 0.043198 10000
0.153 0.452 1392.930900 3.160400 1966 6354 0 373384159.032505 1194131048.822096 0.037370 0.045252 10000
0.153 0.456 1449.174900 3.603300 2162 6586 0 407199522.824993 1230165291.655571 0.038768 0.046149 10000
0.153 0.460 1512.941400 4.202000 2369 6783 0 456053631.916627 1323808373.548998 0.041393 0.049961 10000
0.156 0.412 788.969900 0.600700 528 4203 0 115532099.390234 716949537.161705 0.024829 0.026241 10000
0.156 0.416 821.495600 0.730800 598 4415 0 119738898.926249 684504233.725890 0.029644 0.032470 10000
0.156 0.420 873.998300 0.835800 684 4642 0 130082006.632704 707369034.182710 0.030735 0.035637 10000
0.156 0.424 935.204900 0.996900 794 4875 0 147191401.397975 763283991.434824 0.031675 0.036790 10000
0.156 0.428 1000.242300 1.212900 922 5098 0 177696161.833160 849409114.685641 0.032613 0.036983 10000
0.156 0.432 1061.488500 1.395400 1060 5339 0 202386122.355669 912892750.822906 0.021205 0.025328 10000
0.159 0.408 751.181300 0.486000 439 4109 0 96045140.646523 662189995.157663 0.027672 0.029855 10000
0.159 0.412 779.980900 0.570700 503 4339 0 106421470.982721 669961382.964439 0.028439 0.030492 10000
0.159 0.416 810.574600 0.655900 571 4532 0 120310435.378971 717857250.602157 0.029378 0.032302 10000
0.159 0.420 859.600300 0.813100 655 4746 0 122759688.356468 676076170.311056 0.026605 0.030352 10000
0.159 0.424 917.629900 0.932800 758 4967 0 138173106.422105 724919921.141460 0.020045 0.023722 10000
0.159 0.428 982.726500 1.091200 868 5196 0 162607561.648527 797561192.063094 0.032842 0.039304 10000
0.162 0.412 773.518700 0.568100 483 4465 0 103093099.214947 674751846.871768 0.028289 0.030356 10000
0.162 0.416 803.816800 0.636300 548 4656 0 118967022.625523 726992698.178196 0.029225 0.031917 10000
0.162 0.420 845.681000 0.749700 621 4871 0 125063006.981029 711932735.945163 0.030500 0.034509 10000
0.162 0.424 901.180800 0.833700 715 5078 0 135595210.654817 733056899.508950 0.031559 0.036725 10000
0.162 0.428 963.060600 1.014900 826 5295 0 159046781.192079 809169165.568671 0.032753 0.038951 10000
0.162 0.432 1029.464700 1.229500 953 5531 0 184692892.705747 868338728.844738 0.029700 0.036250 10000
0.165 0.404 711.587800 0.388100 338 4200 0 72462878.076617 578733364.513420 0.023625 0.025511 10000
0.165 0.408 743.178700 0.444600 399 4401 0 84494164.759325 614645046.785537 0.024156 0.025666 10000
0.165 0.412 771.079000 0.563800 469 4619 0 101708377.563154 680114195.594128 0.018407 0.019102 10000
0.165 0.416 799.565500 0.629000 529 4795 0 111026875.629374 693937731.365683 0.029165 0.030721 10000
0.165 0.420 832.501500 0.683800 592 5006 0 121201756.515451 705529396.151643 0.026383 0.029590 10000
0.165 0.424 887.592400 0.781200 689 5220 0 126787536.477105 692967403.832755 0.027175 0.029584 10000
0.168 0.400 677.952500 0.320800 271 4126 0 59082432.099115 529997923.266088 0.022876 0.022211 10000
0.168 0.404 708.362800 0.356000 324 4348 0 66730224.144070 536501835.894837 0.027159 0.028014 10000
0.168 0.408 740.743300 0.451700 384 4556 0 83180191.575143 623195059.837605 0.027678 0.028983 10000
0.168 0.412 771.446200 0.527800 448 4742 0 93666854.186170 647281064.516463 0.024512 0.025281 10000
0.168 0.416 794.900100 0.580800 506 4948 0 104067296.144440 656767007.284253 0.029127 0.031198 10000
0.168 0.420 822.359600 0.622600 564 5139 0 117324795.560885 698328287.421911 0.029690 0.032352 10000
0.171 0.400 676.317200 0.307200 261 4260 0 52727740.835456 492516827.581481 0.026399 0.025651 10000
0.171 0.404 706.932500 0.349800 305 4482 0 66517337.081672 544496577.595760 0.027464 0.029556 10000
0.171 0.408 733.748500 0.406800 360 4677 0 74225638.407984 573612655.746762 0.024154 0.026160 10000
0.171 0.412 769.106800 0.486000 427 4883 0 86923814.506367 621068508.902011 0.028451 0.029572 10000
0.171 0.416 795.975600 0.551000 488 5079 0 101696533.118898 663586368.912513 0.029229 0.030878 10000
0.171 0.420 821.028400 0.627500 549 5284 0 113404787.209987 691007364.863487 0.030005 0.030909 10000
0.174 0.396 647.539600 0.260200 202 4215 0 45348272.634871 457172945.448180 0.022374 0.022027 10000
0.174 0.400 671.474800 0.315400 246 4403 0 48091279.484303 457431031.238901 0.026671 0.025448 10000
0.174 0.404 700.509700 0.339400 285 4598 0 63798553.334404 559151877.115973 0.027596 0.029408 10000
0.174 0.408 728.567700 0.345400 335 4805 0 71781656.834216 571810475.705028 0.028352 0.031329 10000
0.174 0.412 761.449300 0.439400 404 5040 0 83446342.961872 607969282.301153 0.028500 0.028915 10000
0.174 0.416 791.613800 0.503000 460 5219 0 101379154.706469 677363136.130761 0.025896 0.028074 10000
0.177 0.392 625.711900 0.198900 163 4168 0 30972055.522224 363170806.748506 0.023106 0.020615 10000
0.177 0.396 647.752100 0.248300 192 4343 0 41404922.232972 432503776.717961 0.026281 0.024843 10000
0.177 0.400 670.411800 0.278600 233 4570 0 46775144.566605 460310801.249571 0.023107 0.022572 10000
0.177 0.404 697.113800 0.311000 271 4742 0 56093674.576227 494342850.423786 0.027546 0.027918 10000
0.177 0.408 724.680100 0.351400 324 4956 0 67719657.388154 546115157.739966 0.028245 0.028527 10000
0.177 0.412 759.915000 0.426000 393 5169 0 78487710.002842 588888866.644908 0.028313 0.027107 10000
0.180 0.392 624.963000 0.211700 150 4310 0 29518302.306993 363094435.759538 0.025898 0.024207 10000
0.180 0.396 645.227700 0.232100 178 4503 0 33148049.056286 360124164.248343 0.024106 0.023275 10000
0.180 0.400 669.906900 0.261000 217 4712 0 46575909.319436 459373883.753482 0.027081 0.027172 10000
0.180 0.404 695.578600 0.278700 257 4887 0 51610130.160376 469424191.034854 0.027656 0.027539 10000
0.180 0.408 726.389400 0.356400 308 5102 0 65207759.084591 541030536.379693 0.024511 0.024759 10000
0.180 0.412 757.512700 0.365800 365 5318 0 71717989.173337 560301665.110417 0.028920 0.029924 10000
0.183 0.388 605.325400 0.172000 113 4259 0 20603473.378972 294685634.800783 0.025754 0.024077 10000
0.183 0.392 627.476500 0.170600 136 4462 0 27844208.181014 358557582.588116 0.023954 0.023216 10000
0.183 0.396 650.445900 0.222400 174 4665 0 35131641.984316 407423965.787451 0.022956 0.021451 10000
0.183 0.400 668.904900 0.247600 203 4869 0 43089537.861881 426502363.404548 0.024779 0.024143 10000
0.183 0.404 691.712300 0.266600 249 5052 0 48748708.418190 463050283.709549 0.025089 0.023586 10000
0.183 0.408 717.310300 0.301900 283 5262 0 61453007.461527 518595381.208587 0.028672 0.028813 10000
0.186 0.384 582.766200 0.126100 79 4238 0 17494193.646219 300784072.838168 0.025529 0.022269 10000
0.186 0.388 605.888500 0.157300 104 4437 0 20065078.367441 296850738.604253 0.013705 0.013146 10000
0.186 0.392 629.730700 0.181900 125 4623 0 25296826.984546 332939185.690935 0.017687 0.018020 10000
0.186 0.396 648.129400 0.197500 163 4830 0 29535473.381496 346866545.789384 0.026849 0.024942 10000
0.186 0.400 669.011200 0.233700 192 5008 0 41853840.754076 432974333.580128 0.027497 0.026060 10000
0.186 0.404 688.124700 0.266600 230 5212 0 45394935.782683 442883560.020835 0.027998 0.027105 10000
0.189 0.380 573.135000 0.118700 59 4201 0 10259271.889182 239535963.260112 0.023003 0.020032 10000
0.189 0.384 587.692600 0.134000 78 4398 0 15648402.795011 285906994.338471 0.023547 0.019704 10000
0.189 0.388 607.367000 0.146500 96 4607 0 19644422.128842 298630880.951238 0.026379 0.023764 10000
0.189 0.392 632.540000 0.168400 124 4782 0 22900536.341486 313727323.121813 0.026776 0.025426 10000
0.189 0.396 650.318900 0.210400 158 4978 0 30268201.912804 360213493.282197 0.024431 0.022516 10000
0.189 0.400 668.007100 0.234700 180 5187 0 38485380.944036 414124912.467432 0.027728 0.026371 10000
0.192 0.376 558.707600 0.091600 42 4186 0 6567477.282462 167627930.244818 0.025355 0.020450 10000
0.192 0.380 574.195100 0.121400 54 4392 0 7306180.751557 195793926.315480 0.025641 0.022187 10000
0.192 0.384 593.417800 0.130900 73 4572 0 12715747.073697 247087617.891107 0.025972 0.022460 10000
0.192 0.388 609.513900 0.140200 92 4747 0 19363239.412101 304319653.981039 0.028198 0.026792 10000
0.192 0.392 627.977200 0.177400 116 4948 0 20046416.861115 283494894.495437 0.028609 0.027148 10000
0.192 0.396 656.536700 0.230400 151 5169 0 28870621.921407 355862176.277831 0.027311 0.025253 10000
0.195 0.376 563.798200 0.105600 37 4373 0 6229169.606868 161322302.013378 0.025755 0.022091 10000
0.195 0.380 580.454900 0.118100 54 4562 0 5687115.105386 142770842.453401 0.025892 0.022548 10000
0.195 0.384 594.713500 0.136900 68 4746 0 11368613.804106 243007156.226966 0.022434 0.018723 10000
0.195 0.388 619.004700 0.141400 80 4946 0 17211328.952398 288780384.221033 0.024823 0.024561 10000
0.195 0.392 636.896000 0.207400 114 5141 0 21153307.130157 308776949.176783 0.027193 0.024129 10000
0.195 0.396 660.191600 0.219400 140 5350 0 27534507.320775 351602668.817434 0.027795 0.026636 10000
0.198 0.372 556.667200 0.117700 34 4324 0 3563941.198024 98444600.953958 0.021876 0.017581 10000
0.198 0.376 562.109600 0.116500 38 4535 0 6524214.172411 177815645.462623 0.023441 0.019345 10000
0.198 0.380 581.105800 0.110300 50 4735 0 5356081.172885 129722991.963356 0.024030 0.022405 10000
0.198 0.384 601.193900 0.120500 66 4939 0 10048109.351870 223323161.615218 0.024424 0.022299 10000
0.198 0.388 620.795000 0.170000 85 5128 0 17031482.370860 308131047.994367 0.024927 0.022843 10000
0.198 0.392 639.101800 0.192900 103 5297 0 19943090.113558 299737569.080075 0.029615 0.031314 10000
0.201 0.364 546.816500 0.096600 27 4142 0 3122497.929121 103115322.594133 0.026393 0.020609 10000
0.201 0.368 556.588600 0.117800 28 4311 0 4419270.563817 138706878.030349 0.013503 0.011215 10000
0.201 0.372 566.453800 0.127800 37 4505 0 3998962.457076 114514719.342302 0.025473 0.021266 10000
0.201 0.376 569.098100 0.099600 34 4735 0 5606947.944596 161136266.965140 0.025975 0.021556 10000
0.201 0.380 586.410500 0.116900 44 4928 0 6083816.451237 153332799.116861 0.024175 0.021095 10000
0.201 0.384 607.901000 0.154000 65 5109 0 8733301.428148 206629092.407392 0.024735 0.022504 10000
0.204 0.364 553.217300 0.101300 25 4315 0 3357499.613998 117744269.360098 0.023195 0.019047 10000
0.204 0.368 561.269600 0.114200 31 4508 0 3347904.430470 106202186.431114 0.023437 0.018828 10000
0.204 0.372 570.438900 0.132200 35 4699 0 4641683.997161 140414120.405438 0.023838 0.020111 10000
0.204 0.376 580.181000 0.113900 39 4926 0 4343280.310164 120414573.712687 0.026234 0.021305 10000
0.204 0.380 589.679800 0.135500 41 5098 0 6742839.502068 174878964.505538 0.028637 0.027292 10000
0.204 0.384 605.881700 0.153800 52 5291 0 5557603.079400 135016559.835509 0.029161 0.028750 10000
0.207 0.360 562.343800 0.095400 23 4332 0 1384320.238830 56836507.827091 0.025767 0.019959 10000
0.207 0.364 558.424200 0.098600 22 4502 0 3388385.189533 118788589.539499 0.023289 0.017975 10000
0.207 0.368 563.168600 0.102800 28 4716 0 3792662.326254 126477327.013455 0.027272 0.020464 10000
0.207 0.372 577.263800 0.095400 31 4900 0 3513444.671785 103186511.248543 0.028079 0.024431 10000
0.207 0.376 585.073500 0.108300 36 5124 0 4144218.984958 121081813.997702 0.026486 0.021793 10000
0.207 0.380 593.820600 0.129100 41 5295 0 5690492.665706 150081438.609381 0.027028 0.022319 10000
0.210 0.356 564.147000 0.078500 20 4319 0 1425625.345843 63657938.732858 0.022046 0.017649 10000
0.210 0.360 566.494200 0.093600 23 4515 0 1399527.222529 62876955.820545 0.025826 0.018511 10000
0.210 0.364 573.697700 0.097800 25 4710 0 3606385.289625 138452458.755375 0.026184 0.020614 10000
0.210 0.368 572.619300 0.101300 27 4906 0 3524429.991144 125826734.425099 0.026252 0.019935 10000
0.210 0.372 581.959700 0.116400 34 5117 0 3946182.390284 121975552.321748 0.026411 0.020943 10000
0.210 0.376 594.445800 0.132400 41 5311 0 3747760.896283 106840894.218011 0.028539 0.022797 10000
0.213 0.348 561.336200 0.065700 14 4129 0 1233199.168799 77292159.424770 0.027443 0.022873 10000
0.213 0.352 567.975300 0.102000 19 4310 0 1291822.469639 68182383.771957 0.023411 0.018994 10000
0.213 0.356 570.759800 0.110200 20 4497 0 1445892.124918 71880066.845451 0.026088 0.019433 10000
0.213 0.360 578.044200 0.107700 23 4719 0 1559777.102692 72466071.469240 0.026447 0.020707 10000
0.213 0.364 580.363200 0.097200 22 4909 0 3382208.028889 143053417.245437 0.024265 0.020075 10000
0.213 0.368 579.049800 0.112600 28 5111 0 2897457.732843 98436589.293411 0.026442 0.020994 10000
0.216 0.348 574.694000 0.086900 16 4348 0 1490367.873222 98667617.569893 0.028086 0.025541 10000
0.216 0.352 575.618100 0.112900 20 4530 0 1483628.620373 80668230.748548 0.027955 0.023448 10000
0.216 0.356 583.926100 0.116000 22 4737 0 1660828.963637 86341727.535304 0.026505 0.021512 10000
0.216 0.360 590.023500 0.129000 27 4932 0 1778482.728654 86422180.505809 0.026830 0.023136 10000
0.216 0.364 585.799800 0.101600 25 5113 0 2062533.795431 83756067.284965 0.024498 0.019405 10000
0.216 0.368 584.602000 0.120200 25 5309 0 3259362.203374 112849412.531437 0.024053 0.017853 10000
0.219 0.344 581.692200 0.072800 16 4342 0 998100.556007 65851106.036762 0.026546 0.022091 10000
0.219 0.348 582.080800 0.109500 16 4543 0 609799.441576 38342950.283522 0.026707 0.021242 10000
0.219 0.352 589.256700 0.111300 22 4749 0 1664430.622214 91995333.582958 0.026807 0.020179 10000
0.219 0.356 589.013800 0.119500 21 4937 0 1995337.380263 110863853.422718 0.027357 0.021975 10000
0.219 0.360 592.318500 0.098500 21 5152 0 2126523.372598 110389409.993830 0.027185 0.022102 10000
0.219 0.364 595.910000 0.103400 23 5340 0 2056203.194124 95246127.103517 0.023882 0.018323 10000
0.222 0.340 581.546700 0.067600 9 4337 0 114562.821634 11446074.148298 0.026861 0.021905 10000
0.222 0.344 585.349600 0.101000 12 4523 0 1132443.129815 75664491.104567 0.026909 0.021530 10000
0.222 0.348 592.013000 0.111300 16 4744 0 654377.444328 41442771.425077 0.027189 0.022719 10000
0.222 0.352 592.911800 0.092500 15 4967 0 1050869.972812 64759211.785225 0.027375 0.023051 10000
0.222 0.356 595.294600 0.099400 19 5163 0 1119936.583702 57700120.456070 0.025489 0.020878 10000
0.222 0.360 603.214200 0.100600 22 5382 0 1303752.377878 64027664.670236 0.027432 0.021155 10000
0.225 0.336 585.317400 0.051400 11 4360 0 140334.974774 14032734.782856 0.026976 0.021619 10000
0.225 0.340 593.562300 0.061700 13 4549 0 117481.155139 11747416.307669 0.027258 0.021306 10000
0.225 0.344 587.977500 0.073700 12 4737 0 1318070.825043 89277765.181839 0.027264 0.019962 10000
0.225 0.348 598.040500 0.106900 16 4956 0 706363.506606 44977783.220108 0.025377 0.022738 10000
0.225 0.352 597.325400 0.098400 18 5161 0 1219431.608411 78674186.556440 0.025266 0.021100 10000
0.225 0.356 602.279000 0.113000 17 5373 0 1246578.491998 65794498.727475 0.025584 0.021347 10000
0.228 0.328 579.699800 0.034800 6 4145 0 234559.033311 23454670.042491 0.024743 0.020572 10000
0.228 0.332 588.150600 0.040700 8 4371 0 180124.584133 18011497.197708 0.027201 0.022121 10000
0.228 0.336 594.727300 0.054700 9 4590 0 146674.732187 14666679.145865 0.027542 0.022147 10000
0.228 0.340 599.068700 0.066300 14 4770 0 124687.624708 12468077.803715 0.027482 0.021178 10000
0.228 0.344 603.603400 0.086500 15 4965 0 666665.799879 53534591.102115 0.027702 0.021809 10000
0.228 0.348 604.290200 0.097300 17 5182 0 767519.456098 49125517.063453 0.028266 0.021270 10000
0.231 0.328 589.487700 0.037800 6 4368 0 257458.672850 25744519.809398 0.027342 0.021127 10000
0.231 0.332 597.427600 0.052800 8 4578 0 193503.293738 19349301.578169 0.027625 0.021302 10000
0.231 0.336 602.551600 0.057300 12 4791 0 156036.054168 15602764.852638 0.027655 0.021199 10000
0.231 0.340 608.382000 0.075200 13 4976 0 128446.566460 12843953.903401 0.024628 0.020119 10000
0.231 0.344 610.337300 0.082700 16 5187 0 735339.484768 63324422.107558 0.027975 0.020893 10000
0.231 0.348 610.728400 0.115100 15 5393 0 838379.320045 54162377.368898 0.028164 0.021032 10000
0.234 0.320 592.736000 0.028500 7 4159 0 1141623.915168 114156623.611357 0.025363 0.019421 10000
0.234 0.324 595.247300 0.030700 10 4373 0 455830.001597 45580661.212659 0.027420 0.019625 10000
0.234 0.328 598.618200 0.062100 6 4581 0 284970.946618 28495609.931067 0.027703 0.020456 10000
0.234 0.332 608.246100 0.059500 11 4813 0 208780.600937 20876956.220185 0.024733 0.018565 10000
0.234 0.336 608.034000 0.058400 6 4999 0 164487.302356 16447847.725950 0.028495 0.022612 10000
0.234 0.340 615.630500 0.081000 13 5212 0 135896.278075 13588888.140214 0.028306 0.021557 10000
0.237 0.316 598.095900 0.023700 7 4163 0 0.592528 0.008003 0.027509 0.020646 10000
0.237 0.320 606.507700 0.036500 11 4394 0 104.721500 10412.286795 0.027873 0.021194 10000
0.237 0.324 613.716000 0.056300 13 4595 0 550898.816241 55087067.625533 0.025905 0.019865 10000
0.237 0.328 614.352800 0.061300 10 4816 0 318741.174527 31872464.171913 0.028247 0.020926 10000
0.237 0.332 622.167200 0.055900 12 5023 0 225322.345928 22531048.314667 0.028615 0.023829 10000
0.237 0.336 621.644900 0.066000 9 5247 0 176101.541962 17609213.921180 0.028593 0.022883 10000
0.240 0.316 612.022700 0.049300 12 4399 0 0.589530 0.007594 0.028076 0.020016 10000
0.240 0.320 619.964800 0.055700 11 4636 0 0.595874 0.544389 0.028581 0.022246 10000
0.240 0.324 622.620100 0.061100 12 4832 0 697459.029972 69742356.479435 0.028578 0.021190 10000
0.240 0.328 624.597800 0.061900 10 5077 0 363270.118317 36325136.201575 0.028822 0.022433 10000
0.240 0.332 628.547900 0.062200 9 5276 0 246721.386548 24670845.680754 0.027305 0.021091 10000
0.240 0.336 629.624100 0.057100 10 5461 0 187526.447128 18751647.614894 0.027184 0.020586 10000
0.243 0.308 617.760400 0.029400 7 4208 0 0.584832 0.006942 0.030438 0.025738 10000
0.243 0.312 625.393300 0.041300 13 4415 0 0.585690 0.007113 0.030580 0.026102 10000
0.243 0.316 623.445700 0.023800 8 4648 0 0.586579 0.007383 0.024996 0.018674 10000
0.243 0.320 627.914700 0.052000 9 4873 0 0.587573 0.011889 0.028934 0.021926 10000
0.243 0.324 637.149500 0.051100 15 5126 0 950691.959089 95064383.490710 0.030463 0.023839 10000
0.243 0.328 643.031600 0.064800 16 5325 0 421511.488370 42148982.289557 0.029439 0.022956 10000
0.246 0.304 624.735400 0.025300 6 4257 0 0.581120 0.006709 0.028901 0.021884 10000
0.246 0.308 631.262200 0.029000 9 4451 0 0.581940 0.006855 0.029133 0.022084 10000
0.246 0.312 624.974200 0.022500 4 4693 0 0.582790 0.007018 0.029031 0.020982 10000
0.246 0.316 637.701900 0.058000 11 4913 0 0.583673 0.007237 0.030441 0.023958 10000
0.246 0.320 638.277600 0.050800 7 5138 0 0.584607 0.008251 0.030671 0.024068 10000
0.246 0.324 647.364700 0.039600 10 5354 0 13150.483940 1314924.092142 0.026321 0.020310 10000
0.249 0.300 634.971900 0.021000 7 4273 0 0.577485 0.006494 0.029266 0.021667 10000
0.249 0.304 637.897700 0.031800 9 4510 0 0.578272 0.006628 0.029492 0.020905 10000
0.249 0.308 640.696300 0.038100 8 4705 0 0.579088 0.006771 0.016275 0.012739 10000
0.249 0.312 646.336000 0.028700 8 4961 0 0.579933 0.006928 0.029750 0.022748 10000
0.249 0.316 652.217600 0.034700 7 5159 0 0.580810 0.007119 0.030216 0.023542 10000
0.249 0.320 658.172500 0.036000 8 5381 0 0.581725 0.007594 0.030502 0.024606 10000
0.252 0.292 634.587800 0.021400 5 4086 0 0.573196 0.006161 0.029441 0.021666 10000
0.252 0.296 640.788600 0.024200 8 4300 0 0.573926 0.006286 0.029543 0.020397 10000
0.252 0.300 649.414400 0.026600 11 4550 0 0.574682 0.006416 0.029927 0.022805 10000
0.252 0.304 646.507700 0.016000 6 4738 0 0.575466 0.006550 0.030948 0.022963 10000
0.252 0.308 647.567800 0.018900 6 4974 0 0.576277 0.006690 0.028203 0.020885 10000
0.252 0.312 661.000300 0.015800 6 5204 0 0.577117 0.006840 0.027032 0.020674 10000
0.255 0.288 640.159100 0.019100 4 4129 0 0.569735 0.005968 0.029570 0.020788 10000
0.255 0.292 652.590500 0.025700 9 4353 0 0.570437 0.006089 0.029984 0.022497 10000
0.255 0.296 659.092100 0.040800 10 4580 0 0.571164 0.006213 0.030344 0.023292 10000
0.255 0.300 658.907600 0.045000 11 4802 0 0.571919 0.006341 0.030322 0.022213 10000
0.255 0.304 665.113500 0.049400 11 5024 0 0.572699 0.006473 0.030681 0.022658 10000
0.255 0.308 665.832000 0.031600 11 5244 0 0.573506 0.006610 0.029563 0.020962 10000
0.258 0.288 661.576600 0.032100 6 4414 0 0.567017 0.005899 0.030512 0.023994 10000
0.258 0.292 661.690200 0.025300 8 4634 0 0.567717 0.006018 0.031657 0.022529 10000
0.258 0.296 671.307700 0.027600 10 4852 0 0.568442 0.006141 0.030932 0.023655 10000
0.258 0.300 677.815000 0.048600 14 5088 0 0.569194 0.006266 0.031934 0.022745 10000
0.258 0.304 673.883400 0.019900 4 5279 0 0.569970 0.006396 0.032630 0.026810 10000
0.258 0.308 675.931500 0.033000 9 5478 0 0.570774 0.006531 0.031231 0.022602 10000
0.261 0.280 667.523600 0.009500 7 4263 0 0.563016 0.005602 0.030745 0.022461 10000
0.261 0.284 672.757500 0.026000 8 4482 0 0.563666 0.005715 0.031071 0.023367 10000
0.261 0.288 677.767900 0.032800 12 4697 0 0.564340 0.005830 0.031116 0.022295 10000
0.261 0.292 678.678800 0.026500 6 4935 0 0.565038 0.005948 0.031445 0.024213 10000
0.261 0.296 679.895500 0.043500 13 5116 0 0.565761 0.006069 0.032169 0.022615 10000
0.261 0.300 691.888300 0.034800 13 5340 0 0.566509 0.006193 0.017563 0.013055 10000
0.264 0.276 680.126300 0.007400 7 4288 0 0.559753 0.005430 0.031680 0.023684 10000
0.264 0.280 683.696000 0.006300 9 4530 0 0.560380 0.005538 0.032472 0.023886 10000
0.264 0.284 683.097000 0.015400 5 4762 0 0.561029 0.005650 0.032735 0.023597 10000
0.264 0.288 689.937500 0.034700 7 4990 0 0.561703 0.005763 0.032860 0.024398 10000
0.264 0.292 688.526900 0.027000 9 5182 0 0.562397 0.005879 0.032651 0.023486 10000
0.264 0.296 697.588700 0.021000 5 5404 0 0.563117 0.006000 0.032414 0.024357 10000
0.267 0.272 690.045400 0.009500 8 4333 0 0.556555 0.005261 0.031640 0.022150 10000
0.267 0.276 693.275200 0.006000 6 4576 0 0.557158 0.005367 0.031932 0.022577 10000
0.267 0.280 698.887800 0.002100 6 4815 0 0.557783 0.005474 0.032183 0.023296 10000
0.267 0.284 701.922000 0.024000 7 5057 0 0.558430 0.005585 0.031505 0.023508 10000
0.267 0.288 707.964100 0.034700 11 5259 0 0.559101 0.005696 0.031146 0.023478 10000
0.267 0.292 714.239700 0.028300 11 5466 0 0.559794 0.005812 0.032850 0.025218 10000
0.270 0.264 696.097800 0.010900 7 4146 0 0.552855 0.004998 0.031947 0.022293 10000
0.270 0.268 699.664200 0.004000 4 4387 0 0.553415 0.005098 0.032242 0.022393 10000
0.270 0.272 708.451200 0.004800 5 4640 0 0.553996 0.005200 0.033964 0.023952 10000
0.270 0.276 718.131800 0.005600 5 4878 0 0.554597 0.005304 0.034267 0.025393 10000
0.270 0.280 718.519800 0.012700 9 5117 0 0.555222 0.005412 0.034101 0.025412 10000
0.270 0.284 723.983900 0.025500 12 5324 0 0.555868 0.005520 0.033218 0.024853 10000
0.273 0.260 713.724500 0.008600 9 4203 0 0.549794 0.004843 0.033832 0.023365 10000
0.273 0.264 721.447300 0.007900 8 4452 0 0.550332 0.004940 0.034276 0.024812 10000
0.273 0.268 724.140800 0.003900 9 4694 0 0.550892 0.005040 0.034354 0.023590 10000
0.273 0.272 731.686300 0.013100 8 4929 0 0.551472 0.005140 0.034779 0.026050 10000
0.273 0.276 734.143700 0.010800 6 5161 0 0.552076 0.005243 0.035003 0.026657 10000
0.273 0.280 738.928500 0.022800 11 5392 0 0.552700 0.005349 0.035020 0.027215 10000
0.276 0.252 716.972500 0.008200 5 4040 0 0.546290 0.004600 0.032041 0.022224 10000
0.276 0.256 726.140700 0.005700 8 4285 0 0.546789 0.004693 0.032354 0.022223 10000
0.276 0.260 729.731300 0.006500 6 4510 0 0.547308 0.004788 0.033460 0.022940 10000
0.276 0.264 733.814200 0.002200 5 4773 0 0.547847 0.004884 0.033590 0.023336 10000
0.276 0.268 747.668900 0.009300 6 4993 0 0.548407 0.004981 0.035673 0.026972 10000
0.276 0.272 746.330400 0.002200 7 5231 0 0.548989 0.005081 0.035606 0.027428 10000
0.279 0.248 740.657800 0.006100 7 4106 0 0.543358 0.004456 0.033823 0.024909 10000
0.279 0.252 748.260500 0.010500 10 4341 0 0.543838 0.004547 0.034012 0.024980 10000
0.279 0.256 743.955100 0.006900 8 4593 0 0.544338 0.004639 0.034096 0.023123 10000
0.279 0.260 752.902700 0.012900 10 4822 0 0.544859 0.004731 0.034355 0.023310 10000
0.279 0.264 763.028300 0.009900 9 5059 0 0.545399 0.004828 0.036273 0.025965 10000
0.279 0.268 774.340400 0.011700 11 5316 0 0.545960 0.004924 0.035155 0.027760 10000
0.282 0.244 757.809600 0.006900 8 4181 0 0.540477 0.004317 0.033778 0.024046 10000
0.282 0.248 760.305300 0.004700 8 4435 0 0.540940 0.004405 0.033869 0.024210 10000
0.282 0.252 762.515500 0.011700 9 4653 0 0.541422 0.004493 0.034716 0.023839 10000
0.282 0.256 767.011900 0.017100 5 4911 0 0.541924 0.004584 0.035152 0.024570 10000
0.282 0.260 780.400700 0.012200 6 5152 0 0.542446 0.004677 0.035894 0.027184 10000
0.282 0.264 791.577300 0.007500 15 5391 0 0.542988 0.004773 0.037357 0.028202 10000
0.285 0.240 782.661400 0.018800 10 4265 0 0.537646 0.004181 0.037054 0.027442 10000
0.285 0.244 784.732400 0.013500 11 4524 0 0.538094 0.004266 0.036981 0.026077 10000
0.285 0.248 780.807400 0.006800 4 4757 0 0.538559 0.004353 0.037176 0.026374 10000
0.285 0.252 785.531200 0.003800 6 5009 0 0.539044 0.004441 0.037416 0.025291 10000
0.285 0.256 799.326900 0.035800 10 5276 0 0.539548 0.004531 0.037987 0.026397 10000
0.285 0.260 815.898800 0.013900 13 5506 0 0.540071 0.004624 0.036293 0.029305 10000
0.288 0.232 796.411700 0.010100 13 4115 0 0.534451 0.003967 0.035929 0.023987 10000
0.288 0.236 794.720700 0.003800 6 4372 0 0.534865 0.004048 0.036266 0.024992 10000
0.288 0.240 799.570300 0.013100 8 4625 0 0.535297 0.004132 0.037922 0.026736 10000
0.288 0.244 806.453900 0.026400 14 4884 0 0.535747 0.004217 0.037997 0.026623 10000
0.288 0.248 804.653400 0.022600 9 5136 0 0.536216 0.004302 0.038210 0.025911 10000
0.288 0.252 816.805900 0.017500 8 5391 0 0.536704 0.004390 0.038927 0.028571 10000
0.291 0.228 822.528100 0.027500 15 4179 0 0.531735 0.003841 0.039708 0.026837 10000
0.291 0.232 826.197200 0.006100 8 4460 0 0.532133 0.003920 0.020378 0.014722 10000
0.291 0.236 817.575900 0.025100 9 4702 0 0.532550 0.004001 0.037720 0.025336 10000
0.291 0.240 831.768800 0.032100 19 4985 0 0.532985 0.004084 0.037511 0.026428 10000
0.291 0.244 834.879200 0.014600 14 5228 0 0.533440 0.004168 0.037798 0.027440 10000
0.291 0.248 835.162200 0.007900 10 5481 0 0.533911 0.004253 0.038102 0.027858 10000
0.294 0.220 836.523400 0.011700 6 4025 0 0.528698 0.003640 0.039598 0.026507 10000
0.294 0.224 844.011300 0.020800 12 4259 0 0.529065 0.003717 0.039513 0.026753 10000
0.294 0.228 851.098100 0.007200 7 4530 0 0.529449 0.003795 0.040187 0.030128 10000
0.294 0.232 849.730500 0.010400 11 4821 0 0.529853 0.003874 0.040264 0.028814 10000
0.294 0.236 845.653500 0.012400 10 5071 0 0.530273 0.003954 0.039048 0.026882 10000
0.294 0.240 847.035900 0.003600 7 5320 0 0.530712 0.004036 0.035406 0.025694 10000
0.297 0.216 867.569100 0.007600 8 4128 0 0.526085 0.003521 0.036166 0.024304 10000
0.297 0.220 863.929700 0.016400 6 4391 0 0.526440 0.003597 0.036139 0.023809 10000
0.297 0.224 875.175800 0.013600 9 4640 0 0.526812 0.003672 0.036505 0.026136 10000
0.297 0.228 877.732800 0.013700 13 4902 0 0.527202 0.003750 0.036447 0.025753 10000
0.297 0.232 871.741000 0.009700 10 5211 0 0.527609 0.003828 0.036298 0.025762 10000
0.297 0.236 883.641800 0.021700 16 5476 0 0.528033 0.003907 0.036582 0.026832 10000
0.300 0.208 890.572600 0.034900 7 3984 0 0.523193 0.003332 0.037143 0.024628 10000
0.300 0.212 894.137300 0.041400 11 4250 0 0.523519 0.003405 0.037122 0.025124 10000
0.300 0.216 902.056500 0.021800 11 4532 0 0.523861 0.003478 0.037473 0.025513 10000
0.300 0.220 904.304000 0.033400 13 4802 0 0.524221 0.003553 0.037711 0.026464 10000
0.300 0.224 911.811400 0.034400 15 5059 0 0.524598 0.003627 0.037698 0.027628 10000
0.300 0.228 900.385200 0.021000 14 5350 0 0.524992 0.003704 0.037360 0.025822 10000
0.303 0.204 924.336300 0.063400 18 4096 0 0.520682 0.003220 0.038116 0.025345 10000
0.303 0.208 933.254000 0.042500 14 4393 0 0.520996 0.003291 0.038673 0.027315 10000
0.303 0.212 937.512200 0.042500 10 4670 0 0.521328 0.003362 0.039054 0.028495 10000
0.303 0.216 936.911300 0.064100 18 4927 0 0.521676 0.003435 0.038519 0.026503 10000
0.303 0.220 925.925900 0.043300 16 5209 0 0.522042 0.003507 0.038339 0.025957 10000
0.303 0.224 940.188400 0.079900 18 5483 0 0.522422 0.003583 0.038949 0.028191 10000
0.306 0.196 959.108100 0.054900 19 3919 0 0.517926 0.003042 0.039656 0.026583 10000
0.306 0.200 954.274100 0.058600 15 4248 0 0.518213 0.003110 0.039518 0.026303 10000
0.306 0.204 951.046700 0.038900 9 4543 0 0.518518 0.003180 0.039571 0.026164 10000
0.306 0.208 964.137200 0.048200 15 4846 0 0.518839 0.003250 0.038745 0.027411 10000
0.306 0.212 963.056000 0.047100 16 5098 0 0.519176 0.003321 0.038837 0.027874 10000
0.306 0.216 955.033500 0.044600 15 5385 0 0.519530 0.003392 0.038408 0.026511 10000
0.309 0.188 997.143300 0.076400 16 3715 0 0.515249 0.002869 0.040087 0.026687 10000
0.309 0.192 1003.503300 0.071900 28 4033 0 0.515509 0.002935 0.039974 0.026530 10000
0.309 0.196 993.686700 0.054300 19 4383 0 0.515788 0.003002 0.039815 0.026521 10000
0.309 0.200 995.148200 0.058700 16 4677 0 0.516082 0.003070 0.040329 0.027944 10000
0.309 0.204 1000.160700 0.069100 22 4950 0 0.516394 0.003139 0.040003 0.027343 10000
0.309 0.208 997.719800 0.052700 16 5261 0 0.516720 0.003208 0.040122 0.028349 10000
0.312 0.184 1037.937600 0.064900 22 3844 0 0.512884 0.002767 0.041555 0.027048 10000
0.312 0.188 1030.902500 0.066600 17 4189 0 0.513137 0.002831 0.041551 0.027367 10000
0.312 0.192 1029.250000 0.049000 13 4507 0 0.513406 0.002897 0.042557 0.028971 10000
0.312 0.196 1032.823300 0.057900 18 4794 0 0.513692 0.002963 0.042185 0.028837 10000
0.312 0.200 1032.172100 0.066600 20 5109 0 0.513993 0.003030 0.041344 0.028049 10000
0.312 0.204 1028.274900 0.050800 20 5414 0 0.514309 0.003098 0.041197 0.027822 10000
0.315 0.180 1070.723100 0.081700 15 3990 0 0.510562 0.002666 0.043164 0.029283 10000
0.315 0.184 1077.129800 0.069400 16 4318 0 0.510808 0.002729 0.043434 0.029909 10000
0.315 0.188 1072.925000 0.078900 25 4658 0 0.511067 0.002793 0.042853 0.028356 10000
0.315 0.192 1066.017400 0.062900 15 4973 0 0.511344 0.002857 0.043104 0.028698 10000
0.315 0.196 1067.565700 0.063200 20 5261 0 0.511636 0.002924 0.042833 0.030061 10000
0.315 0.200 1063.760600 0.055400 24 5558 0 0.511943 0.002990 0.042623 0.029199 10000
0.318 0.172 1110.715000 0.089500 17 3827 0 0.508059 0.002506 0.044775 0.029044 10000
0.318 0.176 1116.855900 0.123200 22 4161 0 0.508281 0.002567 0.044808 0.029713 10000
0.318 0.180 1112.880200 0.115600 22 4474 0 0.508519 0.002629 0.044678 0.029850 10000
0.318 0.184 1104.416900 0.069700 19 4817 0 0.508772 0.002692 0.044583 0.028832 10000
0.318 0.188 1105.041900 0.061600 22 5133 0 0.509040 0.002755 0.044443 0.029530 10000
0.318 0.192 1110.672000 0.070300 26 5441 0 0.509323 0.002820 0.044402 0.030661 10000
0.321 0.164 1176.840200 0.102600 29 3694 0 0.505627 0.002349 0.047038 0.030407 10000
0.321 0.168 1159.957400 0.136200 27 4007 0 0.505827 0.002407 0.053235 0.032943 10000
0.321 0.172 1153.390000 0.140100 20 4323 0 0.506043 0.002469 0.053408 0.034002 10000
0.321 0.176 1156.055600 0.081400 25 4669 0 0.506273 0.002530 0.053506 0.035421 10000
0.321 0.180 1151.872900 0.059900 19 4984 0 0.506519 0.002592 0.053667 0.035837 10000
0.321 0.184 1150.561600 0.077100 25 5294 0 0.506780 0.002655 0.050508 0.033338 10000
0.324 0.160 1231.447000 0.098400 31 3853 0 0.503443 0.002256 0.054162 0.034312 10000
0.324 0.164 1215.277300 0.132700 22 4202 0 0.503637 0.002313 0.055837 0.035248 10000
0.324 0.168 1219.753800 0.121600 29 4527 0 0.503847 0.002373 0.055822 0.036392 10000
0.324 0.172 1211.680500 0.095500 23 4864 0 0.504070 0.002434 0.056205 0.037736 10000
0.324 0.176 1213.177500 0.076700 27 5179 0 0.504309 0.002495 0.057272 0.038998 10000
0.324 0.180 1206.962800 0.084100 29 5487 0 0.504563 0.002555 0.054233 0.037303 10000
0.327 0.148 1308.547700 0.134100 33 3413 0 0.500968 0.002052 0.059143 0.037445 10000
0.327 0.152 1319.483600 0.107200 32 3725 0 0.501128 0.002107 0.059828 0.039191 10000
0.327 0.156 1300.655800 0.133300 28 4055 0 0.501301 0.002163 0.059237 0.038610 10000
0.327 0.160 1273.960500 0.057200 22 4385 0 0.501490 0.002221 0.058510 0.037280 10000
0.327 0.164 1268.621600 0.121700 29 4736 0 0.501693 0.002279 0.059913 0.037756 10000
0.327 0.168 1258.251000 0.107900 26 5038 0 0.501911 0.002338 0.059535 0.037616 10000
0.330 0.144 1383.324700 0.153000 37 3615 0 0.498880 0.001963 0.036359 0.023007 10000
0.330 0.148 1392.159800 0.065100 37 3954 0 0.499034 0.002018 0.061248 0.039344 10000
0.330 0.152 1384.034200 0.097500 42 4254 0 0.499204 0.002073 0.061480 0.039383 10000
0.330 0.156 1338.522600 0.069100 13 4570 0 0.499386 0.002130 0.063495 0.039647 10000
0.330 0.160 1356.763500 0.104100 29 4928 0 0.499584 0.002187 0.064128 0.042611 10000
0.330 0.164 1339.240900 0.065300 30 5278 0 0.499796 0.002244 0.065309 0.047019 10000
0.333 0.136 1478.068600 0.108900 43 3525 0 0.496698 0.001821 0.064887 0.039732 10000
0.333 0.140 1477.630000 0.124700 46 3888 0 0.496833 0.001875 0.064910 0.040002 10000
0.333 0.144 1477.533800 0.121600 45 4201 0 0.496984 0.001930 0.064824 0.041178 10000
0.333 0.148 1452.243000 0.111300 39 4508 0 0.497149 0.001985 0.063962 0.040543 10000
0.333 0.152 1442.305800 0.181500 52 4850 0 0.497328 0.002040 0.064877 0.041156 10000
0.333 0.156 1424.538800 0.091500 28 5174 0 0.497519 0.002097 0.065311 0.043172 10000
0.336 0.132 1583.638600 0.146200 46 3813 0 0.494702 0.001736 0.072307 0.045219 10000
0.336 0.136 1580.362500 0.198800 62 4173 0 0.494834 0.001788 0.071537 0.044874 10000
0.336 0.140 1552.214800 0.183500 44 4506 0 0.494981 0.001843 0.070948 0.043966 10000
0.336 0.144 1545.939200 0.242900 49 4840 0 0.495140 0.001898 0.068496 0.044178 10000
0.336 0.148 1530.988700 0.182100 51 5151 0 0.495315 0.001952 0.062368 0.040120 10000
0.336 0.152 1516.025200 0.178700 52 5514 0 0.495502 0.002007 0.060629 0.039509 10000
0.339 0.120 1738.452300 0.195700 65 3386 0 0.492540 0.001549 0.074269 0.044722 10000
0.339 0.124 1702.869300 0.232700 55 3758 0 0.492640 0.001599 0.070051 0.041510 10000
0.339 0.128 1691.815900 0.221400 65 4099 0 0.492755 0.001651 0.069374 0.042293 10000
0.339 0.132 1673.830200 0.259500 61 4482 0 0.492884 0.001703 0.069352 0.041634 10000
0.339 0.136 1654.678700 0.176900 54 4840 0 0.493027 0.001757 0.067971 0.041795 10000
0.339 0.140 1637.929600 0.196700 63 5198 0 0.493184 0.001811 0.066784 0.041235 10000
0.342 0.112 1904.889600 0.516900 73 3303 0 0.490566 0.001419 0.077888 0.044730 10000
0.342 0.116 1875.189700 0.288500 63 3735 0 0.490650 0.001468 0.077070 0.045749 10000
0.342 0.120 1851.361700 0.286600 69 4135 0 0.490749 0.001518 0.076005 0.045466 10000
0.342 0.124 1821.105000 0.309200 72 4505 0 0.490860 0.001569 0.074509 0.044078 10000
0.342 0.128 1796.211500 0.402600 72 4848 0 0.490985 0.001622 0.073670 0.044191 10000
0.342 0.132 1768.347700 0.259200 64 5176 0 0.491125 0.001674 0.072576 0.044260 10000
0.345 0.100 2137.986300 0.636700 108 2949 0 0.488611 0.001245 0.086449 0.047540 10000
0.345 0.104 2101.220900 0.616700 92 3308 0 0.488666 0.001292 0.085691 0.046925 10000
0.345 0.108 2072.426700 0.378400 83 3734 0 0.488734 0.001339 0.084695 0.047487 10000
0.345 0.112 2051.254700 0.439000 91 4105 0 0.488817 0.001389 0.083811 0.048537 10000
0.345 0.116 2014.739600 0.441300 93 4484 0 0.488912 0.001438 0.082031 0.047833 10000
0.345 0.120 1964.943300 0.222400 75 4874 0 0.489021 0.001487 0.080598 0.047440 10000
0.345 0.124 1938.495600 0.325600 84 5260 0 0.489143 0.001539 0.079742 0.047301 10000
0.345 0.128 1904.475200 0.297700 83 5568 0 0.489278 0.001591 0.088076 0.052109 10000
0.345 0.132 1869.199000 0.240100 66 5927 0 0.489424 0.001642 0.088225 0.054203 10000
0.345 0.136 1839.640800 0.300500 80 6281 0 0.489582 0.001694 0.085354 0.051955 10000
0.345 0.140 1802.189600 0.207800 65 6536 0 0.489752 0.001746 0.084405 0.051662 10000
0.345 0.144 1768.617100 0.210300 64 6819 0 0.489934 0.001801 0.082425 0.051208 10000
0.345 0.148 1754.936300 0.241100 78 7058 0 0.490128 0.001856 0.081163 0.050495 10000
0.345 0.152 1710.858800 0.171000 57 7288 0 0.490334 0.001911 0.080145 0.050538 10000
0.348 0.092 2418.301500 0.859400 137 2981 0 0.486805 0.001122 0.097432 0.051991 10000
0.348 0.096 2346.190000 0.851900 117 3368 0 0.486846 0.001169 0.094833 0.050596 10000
0.348 0.100 2330.280800 1.088100 134 3780 0 0.486899 0.001215 0.092885 0.051259 10000
0.348 0.104 2278.692100 1.178600 126 4199 0 0.486966 0.001263 0.090496 0.050569 10000
0.348 0.108 2218.551600 0.651000 118 4568 0 0.487046 0.001311 0.088294 0.048584 10000
0.348 0.112 2174.007900 0.716000 108 4935 0 0.487138 0.001359 0.085995 0.048397 10000
0.348 0.116 2131.960300 0.509800 101 5363 0 0.487241 0.001408 0.096707 0.055897 10000
0.348 0.120 2115.966000 0.547400 115 5697 0 0.487359 0.001458 0.103964 0.063106 10000
0.348 0.124 2055.087800 0.344700 97 6028 0 0.487488 0.001509 0.092876 0.055384 10000
0.348 0.128 2015.258300 0.292600 91 6364 0 0.487629 0.001561 0.091306 0.056195 10000
0.348 0.132 1974.332700 0.256600 88 6658 0 0.487781 0.001613 0.089333 0.054872 10000
0.348 0.136 1928.701100 0.354700 93 6915 0 0.487945 0.001664 0.086913 0.053662 10000
0.348 0.140 1877.994700 0.308200 83 7163 0 0.488120 0.001717 0.086455 0.052647 10000
0.348 0.144 1823.155600 0.257300 64 7423 0 0.488306 0.001770 0.084754 0.051287 10000
0.351 0.076 2986.095200 2.520800 270 2442 0 0.485080 0.000910 0.116305 0.058128 10000
0.351 0.080 2883.010100 2.217300 247 2779 0 0.485079 0.000956 0.112166 0.057082 10000
0.351 0.084 2794.202900 1.839600 198 3137 0 0.485090 0.001002 0.110341 0.057487 10000
0.351 0.088 2718.616300 1.640700 197 3537 0 0.485115 0.001049 0.106913 0.056068 10000
0.351 0.092 2660.528400 1.841400 204 3921 0 0.485153 0.001094 0.104293 0.055792 10000
0.351 0.096 2588.118900 1.110400 169 4313 0 0.485204 0.001141 0.102141 0.056666 10000
0.351 0.100 2509.399700 1.199800 163 4733 0 0.485267 0.001189 0.112833 0.062107 10000
0.351 0.104 2434.985400 0.836400 140 5146 0 0.485342 0.001236 0.110286 0.061649 10000
0.351 0.108 2394.528400 0.753100 153 5524 0 0.485430 0.001284 0.108379 0.062025 10000
0.351 0.112 2346.069900 0.726300 134 5885 0 0.485529 0.001333 0.106271 0.062760 10000
0.351 0.116 2271.501500 0.663600 131 6218 0 0.485641 0.001381 0.102866 0.060590 10000
0.351 0.120 2211.976800 0.639500 121 6524 0 0.485763 0.001432 0.100252 0.058928 10000
0.351 0.124 2152.149200 0.605900 108 6802 0 0.485898 0.001483 0.098102 0.058636 10000
0.351 0.128 2120.944800 0.551400 111 7067 0 0.486042 0.001534 0.096146 0.057928 10000
0.354 0.084 3092.989000 2.986600 312 4261 0 0.483514 0.000978 0.120342 0.062327 10000
0.354 0.088 2960.754400 2.320100 253 4593 0 0.483546 0.001024 0.115897 0.060940 10000
