# mu sigma av_time av_div samples_div samples_multiple_eq samples_with_deaths av_m std_m  runtime_conv(s)  std_runtime_conv(s)  nsamples
0.000 0.368 2107.648700 63.971100 3491 3656 0 436025041.523828 994332639.780155 0.107067 0.119342 10000
0.000 0.372 2238.265600 74.879700 3918 4093 0 486266987.020187 1040275854.227734 0.117319 0.132664 10000
0.000 0.376 2381.997900 87.812000 4424 4620 0 514602061.598453 1034695555.095125 0.121577 0.133299 10000
0.000 0.380 2472.176600 102.511000 4890 5101 0 585500267.611469 1100425063.279169 0.129099 0.139771 10000
0.000 0.384 2507.849500 118.496600 5340 5559 0 629891929.026092 1086922606.879707 0.138573 0.146216 10000
0.000 0.388 2540.328100 135.753200 5826 6044 0 664738648.510600 1087765073.922199 0.146306 0.152291 10000
0.003 0.372 2170.200200 64.894200 3708 3895 0 472331861.437768 1050012887.667513 0.113776 0.129423 10000
0.003 0.376 2315.121300 76.240600 4188 4395 0 493063228.781942 1013023879.225585 0.120617 0.136225 10000
0.003 0.380 2430.066500 89.205900 4675 4904 0 552601039.786681 1071285000.890594 0.125223 0.135222 10000
0.003 0.384 2483.404800 104.009800 5136 5373 0 617548005.766735 1111879080.785613 0.132462 0.138515 10000
0.003 0.388 2521.210600 119.541400 5603 5836 0 651814648.316518 1096247588.134590 0.141458 0.147964 10000
0.003 0.392 2546.403000 136.940100 6078 6310 0 672695388.459320 1069578660.743843 0.148735 0.153826 10000
0.006 0.372 2104.292500 56.087400 3521 3727 0 435931519.833430 985115148.320450 0.108799 0.122386 10000
0.006 0.376 2246.054200 66.448400 3970 4195 0 484659515.186892 1031739220.114676 0.117713 0.133833 10000
0.006 0.380 2384.723900 77.525900 4473 4718 0 516210489.249647 1029287618.018585 0.121208 0.132077 10000
0.006 0.384 2463.289200 90.646400 4931 5183 0 581481187.588271 1076663077.209807 0.128792 0.137759 10000
0.006 0.388 2496.508700 105.346000 5364 5615 0 626564290.929895 1076741172.151109 0.150554 0.163795 10000
0.006 0.392 2530.509200 120.911000 5864 6113 0 661927762.245088 1086619011.256685 0.155112 0.162336 10000
0.009 0.376 2178.668500 57.709500 3763 4006 0 466214374.989272 1026700799.681839 0.067303 0.078219 10000
0.009 0.380 2322.628900 68.080100 4245 4499 0 486401952.958609 994170227.026877 0.134672 0.152299 10000
0.009 0.384 2430.071000 80.209500 4725 4986 0 548562502.055429 1051616400.970744 0.140829 0.151983 10000
0.009 0.388 2469.832100 93.493600 5162 5436 0 610803510.398964 1092749168.839130 0.151123 0.160916 10000
0.009 0.392 2511.637500 107.647300 5641 5911 0 639356207.570817 1064842099.505785 0.159651 0.168074 10000
0.012 0.378 2181.587000 54.193100 3793 4061 0 462073707.598089 1012157249.721967 0.113004 0.126536 10000
0.012 0.382 2327.203900 64.164200 4273 4555 0 490803986.066598 1005684211.185321 0.119715 0.135097 10000
0.012 0.386 2424.126000 75.388700 4741 5030 0 548723286.508513 1049870014.739166 0.125643 0.137460 10000
0.012 0.390 2464.563900 88.120200 5185 5477 0 605380933.841343 1075356901.885862 0.133881 0.142335 10000
0.012 0.394 2506.654200 101.811600 5658 5941 0 637903661.533145 1066378351.489828 0.152662 0.163170 10000
0.012 0.398 2529.414000 116.897500 6129 6417 0 659686960.863264 1039416832.783817 0.158735 0.165576 10000
0.015 0.376 2056.868500 43.691500 3408 3683 0 408700288.211244 936501908.351523 0.111881 0.126836 10000
0.015 0.380 2184.548700 51.663100 3818 4111 0 459252563.847771 1003783368.998630 0.125208 0.141273 10000
0.015 0.384 2331.271600 61.187700 4307 4610 0 491953414.103300 1003648149.182106 0.134258 0.150060 10000
0.015 0.388 2419.579900 71.782300 4763 5074 0 549293586.928412 1053184267.184657 0.145695 0.159264 10000
0.015 0.392 2459.018500 83.801700 5205 5515 0 599330193.913418 1058068434.998512 0.148606 0.158932 10000
0.015 0.396 2499.457400 96.953800 5689 6005 0 634559800.846686 1061106336.088901 0.158815 0.167528 10000
0.018 0.380 2123.883000 45.232300 3620 3933 0 428485585.374918 953971260.997750 0.124564 0.142547 10000
0.018 0.384 2262.224200 54.216300 4080 4403 0 473222675.639733 1000863000.573696 0.124938 0.140064 10000
0.018 0.388 2375.314800 63.255100 4553 4874 0 522304029.783294 1029000072.663680 0.132129 0.146521 10000
0.018 0.392 2435.682200 73.854700 4999 5324 0 582899134.021631 1071990078.495873 0.139854 0.152384 10000
0.018 0.396 2479.533200 85.949600 5459 5804 0 619342014.007703 1062103119.120178 0.149391 0.163030 10000
0.021 0.379 2031.675000 37.889800 3356 3685 0 395546353.240348 908212976.134608 0.114582 0.132068 10000
0.021 0.383 2166.982500 45.068900 3764 4110 0 441590053.626893 972595025.793678 0.124528 0.143498 10000
0.021 0.387 2300.681600 53.107700 4240 4585 0 486778896.946587 1013284199.088220 0.132945 0.148322 10000
0.021 0.391 2390.599000 62.491600 4686 5040 0 529001608.376582 1005991429.619625 0.141102 0.156070 10000
0.021 0.395 2436.624500 73.067400 5137 5512 0 591054871.067598 1065285425.807715 0.150673 0.158635 10000
0.024 0.381 2037.666700 36.029500 3385 3748 0 394301101.550870 897560520.799640 0.117416 0.134692 10000
0.024 0.385 2174.919100 42.791200 3800 4175 0 439597032.652275 970900742.221532 0.127051 0.146266 10000
0.024 0.389 2303.406100 50.589200 4259 4643 0 487302491.594589 1008810983.519984 0.119383 0.135542 10000
0.024 0.393 2384.572100 59.601000 4702 5095 0 526591373.331470 996051083.035536 0.126531 0.140331 10000
0.024 0.397 2432.800200 69.748500 5152 5554 0 591215370.119441 1066785936.655318 0.133394 0.143288 10000
0.024 0.401 2479.710500 81.015000 5640 6050 0 622785300.559329 1060317317.500841 0.137441 0.144843 10000
0.027 0.384 2077.931500 35.427800 3520 3920 0 404615084.887053 912587744.455796 0.113692 0.129210 10000
0.027 0.388 2215.025300 42.639600 3952 4363 0 450189449.771123 971732046.446654 0.121722 0.135865 10000
0.027 0.392 2327.363500 49.917000 4409 4830 0 501050268.802887 1013720262.666164 0.131825 0.146654 10000
0.027 0.396 2399.730400 58.662400 4851 5280 0 548432872.291437 1023333929.527546 0.079141 0.088764 10000
0.027 0.400 2445.864100 68.859200 5306 5748 0 583408641.162176 1021564338.923382 0.151702 0.162896 10000
0.027 0.404 2474.076400 80.355400 5765 6204 0 624380216.246796 1046537489.829693 0.154179 0.161787 10000
0.030 0.384 2012.919000 31.114200 3341 3769 0 389935289.817372 897476950.706869 0.113764 0.131401 10000
0.030 0.388 2157.825100 36.972900 3754 4190 0 422548712.933979 926706213.873448 0.124080 0.143795 10000
0.030 0.392 2278.449000 43.823600 4204 4652 0 477387225.178149 994385794.348022 0.071007 0.082720 10000
0.030 0.396 2350.165700 51.554200 4634 5098 0 524686014.804175 1014351864.647069 0.140842 0.154818 10000
0.030 0.400 2420.486500 60.453500 5099 5574 0 572341644.722048 1035560281.632838 0.148455 0.161836 10000
0.030 0.404 2463.669800 70.717100 5557 6040 0 606206267.726325 1041289367.910533 0.155832 0.167388 10000
0.033 0.385 1986.127900 28.202100 3276 3742 0 384280102.524190 894831182.226036 0.100365 0.114091 10000
0.033 0.389 2133.351200 33.644300 3683 4158 0 415900486.531134 931249846.681279 0.109436 0.126697 10000
0.033 0.393 2253.314000 40.162300 4132 4622 0 468544183.430054 989527102.486005 0.113701 0.126650 10000
0.033 0.397 2332.533600 47.280800 4562 5063 0 521885043.662649 1030148597.928963 0.120488 0.129779 10000
0.033 0.401 2406.125800 55.763400 5015 5538 0 561138827.917353 1030197172.524959 0.163850 0.198048 10000
0.033 0.405 2450.048800 65.651800 5468 5992 0 585359734.134425 1006296858.063515 0.153722 0.165540 10000
0.036 0.388 2031.486600 28.521800 3396 3908 0 389776654.767312 889917684.331940 0.119061 0.139740 10000
0.036 0.392 2174.132400 33.722000 3830 4352 0 426260533.621089 930317617.308411 0.125566 0.145070 10000
0.036 0.396 2278.277100 39.999700 4261 4808 0 476465825.123057 990052214.899314 0.117667 0.133062 10000
0.036 0.400 2347.288300 47.237700 4686 5252 0 531213529.867439 1017788255.623557 0.125640 0.138100 10000
0.036 0.404 2417.501200 55.492000 5172 5729 0 565269518.727269 1015998551.925385 0.132609 0.143148 10000
0.036 0.408 2456.791100 65.272400 5610 6172 0 600627764.078032 1026374911.374850 0.146212 0.153906 10000
0.039 0.396 2235.371800 35.381100 4089 4667 0 454167837.397283 965664620.414239 0.120655 0.135881 10000
0.039 0.400 2314.239600 41.751300 4514 5109 0 508145204.721057 1010625906.900226 0.127664 0.138377 10000
0.042 0.388 1919.040700 22.406100 3081 3669 0 357657005.986440 870487790.272063 0.104139 0.121032 10000
0.042 0.392 2042.557300 26.823400 3470 4079 0 387654972.075817 880564280.547518 0.111526 0.126702 10000
0.042 0.396 2185.549300 31.766400 3900 4519 0 426449589.811153 923449923.912495 0.118817 0.136494 10000
0.042 0.400 2273.074000 37.402400 4327 4974 0 476517206.441742 978451482.655186 0.121482 0.134672 10000
0.042 0.404 2342.677200 44.115100 4740 5409 0 533114195.714630 1019531624.185760 0.134991 0.149696 10000
0.042 0.408 2412.214000 52.039800 5229 5886 0 558645415.122039 1001066460.616448 0.138449 0.150791 10000
0.045 0.392 1988.108600 23.884300 3300 3958 0 379550557.556041 890273895.304796 0.109071 0.126255 10000
0.045 0.396 2120.008800 28.419700 3704 4377 0 404549949.287851 893933195.291571 0.116788 0.135436 10000
0.045 0.400 2231.693000 33.541600 4156 4854 0 451405215.492521 948450310.333064 0.119844 0.132593 10000
0.045 0.404 2308.709400 39.425000 4559 5287 0 507950810.400492 1002433699.189040 0.129496 0.141611 10000
0.045 0.408 2381.316900 46.429400 5015 5711 0 539315727.959559 983604931.979482 0.137882 0.154116 10000
0.045 0.412 2426.163700 54.758700 5474 6178 0 570594561.696481 994548775.320701 0.141220 0.151307 10000
0.048 0.392 1938.730900 21.092000 3140 3844 0 364903221.968264 882572645.207312 0.106395 0.125361 10000
0.048 0.396 2054.661400 25.090400 3527 4247 0 389821581.429870 876465195.580418 0.113249 0.130374 10000
0.048 0.400 2189.125800 29.781400 3968 4734 0 426246001.464987 903504610.495075 0.118701 0.136574 10000
0.048 0.404 2273.240800 34.946500 4379 5160 0 477569087.660136 966308809.058607 0.125564 0.139126 10000
0.048 0.408 2341.499400 41.413700 4810 5576 0 528869161.571938 1008049038.899003 0.135112 0.150024 10000
0.048 0.412 2406.854700 48.634700 5285 6048 0 546952458.747065 968822149.597261 0.138698 0.151548 10000
0.051 0.396 1998.673900 22.301700 3361 4141 0 377424987.034803 871758218.820150 0.109953 0.127290 10000
0.051 0.400 2130.673900 26.423800 3769 4592 0 412940531.634621 911398715.087171 0.118091 0.136607 10000
0.051 0.404 2237.023800 31.014400 4208 5057 0 451805897.514876 940206224.737404 0.122647 0.138657 10000
0.051 0.408 2304.556300 36.873500 4594 5448 0 513063824.908144 1008796889.253406 0.134020 0.153336 10000
0.051 0.412 2372.901100 43.300300 5074 5888 0 537517124.016143 979565565.758075 0.137854 0.151841 10000
0.051 0.416 2416.551500 50.954000 5532 6354 0 576274400.976618 1005466439.867751 0.140034 0.146833 10000
0.054 0.396 1950.924800 19.634900 3218 4073 0 362687961.210432 864495217.053507 0.105646 0.120746 10000
0.054 0.400 2072.557900 23.498900 3604 4490 0 391693387.811477 877493404.607222 0.113801 0.131622 10000
0.054 0.404 2190.126400 27.854000 4045 4954 0 432065080.152203 910792790.652528 0.117493 0.130615 10000
0.054 0.408 2266.557600 32.614100 4440 5359 0 472667337.444519 942198354.475313 0.125832 0.138407 10000
0.054 0.412 2340.170700 38.427500 4883 5766 0 524914258.282818 990809081.189561 0.133855 0.145903 10000
0.054 0.416 2406.570200 45.438700 5346 6235 0 545559015.965841 956587771.751290 0.138715 0.151070 10000
0.057 0.396 1902.883100 17.463400 3072 3995 0 342836792.045329 835506299.872406 0.102460 0.116421 10000
0.057 0.400 2010.468900 20.939500 3436 4384 0 383326734.965369 883975748.829269 0.109705 0.124220 10000
0.057 0.404 2133.738900 24.744100 3834 4815 0 411003244.709302 894728831.727486 0.118216 0.137238 10000
0.057 0.408 2232.996500 29.181500 4265 5256 0 457056254.934558 940456710.861751 0.122933 0.138146 10000
0.057 0.412 2306.730400 34.275200 4689 5649 0 511634714.826805 999629768.597928 0.131383 0.145806 10000
0.057 0.416 2366.158300 40.492200 5120 6075 0 535433691.910997 968807902.225641 0.139665 0.154345 10000
0.060 0.392 1767.183000 12.795500 2602 3513 0 297736823.425262 810240406.873300 0.094536 0.113178 10000
0.060 0.396 1860.650600 15.373700 2939 3919 0 330923078.688233 825991246.473156 0.099698 0.115104 10000
0.060 0.400 1963.954000 18.539500 3280 4292 0 363719961.032752 857510954.921876 0.107772 0.125537 10000
0.060 0.404 2078.235300 22.155500 3668 4700 0 391155588.066244 863814787.714899 0.114727 0.131908 10000
0.060 0.408 2187.569600 26.083200 4092 5145 0 428291007.055149 888408570.660171 0.118619 0.133369 10000
0.060 0.412 2269.491300 30.471300 4513 5563 0 479299250.371587 952118992.353323 0.126103 0.137650 10000
0.063 0.400 1918.026800 16.443400 3132 4204 0 348191059.184716 836950615.196617 0.114339 0.131842 10000
0.063 0.404 2025.539300 19.442000 3507 4601 0 384045971.835541 874985897.883184 0.111055 0.127033 10000
0.063 0.408 2139.338300 23.323200 3914 5032 0 415659484.992152 893245552.943111 0.117939 0.134433 10000
0.063 0.412 2233.371200 27.663600 4321 5473 0 451906465.675306 912366623.178981 0.132990 0.150571 10000
0.063 0.416 2308.393500 32.343000 4759 5853 0 504471944.421408 974935096.722028 0.139868 0.154019 10000
0.063 0.420 2361.261600 38.293700 5175 6264 0 535406421.299574 972339027.977790 0.149426 0.164678 10000
0.066 0.396 1782.622800 12.098500 2670 3752 0 301880727.648578 804876215.737024 0.110391 0.143492 10000
0.066 0.400 1875.947800 14.468700 2992 4124 0 333899157.820069 826332777.543948 0.108131 0.127309 10000
0.066 0.404 1980.626600 17.292300 3352 4523 0 368957859.731767 861085496.509147 0.114919 0.132737 10000
0.066 0.408 2090.340000 20.573000 3741 4935 0 394015664.715021 864107240.234947 0.119194 0.137208 10000
0.066 0.412 2188.452000 24.692400 4149 5378 0 434482328.263397 894081775.224154 0.114073 0.127893 10000
0.066 0.416 2274.734700 28.925800 4574 5765 0 480866324.136452 948309813.889945 0.133240 0.149348 10000
0.069 0.396 1745.826600 10.670800 2535 3669 0 278969228.370190 765483767.860379 0.109711 0.147172 10000
0.069 0.400 1842.098200 12.912900 2869 4049 0 321250764.954004 818597093.007042 0.058859 0.070742 10000
0.069 0.404 1932.376200 15.549900 3203 4444 0 353649227.753772 846007497.901764 0.098566 0.113354 10000
0.069 0.408 2039.035600 18.546500 3581 4864 0 384627120.318463 863168452.599481 0.104227 0.118712 10000
0.069 0.412 2146.438100 22.203300 3984 5280 0 417574426.199696 891117335.438101 0.110050 0.123391 10000
0.069 0.416 2235.429400 26.139800 4386 5669 0 459762321.291591 921358656.325782 0.118146 0.133762 10000
0.072 0.400 1801.239100 11.622500 2738 3999 0 305772612.365829 804894115.907147 0.099888 0.118962 10000
0.072 0.404 1892.903200 13.933800 3062 4387 0 339576346.752277 834590479.433232 0.061196 0.072701 10000
0.072 0.408 1996.408600 16.524700 3430 4786 0 372646074.460132 865002988.582791 0.064204 0.075916 10000
0.072 0.412 2099.720800 19.641800 3829 5178 0 395483573.032361 859237375.235028 0.068445 0.077998 10000
0.072 0.416 2194.185600 23.384700 4217 5596 0 435171044.138229 887859688.982893 0.115043 0.129713 10000
0.072 0.420 2275.458900 27.499300 4658 5976 0 477410803.503565 931687267.251892 0.118893 0.130892 10000
0.075 0.396 1657.228900 8.844400 2282 3567 0 259544205.572839 757774130.022734 0.085033 0.104004 10000
0.075 0.400 1768.678800 10.697600 2602 3937 0 283697041.564723 764716550.102339 0.089664 0.107677 10000
0.075 0.404 1860.845600 12.497300 2939 4349 0 326745420.741705 827050520.567119 0.099931 0.114839 10000
0.075 0.408 1951.065600 14.956400 3271 4706 0 356555511.661848 839975367.614433 0.107439 0.125173 10000
0.075 0.412 2054.831100 17.758700 3652 5104 0 383254914.777190 847236552.815242 0.113532 0.130418 10000
0.075 0.416 2149.483200 20.983400 4040 5496 0 422895758.344913 888138048.052579 0.120562 0.136622 10000
0.078 0.396 1609.772000 7.902200 2159 3523 0 239639223.138590 724948671.520451 0.089178 0.109256 10000
0.078 0.400 1724.302900 9.576300 2482 3908 0 268769450.066476 755840303.975409 0.093344 0.111356 10000
0.078 0.404 1825.420100 11.195700 2808 4284 0 310211346.329544 813437991.554904 0.101705 0.119812 10000
0.078 0.408 1908.684600 13.518000 3128 4644 0 339689149.519590 818481771.436092 0.111033 0.128071 10000
0.078 0.412 2007.880800 16.132100 3502 5054 0 372356808.592538 854535528.161681 0.068755 0.079849 10000
0.078 0.416 2111.063500 18.856500 3885 5435 0 404305891.315024 865825750.433382 0.121306 0.137268 10000
0.081 0.396 1557.200800 6.954100 2043 3498 0 224354473.373560 696491850.414546 0.081554 0.097227 10000
0.081 0.400 1674.493100 8.561500 2344 3851 0 256447480.970019 733282427.481448 0.086540 0.105123 10000
0.081 0.404 1793.387600 10.370300 2685 4233 0 291695605.328113 780955155.338584 0.089417 0.104630 10000
0.081 0.408 1875.077600 12.126100 3000 4611 0 330718297.961909 825437888.518363 0.095363 0.110707 10000
0.081 0.412 1967.437200 14.363800 3352 4996 0 358762900.087912 840628461.410840 0.110115 0.126790 10000
0.081 0.416 2073.156300 17.178400 3738 5384 0 381029844.084106 832313703.033067 0.105434 0.120050 10000
0.084 0.396 1514.164700 6.148100 1944 3467 0 212363788.913828 679517238.355367 0.077781 0.090957 10000
0.084 0.400 1632.457000 7.356300 2225 3806 0 245969605.225908 730827078.260050 0.084195 0.102062 10000
0.084 0.404 1754.997300 8.998400 2549 4201 0 270380733.661902 750643637.911038 0.088622 0.107609 10000
0.084 0.408 1840.875800 10.778500 2874 4578 0 314025229.558989 813498099.013582 0.102683 0.118321 10000
0.084 0.412 1925.055400 12.904000 3201 4942 0 347295771.506781 828879269.561873 0.110004 0.127773 10000
0.084 0.416 2029.490400 15.450600 3575 5346 0 376709716.074325 856996474.344962 0.063564 0.075475 10000
0.087 0.396 1475.783400 5.300900 1843 3441 0 198250031.854458 652197189.031932 0.048169 0.058978 10000
0.087 0.400 1586.436500 6.334800 2111 3815 0 231218454.294489 704863347.437260 0.082698 0.099062 10000
0.087 0.404 1709.542500 7.963000 2415 4180 0 253560172.077908 716709706.831489 0.088912 0.109012 10000
0.087 0.408 1801.770900 9.645300 2747 4558 0 295087188.768395 779877297.192520 0.089988 0.103391 10000
0.087 0.412 1892.964200 11.608300 3076 4928 0 335892980.573069 828052789.400546 0.095845 0.110864 10000
0.087 0.416 1987.714300 13.746400 3422 5293 0 358120949.347599 833235515.183957 0.111983 0.129866 10000
0.090 0.400 1536.353100 5.643000 1986 3776 0 214724238.885016 673443710.659504 0.088859 0.107391 10000
0.090 0.404 1655.680300 6.834900 2291 4153 0 249190056.118156 734271380.030992 0.093450 0.113116 10000
0.090 0.408 1771.497300 8.369100 2634 4570 0 277634724.295264 758595661.869598 0.095106 0.110724 10000
0.090 0.412 1857.361300 10.000100 2932 4902 0 319358409.091854 812250295.636742 0.060674 0.072630 10000
0.090 0.416 1938.243900 12.245700 3269 5280 0 341997681.153324 800288391.023401 0.067511 0.079425 10000
0.090 0.420 2047.691100 14.573700 3651 5678 0 381403786.648848 856139796.535915 0.069532 0.082169 10000
0.093 0.396 1394.473600 4.055500 1652 3435 0 173427842.357454 607671166.506581 0.050150 0.063662 10000
0.093 0.400 1497.079900 4.982600 1898 3786 0 205704880.453698 665630647.165720 0.050692 0.062267 10000
0.093 0.404 1607.254800 6.017100 2174 4151 0 229311698.537861 682251431.639140 0.058754 0.073015 10000
0.093 0.408 1736.028500 7.447200 2496 4552 0 257330386.809687 719682599.724308 0.056946 0.071895 10000
0.093 0.412 1820.140700 9.081200 2807 4893 0 298597528.713942 773690071.087956 0.059661 0.071914 10000
0.093 0.416 1905.681000 10.771300 3154 5297 0 339131371.962537 815388645.427916 0.065582 0.075046 10000
0.096 0.392 1238.727200 3.067600 1346 3143 0 145617827.254761 560873527.751560 0.046638 0.056645 10000
0.096 0.396 1347.005200 3.776800 1569 3456 0 161818433.759428 574732011.001498 0.046916 0.057927 10000
0.096 0.400 1456.257000 4.521000 1802 3804 0 189538536.473548 639918142.473665 0.051982 0.063700 10000
0.096 0.404 1560.285800 5.589100 2042 4140 0 226160289.196275 693258462.315214 0.054619 0.069941 10000
0.096 0.408 1683.643800 6.723000 2357 4550 0 246316569.441449 713556589.907032 0.059847 0.075526 10000
0.096 0.412 1786.626000 8.019100 2691 4917 0 288525013.867857 781802717.655746 0.060967 0.072888 10000
0.096 0.416 1875.618400 9.545300 2998 5254 0 326883456.895982 811882405.335091 0.075361 0.091176 10000
0.096 0.420 1959.880600 11.560100 3346 5619 0 345781420.562430 801218582.112532 0.076183 0.090150 10000
0.096 0.424 2060.524900 13.943500 3742 6020 0 379884231.490368 840946813.273362 0.082856 0.095366 10000
0.096 0.428 2140.492700 16.369400 4103 6364 0 417427227.205073 882384117.346496 0.088838 0.103295 10000
0.096 0.432 2209.137300 19.298100 4519 6744 0 449849268.790487 879639008.463811 0.091210 0.102627 10000
0.096 0.436 2262.793900 22.877000 4913 7077 0 475594863.542060 884688330.644006 0.091322 0.102810 10000
0.096 0.440 2304.788800 27.187100 5305 7418 0 510436395.019949 903503109.135988 0.104090 0.116545 10000
0.096 0.444 2325.517100 31.917600 5709 7724 0 538815257.945088 924989826.564369 0.108234 0.117680 10000
0.099 0.396 1303.356900 3.427200 1476 3490 0 156815592.523948 570186138.471888 0.046242 0.057665 10000
0.099 0.400 1416.539600 4.122600 1726 3833 0 178836545.834939 611727580.911366 0.050449 0.059302 10000
0.099 0.404 1519.169000 5.019600 1956 4207 0 209763528.977234 668092785.938766 0.051716 0.062579 10000
0.099 0.408 1637.719600 6.083800 2251 4566 0 233364797.238573 687559854.649334 0.054740 0.067369 10000
0.099 0.412 1765.138800 7.305100 2583 4939 0 267146129.110960 744225975.915648 0.056813 0.068931 10000
0.099 0.416 1846.084700 8.705300 2884 5276 0 305076144.009268 778775810.589612 0.060239 0.070854 10000
0.102 0.396 1268.142700 2.951800 1405 3550 0 154263816.331019 584791423.413998 0.044695 0.053358 10000
0.102 0.400 1380.244100 3.650000 1629 3880 0 166793537.573865 585412890.977816 0.050872 0.063555 10000
0.102 0.404 1473.863500 4.523300 1853 4221 0 198596390.889154 659287421.290524 0.054137 0.065321 10000
0.102 0.408 1589.541800 5.484100 2131 4575 0 224084437.073803 680089234.893353 0.053945 0.066279 10000
0.102 0.412 1718.553200 6.745600 2449 4951 0 249278936.110218 711923050.648647 0.056786 0.069510 10000
0.102 0.416 1819.487300 7.962600 2759 5287 0 292011618.594135 775600619.012083 0.060118 0.073016 10000
0.105 0.396 1238.912000 2.626900 1337 3597 0 142512373.064630 558227995.811950 0.044039 0.052047 10000
0.105 0.400 1338.317200 3.223100 1541 3908 0 159415659.734070 571742139.168912 0.047804 0.058639 10000
0.105 0.404 1435.556800 3.997200 1777 4269 0 180330377.657913 607732563.648874 0.051055 0.059248 10000
0.105 0.408 1545.134600 4.850500 2009 4593 0 219924942.984499 689290523.056889 0.054088 0.067029 10000
0.105 0.412 1673.421600 5.908300 2324 4957 0 234702989.025569 679459082.257565 0.060117 0.072790 10000
0.105 0.416 1788.247600 7.105700 2656 5299 0 273237343.542892 744050307.376221 0.061785 0.071884 10000
0.108 0.400 1296.040400 3.001500 1456 3973 0 153715365.204892 563174582.954232 0.087566 0.103840 10000
0.108 0.404 1406.317100 3.647300 1697 4331 0 174162056.382517 603650013.804721 0.085955 0.098837 10000
0.108 0.408 1501.903400 4.380600 1914 4655 0 201665274.342701 654202900.456383 0.051318 0.060549 10000
0.108 0.412 1629.997400 5.393900 2203 4982 0 223839621.326979 665884289.661238 0.097879 0.116917 10000
0.108 0.416 1749.289700 6.415900 2518 5358 0 257107567.842254 722848299.557250 0.101140 0.119458 10000
0.108 0.420 1833.761100 7.566600 2834 5677 0 300214217.014702 783747673.262344 0.105272 0.123018 10000
0.111 0.396 1177.642200 2.251100 1213 3728 0 121009012.380585 488337721.951728 0.071580 0.079742 10000
0.111 0.400 1268.330000 2.674100 1387 4042 0 151657268.450304 575315924.263821 0.076817 0.089726 10000
0.111 0.404 1370.527400 3.308600 1603 4386 0 164063131.647769 576967642.488443 0.081155 0.095025 10000
0.111 0.408 1466.151500 3.970500 1826 4700 0 188425257.819657 624621390.916265 0.085593 0.098646 10000
0.111 0.412 1581.522200 4.921200 2085 5044 0 219741706.957446 674046701.324139 0.058978 0.071927 10000
0.111 0.416 1706.862100 5.834200 2398 5404 0 234510587.524782 674936461.152805 0.091604 0.109117 10000
0.114 0.396 1156.452300 2.089000 1154 3808 0 123458664.751462 513434345.466076 0.068150 0.078866 10000
0.114 0.400 1243.329900 2.445200 1326 4116 0 138491509.292926 543046646.481568 0.071995 0.081470 10000
0.114 0.404 1328.307400 3.092500 1521 4442 0 154570136.326448 558469536.364422 0.076037 0.087656 10000
0.114 0.408 1431.361200 3.633500 1752 4793 0 178290477.518494 605854359.025749 0.079446 0.089025 10000
0.114 0.412 1542.274800 4.408200 1965 5090 0 205304748.348338 649250403.688419 0.056830 0.070931 10000
0.114 0.416 1659.414600 5.268700 2276 5448 0 227046824.376032 669721020.056249 0.058422 0.071880 10000
0.117 0.396 1140.512300 1.884100 1100 3895 0 117041369.301996 497958201.749201 0.044084 0.051583 10000
0.117 0.400 1209.959300 2.296500 1257 4210 0 125234782.195465 496516317.140546 0.043893 0.050832 10000
0.117 0.404 1303.566900 2.738900 1445 4528 0 155388409.077750 582242403.304784 0.075725 0.088091 10000
0.117 0.408 1399.788100 3.261500 1656 4835 0 167285929.564075 577436508.042366 0.079837 0.094886 10000
0.117 0.412 1491.792900 4.077900 1877 5153 0 193571216.721229 626668845.215917 0.084774 0.097430 10000
0.117 0.416 1606.883800 4.875400 2155 5492 0 216889496.535661 654202476.853318 0.089570 0.108154 10000
0.120 0.392 1052.771500 1.443600 904 3695 0 103294746.113480 494193843.943803 0.070216 0.079581 10000
0.120 0.396 1112.493600 1.696000 1029 4008 0 108537573.762780 472614777.445616 0.041252 0.050051 10000
0.120 0.400 1189.021300 2.063800 1212 4321 0 124222195.832657 510362190.799106 0.042429 0.046723 10000
0.120 0.404 1270.732500 2.433000 1373 4598 0 148076511.978141 570501120.406103 0.070794 0.081572 10000
0.120 0.408 1369.136000 2.977800 1590 4919 0 160454336.668917 567781842.742535 0.074922 0.085848 10000
0.120 0.412 1453.460500 3.696900 1796 5240 0 185028971.546906 616268954.592283 0.079195 0.089914 10000
0.123 0.392 1033.204900 1.352800 851 3810 0 87133063.809103 429965153.383624 0.062017 0.070079 10000
0.123 0.396 1092.202400 1.597000 981 4100 0 108354314.788449 483525756.938673 0.074237 0.084632 10000
0.123 0.400 1168.018900 1.841200 1146 4399 0 120504832.949944 508271607.806241 0.042643 0.049275 10000
0.123 0.404 1251.908200 2.137300 1310 4681 0 135858914.282470 531189650.129243 0.074561 0.085737 10000
0.123 0.408 1332.722800 2.637800 1516 5008 0 152442240.516207 552703101.935631 0.076979 0.085503 10000
0.123 0.412 1425.668400 3.240400 1721 5330 0 172629845.721370 585996814.313524 0.081824 0.093180 10000
0.126 0.392 1019.242700 1.145000 814 3913 0 85474668.076145 440412026.848117 0.063435 0.069607 10000
0.126 0.396 1074.017200 1.393200 940 4207 0 106259888.394512 491430433.362965 0.066253 0.073106 10000
0.126 0.400 1142.326700 1.690300 1075 4494 0 115040806.862469 495370872.066278 0.070733 0.083923 10000
0.126 0.404 1219.097600 1.980700 1250 4768 0 123731146.419130 497223338.093931 0.072983 0.080895 10000
0.126 0.408 1301.925900 2.362300 1431 5086 0 148909978.451568 558009733.528780 0.077131 0.087103 10000
0.126 0.412 1390.768000 2.811400 1646 5420 0 164156990.018914 567461193.414105 0.083212 0.092608 10000
0.129 0.388 933.936600 0.849000 645 3731 0 65158233.605993 374484755.957030 0.061689 0.067735 10000
0.129 0.392 1005.626400 1.063200 770 4026 0 79375859.184698 413782696.055512 0.062493 0.070144 10000
0.129 0.396 1059.025900 1.281600 898 4312 0 98893248.125878 479668327.553445 0.064712 0.070182 10000
0.129 0.400 1119.407000 1.462400 1020 4604 0 110271498.354593 486091296.075317 0.069467 0.081273 10000
0.129 0.404 1196.668300 1.734800 1190 4879 0 121158887.940585 498395116.254774 0.071786 0.082300 10000
0.129 0.408 1280.799600 2.079500 1374 5199 0 144584561.789527 563400780.452043 0.074690 0.083864 10000
0.132 0.388 908.111300 0.798100 598 3846 0 60769254.409530 356403649.266933 0.060053 0.065581 10000
0.132 0.392 985.148700 0.968300 717 4142 0 73093164.082643 396645998.575320 0.062931 0.072500 10000
0.132 0.396 1045.966300 1.192400 853 4435 0 88802430.648634 442113306.365891 0.064566 0.070303 10000
0.132 0.400 1101.052000 1.391000 977 4706 0 106761522.411973 481970626.942368 0.068091 0.075927 10000
0.132 0.404 1172.755900 1.646200 1138 5012 0 117031134.380872 497278345.841413 0.070652 0.078824 10000
0.132 0.408 1247.187500 1.885800 1295 5311 0 130320097.354478 515365442.335215 0.074674 0.084839 10000
0.135 0.384 830.685300 0.638800 475 3717 0 52367618.051810 344134016.961022 0.057157 0.057724 10000
0.135 0.388 897.281900 0.763300 572 3969 0 58172858.688400 348998052.333464 0.059602 0.061918 10000
0.135 0.392 969.449800 0.941700 691 4296 0 66757092.201717 370613444.884613 0.061878 0.065526 10000
0.135 0.396 1035.689200 1.099300 810 4563 0 84676144.251264 440742379.100847 0.064603 0.071532 10000
0.135 0.400 1089.254500 1.302500 941 4872 0 104007803.853172 486773338.127739 0.066964 0.071425 10000
0.135 0.404 1144.282000 1.517400 1074 5136 0 110881887.412835 474668151.939371 0.070259 0.078115 10000
0.138 0.384 828.562800 0.634900 453 3849 0 51456910.023611 352762582.739223 0.056881 0.057319 10000
0.138 0.388 887.089400 0.702200 530 4112 0 54988680.530120 342808997.999475 0.060849 0.067253 10000
0.138 0.392 953.990500 0.847100 635 4418 0 64172501.676471 366018314.107044 0.063308 0.071627 10000
0.138 0.396 1017.607700 1.005300 772 4710 0 76315441.226648 398180139.663304 0.063809 0.067400 10000
0.138 0.400 1070.065700 1.206200 887 5002 0 92195041.076730 441429897.318896 0.066978 0.072913 10000
0.138 0.404 1123.559500 1.450300 1021 5272 0 110748058.790544 492622386.373576 0.069764 0.076471 10000
0.141 0.384 826.872800 0.550800 430 3987 0 46121569.497587 329999707.614836 0.057084 0.057180 10000
0.141 0.388 877.887300 0.646400 505 4258 0 54310186.374124 347285938.492481 0.060571 0.064557 10000
0.141 0.392 936.068100 0.786400 604 4553 0 61011518.365849 360655218.685566 0.062671 0.067284 10000
0.141 0.396 1000.488200 0.955000 719 4857 0 72655500.033559 391403587.575806 0.064657 0.072012 10000
0.141 0.400 1058.239600 1.172000 849 5149 0 92221470.843036 466913619.113716 0.066137 0.070299 10000
0.141 0.404 1114.967500 1.321100 976 5402 0 105747361.179429 479849501.689866 0.069629 0.077372 10000
0.144 0.380 778.739000 0.455800 338 3872 0 33047883.416462 272815871.035737 0.055590 0.058496 10000
0.144 0.384 822.008700 0.578900 402 4139 0 43994193.443822 328504837.295047 0.064644 0.067195 10000
0.144 0.388 866.475800 0.622600 483 4425 0 51630592.294074 340101119.877413 0.036736 0.038951 10000
0.144 0.392 917.722000 0.722100 570 4712 0 58736328.876039 356369291.557077 0.062748 0.066528 10000
0.144 0.396 983.277000 0.881000 685 5020 0 66566168.565761 367747335.350479 0.065744 0.068938 10000
0.144 0.400 1054.274300 1.099700 817 5277 0 80597318.537874 407413577.138580 0.065629 0.070369 10000
0.147 0.384 820.284200 0.491300 390 4308 0 38162907.222652 289212820.164181 0.058451 0.057927 10000
0.147 0.388 854.742800 0.586400 458 4573 0 50558987.198726 348297186.665260 0.066006 0.066303 10000
0.147 0.392 905.917600 0.691000 539 4859 0 55789110.328926 347596459.245923 0.036309 0.039256 10000
0.147 0.396 963.954400 0.809900 637 5148 0 64989935.055026 372040097.423407 0.063925 0.068495 10000
0.147 0.400 1038.898200 0.980000 764 5415 0 75361893.929827 397760903.878395 0.041370 0.048434 10000
0.147 0.404 1090.601200 1.250600 894 5683 0 91107619.685867 439407115.396077 0.042279 0.046766 10000
0.150 0.380 768.737700 0.407100 295 4213 0 28716015.567918 252042361.221378 0.032845 0.034473 10000
0.150 0.384 809.061900 0.464500 365 4462 0 35581069.207701 283710150.779822 0.064173 0.062000 10000
0.150 0.388 846.513000 0.520300 429 4717 0 46412515.554386 327087312.833473 0.059923 0.061056 10000
0.150 0.392 892.192400 0.625700 510 5012 0 52315477.701114 332817790.218998 0.062114 0.062284 10000
0.150 0.396 958.126100 0.759800 611 5288 0 62793606.961628 371496899.923405 0.064695 0.068810 10000
0.150 0.400 1019.558800 0.973300 725 5544 0 72496449.304794 390680691.107440 0.066818 0.070945 10000
0.153 0.376 725.767900 0.316600 236 4103 0 22736346.673634 218116011.088002 0.052312 0.048640 10000
0.153 0.380 762.259300 0.335400 279 4391 0 27096399.755686 240408986.965685 0.054277 0.052851 10000
0.153 0.384 804.060000 0.435400 347 4631 0 32674125.492258 266116527.755234 0.055177 0.053033 10000
0.153 0.388 842.969500 0.484000 408 4894 0 43018968.709457 322056176.057611 0.057191 0.057264 10000
0.153 0.392 883.723200 0.572400 485 5173 0 51456430.136015 341970537.045130 0.068631 0.068849 10000
0.153 0.396 946.337200 0.742700 579 5427 0 57042044.774422 341917903.554623 0.071728 0.073667 10000
0.156 0.372 691.586700 0.200600 183 4015 0 16053471.310169 182256059.283012 0.059740 0.055217 10000
0.156 0.376 721.708100 0.294000 221 4280 0 22221296.639671 223525691.765084 0.056214 0.050641 10000
0.156 0.380 755.527800 0.337300 264 4551 0 25091518.763593 229221908.336370 0.058085 0.053968 10000
0.156 0.384 791.851900 0.404400 313 4814 0 31769211.267986 269923836.756860 0.060257 0.061910 10000
0.156 0.388 838.400000 0.433700 391 5064 0 39107155.682274 297813821.231642 0.061011 0.058676 10000
0.156 0.392 880.141200 0.540700 461 5331 0 49014189.773862 334004177.053001 0.068930 0.069444 10000
0.159 0.368 660.921900 0.131800 138 3953 0 12079955.414387 160915322.086120 0.032215 0.029131 10000
0.159 0.372 689.932300 0.211700 172 4193 0 15740361.365646 187545315.456756 0.032274 0.028428 10000
0.159 0.376 720.859100 0.258500 204 4462 0 21489526.048408 224791695.672438 0.054854 0.051087 10000
0.159 0.380 747.481300 0.295700 246 4739 0 24010387.057804 225744817.755001 0.063669 0.059015 10000
0.159 0.384 786.679400 0.389500 300 5006 0 29700692.121914 262486155.262836 0.065251 0.060702 10000
0.159 0.388 835.866200 0.419000 367 5222 0 35208406.240007 279869095.563498 0.036820 0.036408 10000
0.162 0.368 663.313100 0.141300 129 4122 0 11219557.670933 153336267.178593 0.033069 0.028837 10000
0.162 0.372 691.241100 0.164600 162 4388 0 14525361.111278 176693684.619658 0.052021 0.047028 10000
0.162 0.376 713.720900 0.246700 192 4652 0 19927924.785037 219416991.252811 0.053162 0.047006 10000
0.162 0.380 751.957300 0.284300 235 4911 0 23260899.151010 225427344.657173 0.054960 0.051748 10000
0.162 0.384 787.861500 0.323000 274 5153 0 25617593.611942 223405712.700324 0.057329 0.059077 10000
0.162 0.388 829.636000 0.381000 348 5411 0 32309226.790457 264669403.370733 0.039513 0.038768 10000
0.165 0.364 631.281600 0.097700 96 4048 0 7183755.583663 113170068.839092 0.055422 0.043987 10000
0.165 0.368 675.735000 0.146200 127 4306 0 9570853.711838 135523697.937534 0.057919 0.053827 10000
0.165 0.372 687.664300 0.158300 147 4564 0 13341698.155614 167295408.811480 0.058562 0.051992 10000
0.165 0.376 720.851500 0.218800 187 4838 0 16400640.910897 183326775.355492 0.059724 0.052722 10000
0.165 0.380 746.910600 0.278100 220 5076 0 22038156.161423 219829269.816550 0.064587 0.058410 10000
0.165 0.384 776.816800 0.311300 268 5333 0 25887259.343497 233285482.714092 0.062826 0.055806 10000
0.168 0.360 614.860600 0.064000 79 3989 0 7211058.388239 122553413.839937 0.054494 0.041210 10000
0.168 0.364 642.392300 0.102800 93 4240 0 7041962.837947 109898449.637024 0.058707 0.050521 10000
0.168 0.368 666.407600 0.128900 116 4484 0 9632550.736515 147799860.539457 0.057570 0.048829 10000
0.168 0.372 688.543500 0.163100 139 4733 0 11496487.373715 148619359.478504 0.035720 0.031501 10000
0.168 0.376 716.725200 0.209500 174 4978 0 15554833.428429 180486023.554776 0.034371 0.030246 10000
0.168 0.380 750.373800 0.304600 208 5247 0 21042201.920409 221680303.157815 0.065456 0.059367 10000
0.171 0.356 615.947400 0.053100 67 3928 0 4811087.784198 86582937.032057 0.057639 0.046232 10000
0.171 0.360 623.835500 0.078300 72 4179 0 6629685.877940 114933075.083894 0.031649 0.026240 10000
0.171 0.364 644.992000 0.097300 85 4412 0 7533304.064204 123160225.476525 0.031955 0.027681 10000
0.171 0.368 662.931400 0.133500 107 4657 0 8202712.586956 129965827.059031 0.033014 0.028791 10000
0.171 0.372 693.534000 0.175500 134 4935 0 12206742.494028 163587971.900203 0.035823 0.031751 10000
0.171 0.376 722.412100 0.200300 164 5166 0 15567696.734470 188011070.936822 0.056588 0.050135 10000
0.174 0.356 617.809000 0.060100 62 4120 0 5080564.597138 92909568.924984 0.051391 0.041036 10000
0.174 0.360 632.816300 0.084700 68 4361 0 5869183.155765 104060072.559039 0.052964 0.043483 10000
0.174 0.364 644.732200 0.107900 81 4620 0 7377635.099923 126950210.025998 0.053328 0.042838 10000
0.174 0.368 669.968900 0.137200 104 4857 0 7217739.991491 115749499.847954 0.061458 0.051337 10000
0.174 0.372 696.746600 0.174100 128 5103 0 11267420.179312 159449046.660335 0.062992 0.051340 10000
0.174 0.376 721.322200 0.222000 153 5336 0 14342279.966263 179286255.552604 0.064658 0.056528 10000
0.177 0.348 604.149400 0.037800 48 3843 0 4934134.791074 110293069.420732 0.030659 0.022188 10000
0.177 0.352 618.210500 0.049400 53 4078 0 5310187.488250 107420944.172456 0.055465 0.045294 10000
0.177 0.356 630.610400 0.066000 60 4338 0 5030794.598657 90659154.162684 0.056702 0.046623 10000
0.177 0.360 640.054300 0.102000 68 4562 0 5049006.588079 86222760.735306 0.057328 0.046521 10000
0.177 0.364 653.097200 0.113500 77 4799 0 7061113.060264 118753014.081414 0.058436 0.047077 10000
0.177 0.368 677.621400 0.150400 100 5064 0 6703568.099622 103387368.645816 0.055779 0.046869 10000
0.180 0.352 628.385100 0.056900 54 4290 0 5096342.990986 104377728.164853 0.058973 0.045745 10000
0.180 0.356 632.995000 0.088800 56 4551 0 5748034.802825 107684384.031154 0.034143 0.025960 10000
0.180 0.360 651.862700 0.125700 74 4775 0 4865483.190325 87095543.552295 0.060571 0.046476 10000
0.180 0.364 657.302000 0.136600 78 5007 0 6565712.541369 114374890.104343 0.054998 0.039821 10000
0.180 0.368 682.225700 0.169400 92 5268 0 7198620.087826 117091954.463155 0.063478 0.053634 10000
0.180 0.372 710.019900 0.186400 115 5531 0 8725601.745195 136060994.763474 0.064986 0.057262 10000
0.183 0.352 636.276200 0.090400 55 4502 0 4565047.672628 95787766.641876 0.034116 0.025129 10000
0.183 0.356 643.654600 0.109900 57 4753 0 5830359.610501 112741842.990175 0.055065 0.046651 10000
0.183 0.360 654.439800 0.113000 65 4972 0 5089521.456867 95483601.790316 0.055866 0.046686 10000
0.183 0.364 672.556800 0.135200 75 5232 0 6750281.889712 118183698.623662 0.063110 0.050782 10000
0.183 0.368 684.947900 0.179600 87 5474 0 7649414.824612 133675788.377221 0.063992 0.052381 10000
0.183 0.372 716.705300 0.233800 117 5752 0 7164276.225121 114423904.040019 0.037774 0.031384 10000
0.186 0.344 617.610900 0.035200 33 4189 0 3331496.364253 89120666.889610 0.053464 0.039301 10000
0.186 0.348 637.618800 0.048500 41 4447 0 3332937.969238 84959434.289080 0.055263 0.046942 10000
0.186 0.352 642.354700 0.080700 49 4709 0 4757983.768855 104234675.319088 0.055308 0.043620 10000
0.186 0.356 647.930600 0.101500 53 4936 0 5510437.934904 106718599.431160 0.056034 0.043235 10000
0.186 0.360 664.083800 0.115200 67 5215 0 4750324.438586 84395405.387095 0.062248 0.045647 10000
0.186 0.364 684.315700 0.157500 77 5464 0 5795261.573727 105440584.843834 0.058619 0.046075 10000
0.189 0.340 617.678700 0.031500 28 4127 0 1395537.781387 49552979.183320 0.052612 0.040438 10000
0.189 0.344 633.032400 0.042500 30 4401 0 3146354.325071 86276686.861512 0.055203 0.044378 10000
0.189 0.348 646.275900 0.073500 39 4655 0 3091762.305302 83516109.285080 0.056212 0.046050 10000
0.189 0.352 653.447200 0.105400 48 4898 0 4602858.314956 114289458.049220 0.065220 0.054163 10000
0.189 0.356 661.529500 0.105300 55 5190 0 5229792.937441 102651106.695517 0.035733 0.027018 10000
0.189 0.360 678.076100 0.129800 62 5449 0 5347735.066290 100057811.169165 0.054114 0.044209 10000
0.192 0.336 612.894600 0.031000 20 4100 0 1551668.290689 63596055.788304 0.055382 0.039531 10000
0.192 0.340 628.637200 0.044500 29 4367 0 1594853.426978 58609446.118143 0.056274 0.042039 10000
0.192 0.344 649.330200 0.062500 36 4635 0 2924096.462475 89761127.318852 0.057758 0.045397 10000
0.192 0.348 653.753000 0.076500 40 4872 0 2846185.590238 73174025.516211 0.058284 0.045524 10000
0.192 0.352 661.449100 0.100800 47 5115 0 3088501.310716 74927528.975971 0.062509 0.047097 10000
0.192 0.356 682.714100 0.114300 56 5411 0 4674551.266772 94041634.876040 0.058500 0.052475 10000
0.195 0.332 615.449900 0.027500 14 4077 0 793872.010520 46460117.331934 0.053429 0.042240 10000
0.195 0.336 623.712100 0.041700 17 4334 0 1306351.615493 56635911.581337 0.054172 0.044019 10000
0.195 0.340 646.836800 0.051800 25 4595 0 1390947.948946 53322116.239183 0.055886 0.048407 10000
0.195 0.344 663.023900 0.073600 31 4850 0 1661766.188769 54993185.120196 0.033988 0.028393 10000
0.195 0.348 665.021300 0.085300 43 5110 0 2804740.560105 72908972.593357 0.057009 0.043653 10000
0.195 0.352 679.901200 0.113800 42 5373 0 3072754.091866 77038680.535546 0.058627 0.046930 10000
0.198 0.328 623.282500 0.035200 12 4054 0 395911.257064 21630478.674618 0.055150 0.044459 10000
0.198 0.332 623.748300 0.036600 14 4306 0 438044.550778 27205865.263189 0.054809 0.038732 10000
0.198 0.336 638.602400 0.038800 17 4547 0 1009744.532959 44258876.459913 0.061140 0.045359 10000
0.198 0.340 660.143500 0.060300 25 4816 0 1244345.585774 45237254.824369 0.058237 0.046707 10000
0.198 0.344 669.467500 0.088700 36 5090 0 1208178.737811 40977984.858040 0.058412 0.044568 10000
0.198 0.348 671.033400 0.104100 34 5326 0 3270983.999480 87928468.354773 0.058856 0.043462 10000
0.201 0.328 633.566700 0.046000 15 4296 0 245901.236375 15302605.852383 0.056246 0.041256 10000
0.201 0.332 638.349800 0.043600 13 4526 0 490539.005462 31703745.379071 0.061411 0.044705 10000
0.201 0.336 656.684700 0.060300 20 4801 0 1178157.016619 52878172.322337 0.055251 0.044189 10000
0.201 0.340 661.630800 0.074200 21 5066 0 1316753.350131 52682071.395081 0.063476 0.049062 10000
0.201 0.344 668.505500 0.083900 27 5304 0 1331881.505283 46347765.710423 0.056341 0.042156 10000
0.201 0.348 684.475800 0.132800 35 5566 0 3388172.164914 95032007.817734 0.036936 0.028677 10000
0.204 0.324 631.016200 0.043100 10 4271 0 391103.532604 27690152.901641 0.035760 0.026885 10000
0.204 0.328 646.518200 0.035600 13 4527 0 262984.404391 16653614.094416 0.038207 0.028135 10000
0.204 0.332 658.309100 0.044500 16 4772 0 575671.625043 39088479.354545 0.040162 0.032437 10000
0.204 0.336 669.447100 0.057100 19 5047 0 1329303.570204 59830072.884242 0.036791 0.031194 10000
0.204 0.340 674.000900 0.085100 21 5303 0 1196891.566659 46113771.984416 0.040200 0.031484 10000
0.204 0.344 687.936400 0.080800 30 5578 0 1503005.286979 53714689.046457 0.040733 0.032603 10000
0.207 0.320 639.470500 0.047100 11 4251 0 151827.310264 8949904.749908 0.038141 0.028900 10000
0.207 0.324 645.750300 0.049200 12 4508 0 456849.013552 33804533.439421 0.041158 0.030821 10000
0.207 0.328 654.262000 0.049300 16 4805 0 284144.244695 18481048.270371 0.040411 0.028312 10000
0.207 0.332 671.262000 0.068100 19 5032 0 723028.293978 52375845.165455 0.042418 0.033604 10000
0.207 0.336 675.674600 0.076300 21 5310 0 1062532.188609 54304440.563535 0.041100 0.030549 10000
0.207 0.340 689.849500 0.078900 30 5559 0 1253209.385811 53525994.307942 0.043465 0.032163 10000
0.210 0.316 641.475600 0.053700 14 4217 0 197274.679985 11786481.923111 0.039343 0.028173 10000
0.210 0.320 647.273700 0.048800 14 4465 0 157186.619080 9289899.851762 0.038180 0.027884 10000
0.210 0.324 657.409200 0.044700 10 4773 0 561167.584135 43630460.183438 0.041434 0.030145 10000
0.210 0.328 668.924500 0.050700 13 5046 0 310201.197357 20743919.873866 0.042157 0.033122 10000
0.210 0.332 676.411200 0.056500 18 5278 0 229471.181772 14063123.280691 0.039913 0.030334 10000
0.210 0.336 691.624000 0.068200 20 5539 0 451831.283115 28845892.668843 0.041295 0.032690 10000
0.213 0.308 641.381400 0.030600 12 3946 0 498141.356833 33182428.524919 0.039867 0.027473 10000
0.213 0.312 644.569200 0.045000 10 4197 0 285333.963043 17596232.120989 0.037975 0.027514 10000
0.213 0.316 655.760100 0.053700 15 4450 0 207003.409429 12398105.127758 0.033779 0.024515 10000
0.213 0.320 665.283900 0.050200 11 4735 0 163365.969085 9677601.080125 0.040484 0.032893 10000
0.213 0.324 672.870000 0.053400 14 5036 0 151270.755733 8132493.664528 0.040226 0.030434 10000
0.213 0.328 680.005400 0.051500 13 5287 0 345006.280638 23759185.393066 0.041326 0.031437 10000
0.216 0.308 653.556800 0.029200 9 4189 0 593373.805647 40851058.189092 0.032613 0.024046 10000
0.216 0.312 663.595500 0.053800 12 4464 0 307890.040709 19173029.507693 0.033162 0.025110 10000
0.216 0.316 667.929700 0.049000 12 4746 0 217314.882843 13082603.032449 0.034873 0.026160 10000
0.216 0.320 675.361900 0.052000 11 5017 0 169854.576117 10083578.683840 0.036179 0.027373 10000
0.216 0.324 687.635100 0.047600 10 5280 0 140859.790024 8281506.479319 0.039169 0.030379 10000
0.216 0.328 694.612100 0.048300 15 5552 0 390603.777531 27951961.007042 0.062578 0.045391 10000
0.219 0.304 661.619200 0.026500 6 4180 0 101708.368904 9204606.265460 0.058617 0.043988 10000
0.219 0.308 670.725000 0.032000 12 4460 0 242993.042432 18565775.979827 0.061247 0.048170 10000
0.219 0.312 677.535200 0.052600 18 4749 0 336640.983041 21176525.244466 0.057067 0.042070 10000
0.219 0.316 683.664800 0.059700 12 5019 0 229665.151352 13898571.094094 0.060026 0.044567 10000
0.219 0.320 693.053400 0.051600 8 5297 0 176953.416698 10502307.821884 0.062192 0.048330 10000
0.219 0.324 698.340700 0.053200 10 5541 0 144906.365946 8528800.119134 0.062479 0.046533 10000
0.222 0.300 667.909800 0.031800 6 4158 0 144814.140808 14480629.527981 0.062430 0.045637 10000
0.222 0.304 675.966800 0.038100 13 4431 0 97235.264923 9721060.073702 0.062499 0.046209 10000
0.222 0.308 679.445800 0.036300 12 4719 0 267546.319050 20793870.605635 0.063173 0.045175 10000
0.222 0.312 691.704000 0.063000 18 5032 0 370724.700755 23656756.475602 0.063865 0.045578 10000
0.222 0.316 703.347000 0.044300 10 5286 0 243745.703676 14815787.789134 0.065678 0.053825 10000
0.222 0.320 705.606700 0.035500 9 5553 0 184204.285222 10969232.888631 0.065904 0.048834 10000
0.225 0.296 677.840800 0.029500 9 4146 0 356942.467328 35692401.910141 0.063295 0.044672 10000
0.225 0.300 686.684700 0.048400 16 4432 0 159439.486076 15943091.244941 0.063322 0.046732 10000
0.225 0.304 683.537100 0.038500 10 4718 0 103374.758856 10336894.120284 0.063541 0.045437 10000
0.225 0.308 689.402300 0.032100 7 5005 0 300839.045924 23704359.528620 0.064488 0.045351 10000
0.225 0.312 701.065700 0.037100 8 5278 0 415846.761126 26954721.630763 0.065598 0.047784 10000
0.225 0.316 715.553800 0.037900 10 5530 0 259810.981741 15877218.476735 0.066808 0.050466 10000
0.228 0.292 686.219400 0.027300 4 4145 0 0.596810 0.005016 0.064195 0.049692 10000
0.228 0.296 692.538600 0.033100 6 4416 0 109710.557411 10970447.422547 0.064239 0.048508 10000
0.228 0.300 693.164900 0.030100 6 4705 0 177190.256216 17718079.817082 0.064755 0.046411 10000
0.228 0.304 700.419200 0.033600 7 4992 0 109771.900831 10976581.265885 0.065323 0.045777 10000
0.228 0.308 708.426500 0.039100 8 5279 0 345037.110621 27707609.116577 0.066193 0.048400 10000
0.228 0.312 721.764500 0.040700 11 5541 0 473947.024099 31442960.126092 0.067477 0.048263 10000
0.231 0.288 693.423600 0.032600 9 4164 0 0.592987 0.004649 0.064279 0.045492 10000
0.231 0.292 699.136100 0.035100 8 4421 0 0.593715 0.004836 0.064318 0.045729 10000
0.231 0.296 701.791800 0.037000 8 4731 0 186.329648 18572.590304 0.064661 0.044711 10000
0.231 0.300 713.022600 0.040500 8 5005 0 198708.255941 19869772.506724 0.065717 0.049077 10000
0.231 0.304 725.029400 0.048900 12 5303 0 118456.328838 11844980.981372 0.066612 0.051296 10000
0.231 0.308 726.639800 0.037800 6 5573 0 408463.792509 33493704.319057 0.067067 0.049150 10000
0.234 0.284 698.317100 0.032900 7 4184 0 0.589251 0.004493 0.064129 0.045076 10000
0.234 0.288 710.198100 0.041300 9 4442 0 0.589942 0.004591 0.065084 0.048557 10000
0.234 0.292 722.727500 0.037000 12 4720 0 0.590666 0.004735 0.066089 0.048093 10000
0.234 0.296 724.760500 0.040300 8 5017 0 0.975113 38.368680 0.067569 0.050266 10000
0.234 0.300 731.191700 0.056100 8 5329 0 226855.728366 22684379.313690 0.067463 0.051406 10000
0.234 0.304 731.631400 0.048400 6 5597 0 126867.530588 12686059.407081 0.067669 0.047588 10000
0.237 0.280 714.858000 0.035900 13 4179 0 0.585591 0.004349 0.065137 0.046728 10000
0.237 0.284 722.139500 0.046600 16 4465 0 0.586251 0.004439 0.065745 0.046358 10000
0.237 0.288 736.408500 0.034400 13 4757 0 0.586939 0.004535 0.067648 0.052493 10000
0.237 0.292 730.490200 0.060800 7 5039 0 0.587660 0.004658 0.067323 0.048478 10000
0.237 0.296 740.675100 0.060900 11 5334 0 0.589845 0.144634 0.068320 0.050758 10000
0.237 0.300 745.630500 0.063700 8 5603 0 264282.752047 26426894.843122 0.069089 0.048940 10000
0.240 0.276 723.234000 0.030800 7 4163 0 0.582002 0.004212 0.066421 0.048240 10000
0.240 0.280 730.564600 0.034000 7 4500 0 0.582634 0.004298 0.067243 0.051136 10000
0.240 0.284 737.584200 0.039400 10 4792 0 0.583292 0.004387 0.067905 0.048518 10000
0.240 0.288 753.550700 0.063000 10 5080 0 0.583979 0.004480 0.069164 0.052995 10000
0.240 0.292 751.631800 0.081300 13 5367 0 0.584696 0.004592 0.069014 0.049887 10000
0.240 0.296 759.160900 0.062000 11 5620 0 0.585492 0.007384 0.069982 0.052802 10000
0.243 0.272 736.161300 0.032800 10 4196 0 0.578484 0.004081 0.067328 0.050280 10000
0.243 0.276 745.078300 0.034600 10 4484 0 0.579088 0.004163 0.068200 0.052687 10000
0.243 0.280 750.500800 0.055900 12 4795 0 0.579718 0.004248 0.068068 0.049730 10000
0.243 0.284 761.484500 0.059000 9 5094 0 0.580375 0.004335 0.069466 0.052437 10000
0.243 0.288 768.396700 0.058000 14 5408 0 0.581060 0.004427 0.069460 0.052518 10000
0.243 0.292 773.278400 0.078400 11 5653 0 0.581774 0.004530 0.070164 0.053008 10000
0.246 0.268 745.967100 0.039500 8 4233 0 0.575032 0.003954 0.067742 0.048727 10000
0.246 0.272 751.503400 0.034800 10 4504 0 0.575610 0.004033 0.068281 0.048383 10000
0.246 0.276 758.482300 0.049800 11 4807 0 0.576213 0.004115 0.068957 0.049586 10000
0.246 0.280 776.720400 0.049700 15 5102 0 0.576843 0.004198 0.070103 0.052702 10000
0.246 0.284 774.596500 0.064400 9 5401 0 0.577499 0.004284 0.070399 0.053650 10000
0.246 0.288 787.138000 0.053000 15 5688 0 0.578182 0.004373 0.071115 0.054038 10000
0.249 0.264 760.010600 0.027900 10 4265 0 0.571645 0.003831 0.068892 0.051855 10000
0.249 0.268 759.477000 0.027800 11 4547 0 0.572199 0.003908 0.068734 0.046677 10000
0.249 0.272 769.404600 0.056600 8 4846 0 0.572776 0.003987 0.070114 0.049550 10000
0.249 0.276 786.717700 0.074200 14 5144 0 0.573380 0.004067 0.066187 0.050463 10000
0.249 0.280 787.846900 0.051200 13 5402 0 0.574008 0.004149 0.066384 0.049061 10000
0.249 0.284 789.170300 0.047400 9 5719 0 0.574664 0.004234 0.065134 0.045904 10000
0.252 0.256 757.457100 0.020800 9 3956 0 0.567816 0.003640 0.062513 0.043725 10000
0.252 0.260 770.720100 0.025900 9 4272 0 0.568321 0.003713 0.069248 0.050024 10000
0.252 0.264 780.221600 0.067300 12 4578 0 0.568850 0.003786 0.062958 0.045301 10000
0.252 0.268 786.886600 0.056400 12 4891 0 0.569404 0.003863 0.064982 0.047477 10000
0.252 0.272 795.011700 0.039300 9 5168 0 0.569983 0.003941 0.068263 0.051874 10000
0.252 0.276 802.171800 0.042900 13 5445 0 0.570586 0.004020 0.066339 0.048505 10000
0.255 0.256 782.257700 0.025800 11 4298 0 0.565057 0.003597 0.064661 0.044091 10000
0.255 0.260 793.269300 0.038800 12 4619 0 0.565564 0.003669 0.071451 0.050131 10000
0.255 0.264 799.718300 0.062600 19 4919 0 0.566094 0.003743 0.071602 0.050886 10000
0.255 0.268 804.661900 0.055000 12 5212 0 0.566650 0.003818 0.072634 0.052482 10000
0.255 0.272 824.296300 0.045400 19 5508 0 0.567228 0.003895 0.074036 0.053485 10000
0.255 0.276 820.625000 0.040700 12 5815 0 0.567831 0.003973 0.074234 0.056333 10000
0.258 0.248 790.888000 0.019800 15 3981 0 0.561389 0.003418 0.070746 0.050115 10000
0.258 0.252 791.299000 0.021100 10 4318 0 0.561852 0.003486 0.071414 0.049252 10000
0.258 0.256 808.969200 0.045200 14 4666 0 0.562337 0.003555 0.072865 0.051158 10000
0.258 0.260 819.972000 0.059100 19 4959 0 0.562846 0.003627 0.073404 0.051109 10000
0.258 0.264 818.574700 0.041200 9 5245 0 0.563379 0.003699 0.074219 0.053953 10000
0.258 0.268 830.997900 0.042600 8 5548 0 0.563934 0.003774 0.075547 0.057399 10000
0.261 0.244 802.132800 0.007900 10 3989 0 0.558261 0.003311 0.072104 0.051270 10000
0.261 0.248 800.159200 0.006500 7 4340 0 0.558704 0.003378 0.072290 0.047452 10000
0.261 0.252 818.313900 0.026500 15 4700 0 0.559169 0.003446 0.073475 0.048889 10000
0.261 0.256 826.760200 0.046700 10 4969 0 0.559656 0.003515 0.074894 0.051509 10000
0.261 0.260 842.954100 0.044200 12 5286 0 0.560168 0.003584 0.076211 0.055628 10000
0.261 0.264 846.815700 0.039700 11 5620 0 0.560701 0.003656 0.076844 0.056288 10000
0.264 0.240 815.969600 0.009600 12 4023 0 0.555188 0.003208 0.073210 0.050940 10000
0.264 0.244 816.278800 0.002400 6 4370 0 0.555611 0.003273 0.073938 0.048599 10000
0.264 0.248 839.838500 0.011200 17 4711 0 0.556057 0.003338 0.075644 0.051831 10000
0.264 0.252 841.239300 0.025600 8 5033 0 0.556525 0.003405 0.076323 0.053086 10000
0.264 0.256 865.704200 0.039900 14 5334 0 0.557015 0.003473 0.078050 0.058778 10000
0.264 0.260 867.686100 0.049000 15 5647 0 0.557528 0.003543 0.078220 0.056921 10000
0.267 0.236 842.643300 0.022900 18 4074 0 0.552167 0.003107 0.075080 0.054839 10000
0.267 0.240 838.126900 0.012200 11 4379 0 0.552572 0.003170 0.075334 0.050330 10000
0.267 0.244 850.459400 0.008100 8 4736 0 0.553000 0.003234 0.076752 0.053273 10000
0.267 0.248 864.425000 0.013200 13 5073 0 0.553449 0.003299 0.077839 0.053919 10000
0.267 0.252 880.979100 0.035600 14 5393 0 0.553919 0.003366 0.079555 0.057623 10000
0.267 0.256 882.260200 0.044300 13 5723 0 0.554411 0.003433 0.079742 0.057005 10000
0.270 0.232 862.045900 0.023700 17 4108 0 0.549197 0.003009 0.076928 0.055777 10000
0.270 0.236 862.802600 0.008100 9 4436 0 0.549585 0.003070 0.077694 0.054908 10000
0.270 0.240 871.538600 0.004300 9 4782 0 0.549995 0.003132 0.078698 0.053662 10000
0.270 0.244 885.026500 0.008500 11 5126 0 0.550427 0.003196 0.079738 0.056809 10000
0.270 0.248 893.309700 0.011000 10 5456 0 0.550878 0.003261 0.081073 0.057937 10000
0.270 0.252 902.786800 0.048700 17 5788 0 0.551351 0.003326 0.078839 0.060596 10000
0.273 0.228 872.454800 0.014400 11 4146 0 0.546278 0.002914 0.075930 0.055284 10000
0.273 0.232 879.918100 0.013300 15 4486 0 0.546650 0.002974 0.076264 0.052098 10000
0.273 0.236 893.265200 0.011400 12 4821 0 0.547043 0.003034 0.077917 0.056733 10000
0.273 0.240 909.905200 0.015900 16 5197 0 0.547456 0.003096 0.092200 0.067964 10000
0.273 0.244 914.943800 0.013100 13 5506 0 0.547891 0.003159 0.091370 0.072013 10000
0.273 0.248 908.660000 0.037900 17 5850 0 0.548346 0.003222 0.090064 0.062585 10000
0.276 0.224 900.715000 0.024800 17 4222 0 0.543408 0.002821 0.088973 0.064333 10000
0.276 0.228 906.118300 0.013600 11 4547 0 0.543765 0.002879 0.090165 0.065487 10000
0.276 0.232 916.526700 0.025400 15 4893 0 0.544142 0.002938 0.090878 0.064206 10000
0.276 0.236 933.945300 0.031200 19 5257 0 0.544539 0.002998 0.092598 0.071959 10000
0.276 0.240 928.906300 0.021200 14 5594 0 0.544956 0.003059 0.092588 0.069204 10000
0.276 0.244 939.229800 0.029800 17 5907 0 0.545394 0.003121 0.093516 0.071044 10000
0.279 0.216 916.841800 0.020500 12 3922 0 0.540266 0.002675 0.091171 0.071055 10000
0.279 0.220 916.386600 0.016200 10 4309 0 0.540586 0.002731 0.091224 0.064221 10000
0.279 0.224 921.961800 0.016400 12 4606 0 0.540927 0.002787 0.091588 0.062481 10000
0.279 0.228 941.165000 0.008600 14 4981 0 0.541289 0.002844 0.093574 0.068375 10000
0.279 0.232 949.882400 0.015300 14 5328 0 0.541671 0.002903 0.097321 0.072643 10000
0.279 0.236 948.239400 0.023700 17 5669 0 0.542073 0.002963 0.096847 0.070931 10000
0.282 0.212 931.823100 0.007200 10 3972 0 0.537505 0.002588 0.093402 0.067886 10000
0.282 0.216 934.124900 0.011400 14 4347 0 0.537811 0.002642 0.092717 0.064198 10000
0.282 0.220 943.083900 0.010200 11 4703 0 0.538138 0.002698 0.057315 0.036572 10000
0.282 0.224 966.013700 0.013100 13 5062 0 0.538485 0.002753 0.058907 0.041009 10000
0.282 0.228 976.092200 0.012300 17 5387 0 0.538852 0.002810 0.059607 0.042119 10000
0.282 0.232 970.358400 0.024000 16 5728 0 0.539238 0.002868 0.055524 0.038277 10000
0.285 0.208 956.710400 0.011800 10 4043 0 0.534789 0.002503 0.058166 0.039714 10000
0.285 0.212 966.246400 0.029200 16 4420 0 0.535082 0.002556 0.054886 0.036841 10000
0.285 0.216 968.393900 0.016100 11 4795 0 0.535395 0.002611 0.057429 0.036487 10000
0.285 0.220 983.285100 0.022200 12 5134 0 0.535728 0.002665 0.052125 0.034398 10000
0.285 0.224 1008.697300 0.021000 25 5451 0 0.536081 0.002720 0.052835 0.037237 10000
0.285 0.228 1006.902400 0.018100 15 5830 0 0.536453 0.002777 0.064255 0.046140 10000
0.288 0.204 984.248400 0.037500 21 4117 0 0.532116 0.002421 0.062415 0.039482 10000
0.288 0.208 990.525000 0.011600 15 4489 0 0.532397 0.002472 0.063330 0.042151 10000
0.288 0.212 1001.556900 0.009600 10 4865 0 0.532698 0.002525 0.060762 0.040167 10000
0.288 0.216 1013.843000 0.016600 16 5203 0 0.533018 0.002578 0.062147 0.041455 10000
0.288 0.220 1027.941400 0.016900 15 5552 0 0.533356 0.002633 0.066414 0.046583 10000
0.288 0.224 1039.783900 0.025700 17 5889 0 0.533714 0.002688 0.067404 0.048299 10000
0.291 0.196 999.471600 0.009600 11 3782 0 0.529237 0.002290 0.059819 0.038402 10000
0.291 0.200 1006.479200 0.026000 15 4185 0 0.529487 0.002340 0.061668 0.040313 10000
0.291 0.204 1030.605600 0.017700 15 4563 0 0.529757 0.002390 0.065373 0.044481 10000
0.291 0.208 1032.633200 0.013100 12 4939 0 0.530045 0.002442 0.064106 0.043499 10000
0.291 0.212 1047.648200 0.021600 24 5316 0 0.530353 0.002494 0.066135 0.044802 10000
0.291 0.216 1050.240300 0.031500 14 5642 0 0.530678 0.002547 0.055486 0.037679 10000
0.294 0.192 1039.458400 0.043100 22 3896 0 0.526661 0.002212 0.058916 0.038118 10000
0.294 0.196 1039.933500 0.012900 12 4294 0 0.526901 0.002261 0.059306 0.038679 10000
0.294 0.200 1057.888100 0.019600 14 4666 0 0.527159 0.002310 0.066076 0.044180 10000
0.294 0.204 1074.025800 0.029300 23 5067 0 0.527436 0.002361 0.064952 0.042579 10000
0.294 0.208 1073.427600 0.021100 17 5399 0 0.527731 0.002411 0.061295 0.040909 10000
0.294 0.212 1087.173200 0.034900 19 5757 0 0.528045 0.002463 0.062685 0.042673 10000
0.297 0.184 1064.042600 0.027400 24 3594 0 0.523916 0.002089 0.059808 0.038474 10000
0.297 0.188 1080.997400 0.040300 23 3990 0 0.524127 0.002136 0.061041 0.040254 10000
0.297 0.192 1083.329800 0.041600 24 4403 0 0.524356 0.002184 0.059310 0.037338 10000
0.297 0.196 1093.915500 0.029100 18 4781 0 0.524604 0.002232 0.062767 0.040540 10000
0.297 0.200 1108.139400 0.025900 22 5203 0 0.524870 0.002281 0.091391 0.060942 10000
0.297 0.204 1099.975300 0.029600 12 5525 0 0.525154 0.002330 0.097900 0.064210 10000
0.300 0.180 1102.083100 0.035400 22 3746 0 0.521432 0.002016 0.096588 0.061752 10000
0.300 0.184 1116.835200 0.021900 19 4127 0 0.521633 0.002061 0.098455 0.067124 10000
0.300 0.188 1103.878000 0.016600 14 4517 0 0.521853 0.002108 0.099457 0.061452 10000
0.300 0.192 1129.002100 0.029100 18 4905 0 0.522091 0.002155 0.101482 0.065564 10000
0.300 0.196 1153.666700 0.055800 36 5294 0 0.522346 0.002203 0.102179 0.067026 10000
0.300 0.200 1137.388800 0.029700 16 5652 0 0.522620 0.002251 0.102574 0.067267 10000
0.303 0.176 1140.161600 0.071600 26 3830 0 0.518987 0.001943 0.101661 0.063012 10000
0.303 0.180 1154.533900 0.045600 29 4251 0 0.519180 0.001988 0.102645 0.066763 10000
0.303 0.184 1148.804200 0.029300 19 4618 0 0.519391 0.002034 0.103151 0.064559 10000
0.303 0.188 1178.750800 0.023200 27 5014 0 0.519619 0.002080 0.097478 0.064321 10000
0.303 0.192 1185.212600 0.043900 20 5392 0 0.519865 0.002127 0.098424 0.066191 10000
0.303 0.196 1185.118500 0.050000 26 5810 0 0.520129 0.002174 0.097627 0.063080 10000
0.306 0.172 1188.223500 0.058700 20 3938 0 0.516582 0.001872 0.097867 0.062953 10000
0.306 0.176 1191.111100 0.063500 28 4359 0 0.516766 0.001917 0.102724 0.064559 10000
0.306 0.180 1202.030300 0.021400 18 4732 0 0.516969 0.001962 0.104353 0.066425 10000
0.306 0.184 1225.938700 0.034400 28 5118 0 0.517188 0.002007 0.105827 0.068203 10000
0.306 0.188 1235.764400 0.034100 19 5544 0 0.517425 0.002052 0.107535 0.075492 10000
0.306 0.192 1229.606800 0.059300 33 5921 0 0.517680 0.002098 0.106000 0.068420 10000
0.309 0.164 1222.100100 0.068600 21 3632 0 0.514058 0.001760 0.105773 0.068017 10000
0.309 0.168 1242.319000 0.042900 21 4054 0 0.514216 0.001803 0.107661 0.070376 10000
0.309 0.172 1237.139200 0.043200 17 4441 0 0.514392 0.001847 0.107523 0.067553 10000
0.309 0.176 1255.527400 0.020900 27 4861 0 0.514587 0.001890 0.108725 0.068519 10000
0.309 0.180 1273.383600 0.052400 24 5285 0 0.514799 0.001934 0.110718 0.071100 10000
0.309 0.184 1284.587200 0.066700 35 5712 0 0.515027 0.001979 0.110260 0.072432 10000
0.312 0.160 1275.425600 0.024600 23 3728 0 0.511737 0.001693 0.110312 0.067175 10000
0.312 0.164 1307.526300 0.046800 30 4189 0 0.511888 0.001735 0.113109 0.073753 10000
0.312 0.168 1294.236700 0.045300 28 4594 0 0.512057 0.001777 0.111704 0.068680 10000
0.312 0.172 1309.450100 0.020400 29 5045 0 0.512245 0.001821 0.113121 0.070862 10000
0.312 0.176 1320.124300 0.061200 24 5472 0 0.512449 0.001864 0.112330 0.070304 10000
0.312 0.180 1333.439000 0.048000 34 5887 0 0.512670 0.001907 0.111526 0.071274 10000
0.315 0.152 1332.958400 0.104300 41 3410 0 0.509327 0.001587 0.114983 0.070055 10000
0.315 0.156 1340.083100 0.057300 40 3854 0 0.509454 0.001627 0.115932 0.068999 10000
0.315 0.160 1363.649400 0.084300 37 4295 0 0.509599 0.001668 0.119043 0.074899 10000
0.315 0.164 1368.651100 0.082500 41 4771 0 0.509763 0.001709 0.119041 0.074274 10000
0.315 0.168 1378.851700 0.054700 35 5246 0 0.509943 0.001752 0.120639 0.076819 10000
0.315 0.172 1385.456800 0.086300 28 5683 0 0.510141 0.001794 0.121388 0.077199 10000
0.318 0.148 1388.610100 0.075300 26 3546 0 0.507088 0.001523 0.121853 0.073653 10000
0.318 0.152 1406.676000 0.089200 37 4016 0 0.507210 0.001562 0.126713 0.075164 10000
0.318 0.156 1439.758500 0.107200 40 4502 0 0.507350 0.001602 0.129602 0.082124 10000
0.318 0.160 1433.216700 0.084800 47 4952 0 0.507507 0.001643 0.128332 0.078863 10000
0.318 0.164 1449.486300 0.084900 44 5396 0 0.507681 0.001684 0.129773 0.081620 10000
0.318 0.168 1449.828300 0.075500 38 5881 0 0.507872 0.001726 0.130161 0.082442 10000
0.321 0.140 1462.262900 0.114200 42 3302 0 0.504788 0.001420 0.132097 0.079794 10000
0.321 0.144 1467.510000 0.070800 38 3746 0 0.504887 0.001459 0.121244 0.071541 10000
0.321 0.148 1489.482700 0.137900 46 4192 0 0.505005 0.001498 0.122236 0.073237 10000
0.321 0.152 1513.983700 0.080900 45 4716 0 0.505140 0.001537 0.138508 0.088086 10000
0.321 0.156 1496.245200 0.127700 42 5171 0 0.505291 0.001577 0.132895 0.078175 10000
0.321 0.160 1508.596700 0.062900 44 5645 0 0.505460 0.001618 0.133027 0.082858 10000
0.324 0.136 1544.300200 0.118700 41 3459 0 0.502630 0.001358 0.138341 0.081826 10000
0.324 0.140 1556.528200 0.096100 47 3941 0 0.502726 0.001396 0.138501 0.080497 10000
0.324 0.144 1572.449700 0.194900 55 4447 0 0.502840 0.001435 0.139538 0.085219 10000
0.324 0.148 1581.944100 0.100500 47 4975 0 0.502970 0.001474 0.149761 0.090299 10000
0.324 0.152 1587.618200 0.169300 57 5428 0 0.503117 0.001513 0.148442 0.091072 10000
0.324 0.156 1587.633600 0.157700 52 5871 0 0.503280 0.001553 0.149035 0.093701 10000
0.327 0.128 1617.007200 0.127900 46 3181 0 0.500436 0.001261 0.152261 0.084808 10000
0.327 0.132 1621.845500 0.083800 33 3680 0 0.500511 0.001297 0.153906 0.088023 10000
0.327 0.136 1657.403500 0.134100 51 4186 0 0.500605 0.001334 0.165019 0.096388 10000
0.327 0.140 1661.390700 0.142200 57 4716 0 0.500714 0.001373 0.155485 0.091412 10000
0.327 0.144 1676.669900 0.161700 50 5223 0 0.500841 0.001411 0.158173 0.098055 10000
0.327 0.148 1681.305400 0.151600 66 5667 0 0.500985 0.001449 0.142258 0.085793 10000
0.330 0.120 1739.108300 0.141000 50 2942 0 0.498304 0.001165 0.155811 0.089123 10000
0.330 0.124 1758.010200 0.272800 60 3423 0 0.498360 0.001201 0.148215 0.086449 10000
0.330 0.128 1763.375900 0.326600 66 3950 0 0.498433 0.001237 0.148551 0.086354 10000
0.330 0.132 1762.032000 0.164400 55 4426 0 0.498524 0.001274 0.149462 0.086970 10000
0.330 0.136 1790.643500 0.197800 86 4948 0 0.498631 0.001311 0.161180 0.096611 10000
0.330 0.140 1778.527000 0.148800 75 5471 0 0.498755 0.001348 0.161719 0.094989 10000
0.333 0.116 1899.593900 0.373000 64 3149 0 0.496272 0.001106 0.173510 0.098699 10000
0.333 0.120 1905.518700 0.379400 77 3700 0 0.496327 0.001141 0.173440 0.100742 10000
0.333 0.124 1889.662500 0.338800 63 4252 0 0.496399 0.001177 0.173088 0.098904 10000
0.333 0.128 1911.516000 0.272200 95 4780 0 0.496487 0.001213 0.172984 0.099860 10000
0.333 0.132 1886.794500 0.212600 79 5268 0 0.496592 0.001250 0.171414 0.098238 10000
0.333 0.136 1880.972200 0.213500 75 5746 0 0.496713 0.001287 0.172642 0.097544 10000
0.336 0.108 2033.702500 0.515100 77 2955 0 0.494246 0.001014 0.185083 0.101214 10000
0.336 0.112 2062.788800 0.553000 87 3471 0 0.494283 0.001049 0.187166 0.103958 10000
0.336 0.116 2064.742400 0.390500 90 4058 0 0.494338 0.001082 0.187725 0.105630 10000
0.336 0.120 2076.127000 0.629100 126 4616 0 0.494409 0.001118 0.186525 0.104997 10000
0.336 0.124 2064.932000 0.594900 118 5138 0 0.494496 0.001153 0.185629 0.107613 10000
0.336 0.128 2031.160500 0.473300 96 5627 0 0.494599 0.001190 0.196108 0.111214 10000
0.339 0.100 2240.478300 0.839700 101 2784 0 0.492282 0.000923 0.202415 0.105848 10000
0.339 0.104 2260.913500 0.621000 111 3316 0 0.492303 0.000957 0.203900 0.111856 10000
0.339 0.108 2244.949200 0.517600 96 3850 0 0.492342 0.000991 0.203976 0.111009 10000
0.339 0.112 2246.009300 0.748500 129 4443 0 0.492397 0.001025 0.201818 0.108490 10000
0.339 0.116 2217.104500 0.506300 102 5004 0 0.492468 0.001059 0.201376 0.111163 10000
0.339 0.120 2215.437000 0.613100 125 5542 0 0.492554 0.001094 0.200337 0.110742 10000
0.342 0.088 2462.332100 0.922500 114 2199 0 0.490393 0.000801 0.221728 0.111299 10000
0.342 0.092 2485.414700 1.223600 135 2690 0 0.490383 0.000833 0.222817 0.111609 10000
0.342 0.096 2516.836600 1.212600 149 3208 0 0.490390 0.000866 0.225143 0.118771 10000
0.342 0.100 2499.184800 0.874600 161 3785 0 0.490414 0.000900 0.223322 0.117113 10000
0.342 0.104 2483.759100 0.748900 152 4394 0 0.490453 0.000934 0.222320 0.119694 10000
0.342 0.108 2446.134200 0.703100 145 4932 0 0.490508 0.000968 0.220212 0.117861 10000
0.342 0.112 2419.665000 0.781800 148 5496 0 0.490578 0.001002 0.146498 0.081823 10000
0.342 0.116 2393.802100 0.736900 145 6005 0 0.490663 0.001037 0.154663 0.086641 10000
0.342 0.120 2379.519200 0.533900 154 6496 0 0.490762 0.001072 0.143805 0.082386 10000
0.342 0.124 2344.909800 0.681400 130 6891 0 0.490874 0.001108 0.150563 0.087052 10000
0.342 0.128 2312.422600 0.753800 144 7266 0 0.490999 0.001145 0.138328 0.080480 10000
0.342 0.132 2258.882300 0.379500 124 7661 0 0.491139 0.001181 0.145193 0.082405 10000
0.342 0.136 2231.949600 0.390600 108 7973 0 0.491291 0.001219 0.135986 0.079006 10000
0.342 0.140 2194.674300 0.387800 107 8281 0 0.491455 0.001256 0.139729 0.080419 10000
0.345 0.080 2853.468400 2.183700 201 2117 0 0.488573 0.000714 0.251983 0.121329 10000
0.345 0.084 2857.549100 2.233100 215 2663 0 0.488551 0.000745 0.251791 0.124873 10000
0.345 0.088 2857.593800 2.116900 223 3149 0 0.488546 0.000778 0.251811 0.126296 10000
0.345 0.092 2817.371200 1.509500 204 3727 0 0.488557 0.000810 0.250637 0.125181 10000
0.345 0.096 2810.699000 1.829300 255 4331 0 0.488582 0.000844 0.246352 0.125059 10000
0.345 0.100 2750.393300 1.446700 212 4928 0 0.488623 0.000878 0.244478 0.126046 10000
0.345 0.104 2702.347600 1.106000 207 5492 0 0.488677 0.000911 0.242652 0.126115 10000
0.345 0.108 2638.202500 1.230800 166 5993 0 0.488746 0.000945 0.240228 0.126023 10000
0.345 0.112 2631.364600 0.905300 196 6507 0 0.488829 0.000979 0.238465 0.129221 10000
0.345 0.116 2576.363900 0.953700 182 6905 0 0.488925 0.001015 0.234576 0.128041 10000
0.345 0.120 2522.808900 0.996200 164 7336 0 0.489035 0.001050 0.229972 0.127041 10000
0.345 0.124 2473.932000 0.616000 155 7705 0 0.489157 0.001086 0.225586 0.122502 10000
0.345 0.128 2449.079600 0.959700 144 8043 0 0.489291 0.001123 0.222753 0.127542 10000
0.345 0.132 2401.085400 0.560200 147 8331 0 0.489438 0.001159 0.217287 0.122552 10000
0.348 0.068 3392.832400 3.734400 312 1692 0 0.486874 0.000595 0.291622 0.129406 10000
0.348 0.072 3368.547100 3.875600 302 2174 0 0.486828 0.000627 0.290657 0.131938 10000
0.348 0.076 3331.391000 4.275800 303 2642 0 0.486796 0.000659 0.303153 0.141709 10000
0.348 0.080 3290.796400 3.494200 308 3226 0 0.486780 0.000691 0.286086 0.134341 10000
0.348 0.084 3278.628800 3.527400 334 3874 0 0.486778 0.000723 0.284701 0.137944 10000
0.348 0.088 3204.556500 2.931600 303 4398 0 0.486790 0.000756 0.281159 0.137352 10000
0.348 0.092 3135.347300 2.374900 296 4953 0 0.486817 0.000789 0.281863 0.141018 10000
0.348 0.096 3081.546900 2.369000 304 5555 0 0.486857 0.000823 0.275939 0.140340 10000
0.348 0.100 2987.042600 2.346000 271 6076 0 0.486910 0.000857 0.268144 0.134769 10000
0.348 0.104 2917.276600 1.951600 224 6539 0 0.486978 0.000890 0.264859 0.134779 10000
0.348 0.108 2862.449500 1.463600 219 7009 0 0.487057 0.000924 0.259626 0.136714 10000
0.348 0.112 2812.815900 1.672700 237 7421 0 0.487149 0.000959 0.254163 0.130836 10000
0.348 0.116 2734.478800 1.432900 198 7768 0 0.487255 0.000995 0.249517 0.132302 10000
0.348 0.120 2686.956500 0.881200 185 8108 0 0.487373 0.001030 0.246206 0.134745 10000
0.351 0.052 4394.392200 12.029800 609 1264 0 0.485376 0.000448 0.363744 0.140126 10000
0.351 0.056 4289.300300 12.015600 596 1592 0 0.485294 0.000479 0.355536 0.140664 10000
0.351 0.060 4208.698400 10.682200 575 1977 0 0.485226 0.000510 0.350652 0.143292 10000
0.351 0.064 4131.081800 9.725800 578 2380 0 0.485172 0.000542 0.344231 0.143764 10000
0.351 0.068 4049.037400 8.067800 554 2864 0 0.485131 0.000574 0.340043 0.145708 10000
0.351 0.072 3968.616100 7.790500 548 3492 0 0.485104 0.000606 0.336030 0.148822 10000
0.351 0.076 3879.740300 7.247400 549 4070 0 0.485091 0.000639 0.333474 0.150931 10000
0.351 0.080 3736.024500 5.831700 464 4616 0 0.485090 0.000671 0.326767 0.150468 10000
0.351 0.084 3635.742800 5.670500 417 5164 0 0.485103 0.000704 0.320738 0.150078 10000
0.351 0.088 3530.559200 3.519500 402 5671 0 0.485128 0.000737 0.311897 0.150150 10000
0.351 0.092 3442.827500 4.290200 376 6194 0 0.485166 0.000770 0.305370 0.149428 10000
0.351 0.096 3365.645900 3.736700 389 6701 0 0.485216 0.000805 0.298053 0.146080 10000
0.351 0.100 3273.764200 2.975800 345 7189 0 0.485279 0.000837 0.290126 0.146462 10000
0.351 0.104 3179.538200 2.209700 311 7612 0 0.485354 0.000871 0.285348 0.145292 10000
0.354 0.060 5084.918300 25.693300 1176 3552 0 0.483587 0.000493 0.406496 0.159290 10000
0.354 0.064 4910.246600 21.375900 1092 4062 0 0.483546 0.000525 0.396595 0.159659 10000
