1.4995317538158515	0.12719517019913462	0	1.4994
1.0207143286004396	0.12286076552280405	1	1.02134
0.6797000049085963	0.12388888391527399	2	0.679487
1.3567894803102047	0.12949835136605084	3	1.34996
1.374405751118862	0.12493585311536685	4	1.38153
0.9201118426682184	0.12114044014739767	5	0.947096
0.868166335168259	0.12305433524848572	6	0.868451
1.2397859420040915	0.12302937532802595	7	1.24502
0.5482701814013263	0.12521712103358246	8	0.569314
0.7638877195072742	0.12161553995496904	9	0.753419
0.98751556693846	0.12325428079546284	10	0.983618
1.4213003645651594	0.1313140269236064	11	1.42536
0.9339883711354817	0.12020953335813525	12	0.933135
1.6455167239440616	0.1325929355776776	13	1.64206
1.0509357010484122	0.12394197090736378	14	1.09168
0.8119346699181166	0.12282902238470889	15	0.811005
1.5011858684789883	0.12749448862507065	16	1.50059
0.8984418290698993	0.12358134133781636	17	0.898572
0.759161557245604	0.1227602986450883	18	0.761208
0.7530965041737622	0.12393511730575878	19	0.843472
0.8792077763254135	0.12069742198815529	20	0.880872
0.9489153814058642	0.12401329049772748	21	0.930692
1.1878440362312337	0.1274281497821736	22	1.18549
0.9204540116677902	0.12426504200685667	23	0.921343
0.9407609072790212	0.12192484436578616	24	0.955404
1.1694188204724199	0.12211321858917522	25	1.16966
1.1877099658653834	0.1261073087602868	26	1.1871
0.9404700138676232	0.12213987053364801	27	0.94244
0.6004486136155845	0.1303491605586743	28	0.570175
0.9568864969220253	0.12382024464339139	29	0.955761
1.4261455735205846	0.12411555059920543	30	1.42925
0.6645262100465443	0.1212206716697885	31	0.631714
1.1920651777504292	0.12271323361712812	32	1.18778
0.8915987585571652	0.1213794306575357	33	0.892065
0.4779882141890872	0.12540288840016017	34	0.11566
1.1669711910776734	0.12876094473224028	35	1.16593
1.0994626314392273	0.12552640162128714	36	1.15101
1.0557116254006855	0.12458236619606616	37	1.05628
0.995244430378026	0.12542602254818408	38	0.994689
1.009065369319063	0.121934781736103	39	1.01006
1.6375662565735984	0.12734811785346292	40	1.63463
1.0238113938277844	0.12020915747388156	41	1.0286
1.8657450326075746	0.12712679873978147	42	1.86776
1.1922733161977583	0.12456932697306272	43	1.19321
0.7250140037937091	0.12541407720436873	44	0.721565
0.8167830684590132	0.12262960327589671	45	0.816847
1.1196584147096322	0.12176335015473566	46	1.09982
1.449865965129151	0.1270875167005624	47	1.45284
1.0649951066506933	0.12197186630925647	48	1.06688
1.4869725764792392	0.1272506218200462	49	1.46342
0.7806993968562902	0.1252810069300948	50	0.780796
1.413226928389126	0.1240220466061559	51	1.41497
1.0112017657180379	0.12437728691829067	52	0.971111
1.0606396907257265	0.1224133957890726	53	1.05806
0.9169441851624137	0.12257125009259454	54	0.912359
0.7895563906333082	0.12474189599990762	55	0.790293
0.7627900261670678	0.1190079734841886	56	0.753893
0.9579958658580375	0.12292781189731752	57	0.953244
1.2834966669969539	0.12328469859377328	58	1.28228
0.6702868080793537	0.1215320497144391	59	0.657034
0.6127465296106311	0.1250237521030817	60	0.590617
0.911242706799463	0.12402055971382576	61	0.910718
1.3289141657261379	0.12562689715008207	62	1.32741
1.3578855255892592	0.12836758154926028	63	1.35052
1.2033053485379492	0.12506918581416246	64	1.202
1.2602497306906262	0.12309675273155436	65	1.24302
1.0505632369664404	0.1206809754729719	66	1.04994
0.9648755043858607	0.12698673894853996	67	0.990717
1.0677225125421392	0.12294640335016915	68	1.07247
0.8076251022086369	0.1258985267848595	69	0.807212
1.2391181239706852	0.12675220894163355	70	1.25093
0.816543806871592	0.12362035183508442	71	0.815936
1.7308871556947327	0.1324030675994501	72	1.7324
0.916147630988904	0.12069055141626608	73	0.910923
1.1426438065261846	0.12052316650589948	74	1.1438
1.3045410910381028	0.12561867444130642	75	1.30093
1.1301131845828405	0.12338430041023354	76	1.13093
0.7506917208310702	0.12109449302443107	77	0.749396
1.6544731901700567	0.12925921624993095	78	1.65621
1.0713236731577644	0.12072841998645538	79	1.06666
0.6593988020144728	0.12218412957329491	80	0.65299
0.8219478087036086	0.12336993651967258	81	0.820742
0.8719964101377553	0.12521114336773714	82	0.864909
1.1492905875719126	0.12195020858753997	83	1.15106
1.4066879957978102	0.12585668481780193	84	1.40656
0.6047775029173523	0.12641907070887556	85	0.583449
0.9520351189700214	0.122912093579298	86	0.96262
0.9030767618252792	0.12175083808114447	87	0.908987
1.2065575191663798	0.1277014551182473	88	1.20641
0.2794559268496335	0.1413505490272269	89	0.000546772
0.9588964261401759	0.12260661366364659	90	0.957257
0.9261300375391507	0.124312525886213	91	0.92954
0.7229934340458768	0.1223985742180957	92	0.72043
1.0004604514429616	0.12121841846938265	93	1.00261
1.1945268036345909	0.1219880924207189	94	1.19431
1.2284029544780162	0.12326154018157479	95	1.22573
1.224112055526882	0.12358788050733345	96	1.22325
1.373439340816422	0.126963323928114	97	1.40098
0.8482647307890615	0.12506554706128273	98	0.9026
1.1622163408739903	0.1234004104440159	99	1.16208
0.966589781969521	0.12651037576521137	100	0.96564
1.2197937160082475	0.12361885645693482	101	1.22005
1.1220191434014002	0.12355699506227183	102	1.12091
0.5979213539288402	0.12467107582081843	103	0.601336
0.559504394159886	0.12550590700973055	104	0.508904
1.0932099269737436	0.12351259910377385	105	1.09422
0.9668826346022057	0.12348140669158388	106	0.962528
0.9047925732080471	0.12244554102831455	107	0.904786
1.2528685487082962	0.12423804867571211	108	1.25322
1.2310179022651682	0.12704780558512493	109	1.22912
1.1528246632865793	0.12583572839501345	110	1.14984
0.9408660596021118	0.12377628349526269	111	0.934479
0.8228198501815652	0.12297504243419839	112	0.82373
0.8204985611635627	0.12252740534174174	113	0.818293
0.7183994203283574	0.12385023470613638	114	0.717039
0.8336985159317171	0.12615870681149466	115	0.948147
0.7508782869018092	0.12327226239496665	116	0.750443
1.2215481817964955	0.1222604703391276	117	1.22506
1.237880796111569	0.12362502355655916	118	1.23697
1.4507249372242048	0.12950975488333846	119	1.45192
0.5191202506721446	0.1221849766013868	120	0.333175
1.1600376312781484	0.12271932805539022	121	1.16007
1.2295500834287263	0.12549459210431863	122	1.21509
1.0118241254835174	0.12241541878676468	123	1.01127
0.7721736073169575	0.12214320612460852	124	0.773677
1.1570661874222754	0.1236702792130389	125	1.16231
1.0682101180588068	0.12096863198782688	126	1.07204
0.7750585116976736	0.12276786287930072	127	0.774799
0.719241455158562	0.12288531819144691	128	0.714617
0.5500651427482487	0.12323527152208694	129	0.387197
0.6252073811321026	0.12015545466770022	130	0.61482
0.7805442173444392	0.12515514642336453	131	0.778947
0.5690386387904907	0.12278834942978746	132	0.523358
0.8751274155739653	0.12510559374243743	133	0.884382
1.1467819060753006	0.12370407647869816	134	1.14602
0.887758119381144	0.12045006836992501	135	0.883784
1.0518550162190072	0.12428557888490482	136	1.05095
0.1961575373804478	0.12572688298270507	137	0.000585069
0.9436355497503034	0.1241571308556331	138	0.943135
0.674736091021355	0.1251648386810389	139	0.681236
0.6130740085796055	0.1263077296888172	140	0.588193
1.1554607560525014	0.1240800881798895	141	1.15552
0.8540204175445533	0.12207976356098406	142	0.849589
1.0128945509899496	0.12325953231782229	143	1.0114
1.125555600941392	0.12256426875842803	144	1.1232
1.1189351081491963	0.12395961924344104	145	1.03599
0.8962694815513876	0.12412895854513133	146	0.898398
0.6659121835108531	0.1256212953066371	147	0.667348
1.277256397079621	0.1262614263939762	148	1.19522
0.2205954247358325	0.13647368892668443	149	0.000719252
0.9650082754610705	0.12241667833305891	150	0.967594
0.8971127123202679	0.12783156616703864	151	0.902445
0.7523926441196217	0.12484515220416025	152	0.75394
1.0382074196270206	0.12141405680084583	153	1.04133
1.3377660406736174	0.13106752332255625	154	1.34129
1.1179943878047032	0.12306361919786807	155	1.11464
1.2208413834765046	0.12716704362977244	156	1.22377
1.1921037665690262	0.12448496717804027	157	1.18727
0.8055493054224653	0.12068493196206667	158	0.810409
0.8809658455352694	0.12237992572706234	159	0.882971
1.3084597831600384	0.12384081576428418	160	1.31119
0.7719939346967379	0.12944807028866637	161	0.883987
1.4505752824565605	0.12351274281539103	162	1.44923
1.4254249831839931	0.12403233338024477	163	1.42537
1.1602685518588305	0.12742373211036723	164	1.26586
1.023169921767406	0.12277918332581077	165	1.02239
1.2991018094684137	0.12211223947113214	166	1.29311
1.190781230745401	0.12580292894965567	167	1.19205
1.0994922020904847	0.12313439064199848	168	1.09935
1.0083707181896109	0.12672559355870142	169	1.00664
0.8423306239181259	0.12265753013968717	170	0.851205
0.7786066279574115	0.12255641529495985	171	0.78029
0.6866941242974859	0.1235126694094824	172	0.688636
0.8164878266206078	0.1239006427253631	173	0.817333
1.0034734729104584	0.12361784685392772	174	1.00359
0.5761975209068271	0.12379474499575753	175	0.49631
0.6661172211842632	0.1256052847578332	176	0.661045
1.0160722407503586	0.12152893732889845	177	1.01704
1.2364323224709945	0.12298008069699398	178	1.2362
1.2858029607628116	0.12395144339957381	179	1.27576
1.092218594897042	0.12406125171024895	180	1.09576
1.3461700089447546	0.12496989533027328	181	1.34658
0.8889186143355675	0.12226629236599358	182	0.888319
0.5618114056986088	0.12233606894612124	183	0.456683
0.5313554076109621	0.1276825063122277	184	0.287037
1.1538305199140277	0.1252561856516369	185	1.15805
1.2273705673682094	0.12464208425452915	186	1.21726
0.8218755069774822	0.12211063446623782	187	0.819676
0.820317020615223	0.1250772104043709	188	0.821568
1.2265564376374356	0.1220240703836602	189	1.22521
0.39433795006268013	0.13154514023874803	190	0.0152931
0.7503000870687686	0.12107469589166248	191	0.752018
0.9860639574242963	0.1232678324188735	192	0.985476
0.8983467716210042	0.123303248987107	193	0.898815
0.19581713951225604	0.127096208594606	194	0.0004828
0.7456415882800271	0.12235744712419798	195	0.74362
1.3889418796874906	0.125898130873729	196	1.40508
1.3181434380515367	0.12994490481437804	197	1.31687
0.9300387151330635	0.1253072215020385	198	0.993061
1.1494118337268677	0.1253022866023347	199	1.14856
1.3060883995414434	0.12358450852269026	200	1.30306
0.7246039065941887	0.12594442251350144	201	0.724495
0.981248836595819	0.12286088208348556	202	0.949632
1.3252132310573745	0.12882491170629307	203	1.32794
0.784118925441891	0.12450182598494186	204	0.781745
0.7104520917582875	0.12251034687823434	205	0.707142
1.1487780970556905	0.12544601662605673	206	1.09903
1.0732150633669384	0.1230506275942027	207	1.07758
1.1642452798414071	0.12270210191052604	208	1.16562
0.5752861869822354	0.125096643170776	209	0.528544
0.7580186803698296	0.12031270269122887	210	0.760497
0.6523893545021295	0.12441397051870037	211	0.641577
0.5151660799793859	0.12709055550002454	212	0.183184
1.2174474848870083	0.12426514606560422	213	1.20548
1.011324002595966	0.12182921990480625	214	1.01106
0.9954331750813706	0.12278579989946263	215	0.992462
1.4826304353252968	0.12545489412820948	216	1.45068
1.1355877487870658	0.1221533170228589	217	1.13807
0.6729847385755303	0.12400791417621876	218	0.691279
0.8981698466850875	0.12348774863249869	219	0.902225
0.8897256718926883	0.12384023963972428	220	0.894474
0.9193575350058439	0.1205185025882812	221	0.919798
0.8287941115075814	0.1224527938950965	222	0.829325
1.0692727435892373	0.12486582526679282	223	1.12409
0.977331531234992	0.12077335123593437	224	0.976697
1.3867679483167359	0.1273154140163774	225	1.34505
1.017576269798893	0.12431032736016047	226	1.01981
0.957633515490963	0.12360372566399536	227	0.95475
1.3032291405912475	0.12593984120955692	228	1.35096
0.9938481194523027	0.12377938205882913	229	0.995417
0.8490547476076656	0.12364959943931292	230	0.851681
1.1611710298774611	0.12331101512628972	231	1.1767
0.760128319542026	0.12166368556361844	232	0.75925
0.6754343787932949	0.12411230361231997	233	0.674788
0.750001166180354	0.1274652552289412	234	0.659004
1.0205559114348828	0.12222438600206059	235	1.0187
0.6937058570493115	0.11958943882015866	236	0.685175
1.0549341977182936	0.12400825144931908	237	0.993813
0.32882344886838744	0.1323243258666187	238	0.00445654
0.9974155084621573	0.12279164838145579	239	0.973869
1.4426914876128694	0.12587713755641106	240	1.43762
1.2072465928803018	0.12780000288479995	241	1.20551
1.185722381795204	0.12137680944005665	242	1.18406
0.7128755927455349	0.12392883431887868	243	0.703058
1.2875615378400986	0.12484744070875786	244	1.29219
1.1225413124743082	0.1229317642430612	245	1.12145
1.0969850089675577	0.12307782459166361	246	1.09658
0.6369965445951992	0.12174119925965915	247	0.617986
0.8687260999962573	0.12290343757826769	248	0.873119
1.4227420504644612	0.12431984907442267	249	1.41978
0.44883229218382614	0.12138673071589474	250	0.0836785
0.7892818956858786	0.12383463176389753	251	0.788984
0.90345578077233	0.12320250965466249	252	0.907225
0.5378251226829333	0.12489010758294121	253	0.305601
0.8590081008558842	0.12338954881762755	254	0.859084
1.3375271905452453	0.12735234550429972	255	1.33393
1.0117907818782093	0.12234422749968323	256	1.01195
0.034121666249944796	0.05048412864124275	257	2.35269e-05
0.863921894635713	0.12075915909319854	258	0.869634
1.1731942082555615	0.12280937867226913	259	1.17618
0.8058443674416368	0.12749822824088372	260	0.806941
1.3003116529699996	0.1216832555069316	261	1.2814
0.845065496959549	0.1250361577502214	262	0.881064
0.8216327979747513	0.13747724031327696	263	0.826036
0.9829266461871542	0.12404856965418677	264	0.983462
1.0412176656531775	0.12121040152662076	265	1.04504
1.6605245351506448	0.12845841270432787	266	1.65842
0.7420988386450871	0.1213441672531213	267	0.741241
1.5343039517889054	0.1258887617085614	268	1.55169
1.1570593940010907	0.12687239715773882	269	1.16224
0.7095415703774313	0.12674676974054802	270	0.711525
1.4367843530734223	0.12698430311255934	271	1.43731
0.701093089665946	0.12316358355495469	272	0.697774
1.1416584892337223	0.1230856310176073	273	1.14474
0.4864384850671798	0.1345589585852432	274	0.0290932
1.0432302364017858	0.12371118054985308	275	1.04206
0.8980861858658511	0.12436735616351383	276	0.908255
1.5705025478067856	0.12898301110861465	277	1.56648
0.5018104386883588	0.12079194158064453	278	0.277883
0.6693594939999165	0.12657413645506405	279	0.666265
1.2974392995694755	0.12514922482732382	280	1.30017
0.7628306963457159	0.12081681781543838	281	0.764532
0.6687125710175468	0.12408792319648107	282	0.665955
1.1512061090887524	0.12213835448628743	283	1.15261
0.8643257286364643	0.1206563967624037	284	0.860908
0.8797206840216721	0.12719808558443094	285	0.879451
1.1006884719019943	0.12297475096260818	286	1.122
0.5554661746432793	0.12296628438408658	287	0.438526
0.7917442017945204	0.12371366182617594	288	0.793603
0.6876197372816018	0.12364221445681974	289	0.693447
0.7637707071163744	0.12114329448647373	290	0.766975
1.0210612986171654	0.1244610787245115	291	1.04291
0.9116432349428765	0.12278305557481532	292	0.863611
0.9643802174826974	0.1217644441225619	293	0.982087
1.128133632370944	0.1241145464352777	294	1.16076
1.2048716595352655	0.12465853492202739	295	1.17638
0.5495234185849887	0.12409870067536131	296	0.44794
0.8305702777141257	0.12162810472375649	297	0.829782
0.9914940212151038	0.12393349414035428	298	0.992856
0.7856632170314084	0.12405232253559204	299	0.781109
0.5237316769484865	0.1255382175445956	300	0.31195
0.9744622171389675	0.12344992722354498	301	0.975129
1.0433919384340398	0.12322734138827611	302	1.04311
0.13352457921183844	0.1102690420312981	303	0.000304596
0.6599754002014744	0.1315132026962104	304	0.667311
1.318856284764599	0.124080714813866	305	1.31986
1.3743514683091949	0.125434606230946	306	1.37421
1.1954513985692359	0.12618332207674712	307	1.2042
0.814803944754516	0.12573622893621428	308	0.806666
1.3420336479888013	0.12572012005285838	309	1.33514
0.8084263475290602	0.12061179367246827	310	0.807305
0.6130046608272064	0.12121826323364032	311	0.60273
1.420936861107397	0.12690395727090267	312	1.42132
1.0841914566552722	0.12507512440875343	313	0.987912
0.7940532798403978	0.12072042590654401	314	0.788938
1.2795950623505226	0.12697660211682632	315	1.27195
1.368476430092667	0.12478868120165355	316	1.36958
0.5493635895542127	0.12396393112596135	317	0.43503
1.1329737115399796	0.12525737741479234	318	1.13139
0.7989261539173959	0.12494502950543027	319	0.820557
0.8107650270496903	0.12294454591479168	320	0.814397
1.2975004548038307	0.12344515014433823	321	1.27413
0.924765622484598	0.12333854320333026	322	0.925676
0.9214144638580506	0.12383890709042678	323	0.9226
1.0874569385698578	0.1222536665532059	324	1.06128
0.575957620684225	0.12497084082009392	325	0.487778
1.1329753321174303	0.12731461067920075	326	1.0083
0.6651295207501045	0.12321799847857212	327	0.654478
0.7760480119400645	0.12776773430246371	328	0.780543
0.8519413046090673	0.12234483715376072	329	0.856082
0.8399517476670019	0.12603899021255352	330	0.846617
0.9428118379114087	0.12036051676956762	331	0.942168
1.1634327251724925	0.12586389308038878	332	1.16738
0.8352751975994213	0.12410685667072789	333	0.837026
1.1806348220427916	0.12247451178560484	334	1.183
1.4891997447250516	0.1253066987002042	335	1.48332
0.9072843744945049	0.1229882880565013	336	0.907775
1.0532529676380131	0.12666483251490265	337	1.05246
1.566421940155331	0.12725523127706315	338	1.55634
0.9978891525376796	0.12402687278053673	339	1.03923
0.9015859764882166	0.12372861374264259	340	0.903568
0.9441355875219988	0.1241792622314782	341	0.947108
0.5451908547993939	0.12869090820510562	342	0.333539
0.9830513336719956	0.1259282109621654	343	0.98431
1.0486546607836025	0.12214080528034095	344	1.04773
0.9845803590282426	0.12241660635827728	345	0.98764
0.978928728154058	0.12963633724375914	346	0.831062
0.8742626015414784	0.12128973482714307	347	0.874667
1.011837734784428	0.12231348106379418	348	1.0115
0.632821040640683	0.12996565819453276	349	0.622514
1.0053844141247779	0.1215662005361919	350	1.00425
1.1883531786815875	0.1251117498512011	351	1.21538
0.7517304125755407	0.12330383872422054	352	0.753848
0.8307223205063099	0.12378478759699546	353	0.833244
1.1276866312878648	0.12519364441036823	354	1.06667
0.9222337287824601	0.1230959046106194	355	0.923234
1.5993504258226756	0.12918033145607394	356	1.55888
1.3823890382078732	0.12375971094027285	357	1.38106
1.170569243434676	0.12321351099282733	358	1.17909
1.1017671595080174	0.12206255061787274	359	1.10283
0.9316022790496368	0.12130044025179794	360	0.932511
1.1767461896868392	0.12954184908209265	361	1.21194
1.3899433844300126	0.1242495503803945	362	1.39017
0.5246166945431401	0.1276250623176333	363	0.141857
0.8117158395345355	0.1219107283234851	364	0.8085
1.0516115979708882	0.12194559563835139	365	1.05042
1.1599032204664232	0.12479181075713736	366	1.15887
1.413620767860113	0.12471481260640922	367	1.41482
0.44291884411980403	0.12821161396396083	368	0.0593386
1.1667385374362487	0.12312816644029109	369	1.16364
0.9113671923550057	0.12348656551654832	370	0.912451
1.1396586899186187	0.12379662338979314	371	1.14145
1.0283504115599382	0.12456134315157552	372	0.943309
1.0960494686383588	0.12180813531251303	373	1.10041
1.060473024868237	0.12639750432046692	374	1.06489
0.7002523237706356	0.1234615459453143	375	0.701872
1.0366093072099845	0.12166542384155309	376	1.00383
0.936619470423342	0.12365437664551295	377	0.938061
0.5637257339233863	0.12512870094901798	378	0.46462
1.0643367212418027	0.1262650424559257	379	1.09416
0.9710235685352342	0.12333040738231152	380	0.969745
1.2253162171023404	0.12360139462960346	381	1.22682
0.9902430157378065	0.12209887151194304	382	0.990364
1.2554938083246705	0.12422007119130461	383	1.24694
0.7598783907760759	0.12208189252875552	384	0.761959
1.5196872225115363	0.13109967677992904	385	1.4731
0.8239189745652251	0.12850946912500671	386	0.814381
0.7236463565208129	0.12481711249093969	387	0.733029
1.2608844171643407	0.12368169137946168	388	1.26272
0.9762550047980705	0.12084131403852463	389	0.972713
0.8186836592223193	0.12317046181439935	390	0.817372
1.5307915742437965	0.1257351566250443	391	1.53155
1.122834041092367	0.1229093603692425	392	1.10194
0.9207367687338828	0.12229007589426766	393	0.92361
1.1952456303189434	0.1218519240192516	394	1.18012
0.6844918063060129	0.12317426259224871	395	0.678762
0.23565633159668345	0.13578553916287245	396	0.000733058
1.4084458734810616	0.1260248633319781	397	1.40736
1.2306509192775315	0.12248913527320612	398	1.23068
0.8464748475513703	0.12290998770860644	399	0.85363
1.0114513767266562	0.12346447230953934	400	1.01188
0.755554678706317	0.12348733423113949	401	0.753786
1.1934374137455859	0.12827936607552962	402	1.19157
0.8379270552507847	0.12364520434676209	403	0.838405
0.7016622140272659	0.13020975059022902	404	0.704879
1.0166722396437395	0.12075403230975461	405	1.01865
1.2420064153809698	0.12640134638887252	406	1.24082
0.9855702691063805	0.12442170585719485	407	0.983628
1.2757543481686648	0.1317793917487397	408	1.20546
1.3146563036574048	0.12685888351782063	409	1.30099
0.9336413033633297	0.12832055878877774	410	0.938174
1.0242513025942794	0.12302780879112749	411	1.0255
1.0969597704857539	0.12437643885484047	412	1.07249
0.6273960210534848	0.12315110016896579	413	0.668625
1.235576249110427	0.12406181987742325	414	1.23639
1.1564522292622157	0.12463853543560365	415	1.15792
1.2923925036921888	0.12373143449729612	416	1.29264
1.1169327909613154	0.12344107200656851	417	1.11334
0.7764958240891252	0.1265873068061788	418	0.777968
1.2994881617085208	0.1316404589249144	419	1.30885
1.0130701806996576	0.12533657352472813	420	1.01156
1.0249344040078063	0.12045143460593628	421	1.02584
0.8306564795954565	0.12230377521944318	422	0.829571
0.9622600373614542	0.12485332673359979	423	1.00822
0.7283232095068201	0.12501571980327889	424	0.730147
1.0848383893436715	0.12769873900402892	425	1.08389
1.2499888100727625	0.12341196336991521	426	1.25256
1.3616020519251564	0.12302755723626008	427	1.3616
1.5253235061125938	0.12887420240549052	428	1.49359
0.8741049834406515	0.1240183242517266	429	0.877407
0.9137032423055972	0.12625188064251533	430	0.968527
0.713046694507556	0.12732670275634048	431	0.759906
1.220414532891452	0.12300292705279507	432	1.22346
0.86627031089598	0.12654738030536536	433	0.888402
0.9416365059041952	0.12334341988191833	434	0.941748
0.8775080638869028	0.12207876393115819	435	0.875646
0.7954969324831535	0.1202374541760104	436	0.793854
0.768349326299503	0.1243739228122197	437	0.771194
0.6340980560051096	0.12132203640819889	438	0.623454
0.8539715414561724	0.12090932933074887	439	0.858224
1.1183321573807457	0.12336691350276595	440	1.12114
0.5908534905334234	0.12610770019838044	441	0.539386
1.3893927567602193	0.12555164763872134	442	1.39035
0.9909452957490301	0.12142136653182119	443	0.98937
1.1688776917470387	0.12241452674100761	444	1.16999
0.9646004315887382	0.13013925485014452	445	1.07018
0.9424791751460614	0.12493670448823414	446	0.945029
0.7636671361469471	0.12233570072473501	447	0.747545
0.7090005791569466	0.12379399414757654	448	0.706111
1.2559129451625914	0.12896470563983978	449	1.26495
0.7329697394207393	0.12856707816799193	450	0.717133
0.9712511475648249	0.12254721551569593	451	0.976162
0.675455342857462	0.12098813458390044	452	0.677688
1.171480657555009	0.13120588327477495	453	1.24707
0.8911819180734686	0.12325837847769629	454	0.894656
1.084177992178016	0.12564141472205453	455	1.08468
1.1333700821878825	0.12228817659975785	456	1.13756
0.8464807496067056	0.12059849033459143	457	0.85773
0.8514949798250793	0.1211138115093751	458	0.876245
1.607992923131366	0.12945191980724563	459	1.59601
0.6694719522332722	0.12430172127462757	460	0.664913
0.9551502460470277	0.12311930980142634	461	0.958046
1.2218196836395718	0.12676432093143186	462	1.2225
0.8055374349021622	0.12437750899795585	463	0.807638
0.9640156771209475	0.1241937203863106	464	0.96865
0.4287891214816433	0.13328215396279777	465	0.0130758
1.0133833670215493	0.12353830899826664	466	1.04385
0.6022901132295242	0.12292079090799982	467	0.565567
1.2139925729489012	0.12469423645056037	468	1.21386
1.0362775806131956	0.12131513632134201	469	1.02187
1.2203948237913727	0.12274435516877052	470	1.22349
1.0133113809290177	0.13063350136022783	471	1.15499
0.6812620314377132	0.1244908587175131	472	0.681141
0.6825471853236031	0.12064162610662729	473	0.677644
0.5378585716024032	0.12259454703018069	474	0.410823
1.0023446865781376	0.12362548117125895	475	0.981583
1.0577215487340579	0.12169487295928663	476	1.05654
0.7637391505024255	0.11977628898753843	477	0.764218
0.7332937896499294	0.12399973057083596	478	0.728524
1.2057390953854932	0.12486137879594002	479	1.20552
1.2008521964835361	0.1283506705358352	480	1.26104
1.0014567244901953	0.1256112328777776	481	1.00369
1.289868062235984	0.12899631923668026	482	1.31994
1.3539061149611964	0.1269349317978518	483	1.35448
1.098686394692091	0.12340436329524876	484	1.10115
1.0739590998006214	0.1215926777540162	485	1.07145
0.9012108061019797	0.1244498931625924	486	0.935944
1.3967777585967616	0.1245770237408633	487	1.39726
0.8273229484381076	0.12249593970742101	488	0.824197
1.0542260079747523	0.12424662715294302	489	1.0578
1.2283294917409877	0.12436597640467045	490	1.22582
1.2970344100662428	0.12315549348189471	491	1.30238
1.141988581045145	0.12482784360322154	492	1.17774
1.3571622595775268	0.12241366533068812	493	1.35517
0.9319306761001807	0.12311114534556729	494	0.934602
0.9247356310545034	0.12186994095101944	495	0.916921
0.5465399980193315	0.12795074898858974	496	0.360179
1.0987550144960903	0.12401076726685702	497	1.0893
1.5709329987926952	0.12900742676270724	498	1.57106
0.9506419570435376	0.12118647549166177	499	0.938282
0.9068553848686427	0.12165869203532723	500	0.903455
1.2667625251519157	0.12610339702815324	501	1.26428
1.1576155193744326	0.12518698838130404	502	1.15884
1.088778986553138	0.12348426550572388	503	1.08612
0.7348817339870604	0.12179012367016367	504	0.735714
0.7757457391862681	0.12308191300409944	505	0.779197
1.2986888099298273	0.12216156645500105	506	1.29758
0.9694783949927487	0.12298987343984628	507	0.96702
0.7337883837603235	0.12250529045452083	508	0.732389
0.8748690536877759	0.12257987639798816	509	0.877241
0.859080213817976	0.12427353972093563	510	0.858632
0.9296884445121766	0.12194921972679201	511	0.932131
0.48988248344753754	0.1321716174113247	512	0.0194358
0.6368358745697443	0.1209163074236681	513	0.624939
1.014520735553019	0.12506040610355387	514	1.01456
1.1756335722916749	0.12266820558469256	515	1.17558
1.0201659269720487	0.1222894003887567	516	1.02092
1.079682358698217	0.12365662941868448	517	1.0832
0.988635505125651	0.12227469572979749	518	0.991963
1.1793427856047476	0.12704382688867516	519	1.17697
0.8804129467122082	0.1242860653386412	520	0.874849
1.3776849211811748	0.12679101642819637	521	1.39509
1.165788524031481	0.12209255567286227	522	1.16532
0.884603001187424	0.12339904142164526	523	0.884877
1.2384174267986356	0.12246922157941943	524	1.24548
0.5068277125921078	0.12354804312818485	525	0.176253
1.0665889820362124	0.1246306130491917	526	1.10919
0.9750852564873186	0.12126038071203425	527	0.97883
0.9883296660420454	0.1197500776101539	528	0.990956
1.2095245171992948	0.12243901176400626	529	1.21038
1.1383703428337912	0.13003352581531108	530	1.08794
1.0167485833591485	0.12205906530158259	531	1.03337
1.3908158906386825	0.1252037541501134	532	1.38016
0.8049394941283851	0.12599872472779722	533	0.732407
1.3807781803266246	0.12840817524161482	534	1.3819
1.0484639018029644	0.12182011659167298	535	1.04705
1.1237711224087648	0.12867970433362866	536	1.12544
0.5408256542482613	0.12616919181964048	537	0.314276
0.5801195062121943	0.1257726000482435	538	0.601455
0.8161428352489848	0.1227067566227888	539	0.819617
0.9604370708943251	0.1252556922197108	540	0.961584
1.1627442351833142	0.1238977244096256	541	1.1646
1.2813858229473611	0.12252485739999125	542	1.28451
1.3690629822690494	0.126862615711243	543	1.36954
1.0515799343473464	0.12136624086935631	544	1.05442
1.5235727254024498	0.12639295572733786	545	1.52271
0.8488703890196234	0.12043529382376338	546	0.848098
1.1476350758918203	0.12584134754287823	547	1.16248
0.9113570143089211	0.1227963965289279	548	0.901892
1.0199773129428353	0.12223388589888406	549	1.02064
0.9376680536650559	0.13229218227551695	550	1.04368
1.020980013755255	0.12203868958337726	551	1.03387
0.2892426544074955	0.1297816371016522	552	0.00238143
0.7049944672236894	0.12356469432560599	553	0.701623
1.0920322994386238	0.12395560104409134	554	1.0968
1.084024679060742	0.12101334609470399	555	1.08643
1.4678205067637324	0.12412393936616388	556	1.48682
0.8057449498733785	0.12417185585637394	557	0.784165
0.8000877215780151	0.12217182907296703	558	0.797101
0.8473757427670328	0.12268275511886338	559	0.85156
0.9987289326044908	0.12535749607046093	560	0.994497
0.8788295412966651	0.12318325202062796	561	0.913446
0.9707925475013431	0.12228854627215564	562	0.971865
1.3896765262842299	0.12408099486993239	563	1.39341
1.174433786218996	0.12669613093594595	564	1.17672
1.0286461205345665	0.12132710689640895	565	1.02263
1.1116487251088452	0.12133698803342842	566	1.11158
1.022614973716341	0.1239488437326429	567	1.02544
1.264643604502681	0.12407134601575988	568	1.264
1.2004004113011704	0.12395140481303812	569	1.19991
0.5986547802909867	0.1286489452736533	570	0.757449
1.2296040654925529	0.12367346713469665	571	1.23016
1.0382039205667815	0.1198362515729283	572	1.03428
1.2199767710621208	0.12883838922288474	573	1.16199
0.7328112511434114	0.12514763886906644	574	0.734733
1.3314799650960847	0.12568841716133253	575	1.32279
0.7749758534434394	0.12581661687178072	576	0.790564
1.0172987514856262	0.12596017537534762	577	1.01361
0.8205035293607793	0.12270966838984101	578	0.817642
1.240300324705426	0.1258441569623923	579	1.25347
1.037848664016559	0.12165155059822029	580	1.05486
0.8027708671577288	0.12173953531722831	581	0.802832
1.0689143835580819	0.12838215693400387	582	1.07
1.3189629803846026	0.12648477891748852	583	1.31862
0.9845263911538709	0.12364886413440809	584	0.985881
1.1965137099545764	0.12358502743835276	585	1.18567
1.3673181268336578	0.12422197549960445	586	1.36949
1.499264581246415	0.1286263018460877	587	1.49764
1.1020292340010314	0.12248262130779829	588	1.11413
1.2429194040504006	0.12583336034096082	589	1.25907
0.7862047902756182	0.12532980027165233	590	0.785435
0.8694505596789165	0.12142314159921258	591	0.86798
1.0712412337082837	0.12206878938783598	592	1.03377
1.3533247148746974	0.12405380238904815	593	1.36071
0.9559307508449862	0.12464531674060814	594	0.947111
0.6029564316644859	0.12327497197555354	595	0.599882
1.370450272695786	0.12834424075513823	596	1.25775
0.9437337022989989	0.12759034375396844	597	0.959049
1.0644944855046945	0.12350192496704132	598	1.06984
0.7175258182422302	0.12563434725163417	599	0.715289
1.5664374264768284	0.12647523769167987	600	1.5615
0.6236065258930831	0.12829676826971864	601	0.678338
1.1183212947998733	0.12283171348715839	602	1.11803
1.1033468109488012	0.1233241675386893	603	1.10319
1.0581719976628727	0.12149731312740779	604	1.06974
0.8291130661527	0.12294514774456321	605	0.826413
1.2466934266710417	0.12337795686703915	606	1.22017
0.5433740453766593	0.12519237851871468	607	0.359049
1.58762854460506	0.1287892036250767	608	1.57134
0.9597587257699071	0.12356177118424268	609	0.962515
1.4963256915485383	0.12673182406913924	610	1.45893
0.8118519302056754	0.1254949143401476	611	0.898563
1.3238207122706873	0.1271110362220556	612	1.32038
0.8945030960084845	0.12265804351389212	613	0.896941
0.5562075663799255	0.12838404910760956	614	0.562632
0.9009523527461512	0.12418613592430365	615	0.864896
0.8799993223164665	0.11963823959594107	616	0.879856
1.3570365835487876	0.12716633886861453	617	1.34838
1.1372153421606779	0.12325487117297429	618	1.13857
1.0784031991006509	0.12325492751242145	619	1.08098
0.951152015843216	0.12559819081904458	620	0.960493
0.729015360579805	0.12585949209683517	621	0.731779
1.0140993669928575	0.12312612427824644	622	1.01598
1.1642526564353437	0.1269352763184993	623	1.15377
1.0634590534402688	0.12415982843479649	624	1.06167
1.4756294863050974	0.1291284477806239	625	1.47599
1.31914552589968	0.1246147840788499	626	1.31778
0.8672464865681515	0.12172958682269984	627	0.869534
1.0822994588538843	0.12130966411465638	628	1.08576
1.0665917752694118	0.12354638566860275	629	1.06673
1.0055908542573535	0.12209726629980844	630	1.00075
0.6010819713506812	0.12653314941220098	631	0.598801
0.7123749895216532	0.12195038153185295	632	0.718157
0.6200003082747308	0.12322604986865038	633	0.605707
0.4482747233737722	0.13409373016086243	634	0.0287195
0.828145121556923	0.12042523427690405	635	0.831148
1.0911228045531611	0.12305974627638473	636	1.09454
1.0865004102647728	0.12264196551140011	637	1.08587
0.9919047134001622	0.12181091965784596	638	0.990863
0.9616446736147616	0.1280317792367296	639	0.964167
0.564209243227558	0.12337179930766232	640	0.508484
1.0605318481933337	0.12332815163210857	641	1.05806
1.207533567115248	0.12711661945121036	642	1.20503
0.9530170777787166	0.12308164117525826	643	0.955364
1.046807809781141	0.12208394480245573	644	1.04592
1.1919653249780993	0.12386030642057129	645	1.19299
0.5844603500211064	0.12103113198823227	646	0.547102
1.0788448248943658	0.12099130700408468	647	1.07614
0.7622286062552956	0.12238205960118448	648	0.762063
1.003507749794506	0.12169288931099347	649	1.00556
0.8434449343406409	0.12558129035443968	650	0.84618
0.7933748676136599	0.12329796420992858	651	0.793707
1.3938573751290266	0.12330779860636755	652	1.39685
1.0844204573913505	0.12933631956343544	653	1.08259
0.9430884083394747	0.12379709791487431	654	0.935355
0.7188772304279777	0.12121798126233595	655	0.71455
0.86450700043895	0.12778195358740677	656	0.864211
0.8880470960875998	0.1220875411734688	657	0.890955
1.2502086987256202	0.12722016943716363	658	1.24656
0.9994278203555247	0.12298940768778216	659	0.996298
0.8055817904145225	0.12402011063599536	660	0.818911
0.8287162912425983	0.1260743807753353	661	0.797248
1.1133904921224484	0.12199835735192183	662	1.11776
0.6008581487535372	0.1264982274474367	663	0.560889
1.0038058589195002	0.12313879558137664	664	0.948158
1.3570041253518172	0.12669508525478995	665	1.33816
1.0599996165927745	0.12389643024919059	666	1.06146
1.0098112100111758	0.1248005457750401	667	1.1074
0.7730650389469367	0.12209268615907237	668	0.770384
0.47408889402427656	0.12453860601198478	669	0.114194
0.7991566068220567	0.12395565761642337	670	0.798041
0.6637996304888055	0.12158342604012481	671	0.65943
1.1514243181488706	0.12283390046480568	672	1.15354
0.5366668443658565	0.12104968403399656	673	0.386244
0.8957102542064982	0.12655632605166228	674	0.896962
0.9313280762549475	0.12665228388916613	675	0.945526
0.926597786684985	0.12892665679428628	676	0.917885
0.8694402882555423	0.122096320755009	677	0.897183
1.6091905582452701	0.12930757304519108	678	1.61039
0.9399653446403908	0.12230848298408306	679	0.942345
1.0980464443046671	0.12097569816833763	680	1.09692
0.9673452196186257	0.12270490796546558	681	0.969528
0.4953612091017586	0.1258628416929972	682	0.253058
0.945350549040273	0.12484608000442236	683	0.946844
1.2455116938296846	0.12138385340468368	684	1.24166
0.9354032151687166	0.12155302957097491	685	0.93809
0.40949898899481996	0.13220773945714917	686	0.0149514
0.46561214485567026	0.12897552409558688	687	0.0486046
0.8755000803595714	0.12412802412478464	688	0.876706
1.2703331403666076	0.1236373457481597	689	1.27123
1.3807695641893054	0.12607845214541752	690	1.38515
0.6539186430282835	0.1239421415890447	691	0.646194
1.075898922426771	0.1260055068263879	692	1.07827
1.1703717663452082	0.12289290537685078	693	1.17293
0.8913457094020536	0.12166001217200667	694	0.895168
0.7789228784519548	0.12201611940359941	695	0.769671
0.8137197250175298	0.1214507319008795	696	0.811412
0.8815687919215103	0.12098850076376687	697	0.881143
0.44789506029598464	0.1264219707389294	698	0.0390106
0.9322996766307543	0.12328885009448796	699	0.932673
0.9701699626072933	0.12269111687487219	700	0.968803
1.1103054522358966	0.12257537824006626	701	1.10949
0.7229237822286705	0.12311137227991725	702	0.72249
0.607617156213493	0.12538443830004634	703	0.579463
0.877299637360807	0.12258287938196409	704	0.880755
0.9481840680464316	0.12318801940139001	705	0.945603
1.1956886408814207	0.12554311607373567	706	1.19945
0.6172005889473067	0.1227238693310416	707	0.600545
0.836513433832079	0.1237974601875621	708	0.835676
0.4819268682928925	0.12597932653246385	709	0.16168
0.8897459325233281	0.1250397729917161	710	0.894395
1.096835558442492	0.12658374415523535	711	1.11066
0.8344934802791032	0.12410761143493593	712	0.839067
0.8977559792989043	0.12356932575653565	713	0.845989
1.2208967131004251	0.12803037110254037	714	1.22478
1.2256303672994628	0.12524462888597301	715	1.18424
1.1543467215251721	0.13251715310159215	716	1.15853
0.9085239116974988	0.12043239704098797	717	0.909504
0.890250793636411	0.12362452705980446	718	0.891375
1.2866067315054068	0.12334011847735732	719	1.29338
1.097395886369748	0.12610924967644843	720	1.04406
1.1532057815581211	0.12217633549307459	721	1.15562
1.0204185824470169	0.12070262219452381	722	1.01998
1.4338786075228247	0.12473939813638751	723	1.43626
0.7705918111488782	0.12506697795919589	724	0.768794
1.6441584560631899	0.12888786594733379	725	1.64301
1.2680054733339439	0.12534342200512516	726	1.27096
0.8031446930697296	0.1208697326792079	727	0.794529
0.7080768837529463	0.12337733427015028	728	0.70496
0.8567449797744331	0.1256086089252928	729	0.850176
0.6943893030917865	0.1266221980381052	730	0.690232
1.0197524898523218	0.1208168515660612	731	1.01662
0.9135040886961032	0.12260367545688115	732	0.919218
0.6015835212612397	0.11807324866496628	733	0.576906
0.6255097596316308	0.12406100531885958	734	0.622545
1.1903113395227043	0.12230893350833488	735	1.18875
0.9475184425846688	0.12402324582589114	736	0.977836
1.0441299066442877	0.12462867255237225	737	1.0471
0.6935046551862358	0.12269747651790987	738	0.684743
1.0665831145887268	0.12361446133130544	739	1.06786
1.080314800623195	0.12376864926328798	740	1.05649
0.963158707138778	0.12317650896913912	741	0.966197
0.7949708290273025	0.12599433496313173	742	0.814443
1.3595102630019986	0.1245905048732866	743	1.36587
1.3381846219589446	0.12594536071471207	744	1.31119
1.2280197960275325	0.12145305476576346	745	1.22536
0.9224083119954153	0.12432431563476057	746	0.926435
0.7169633185582053	0.12295193471534763	747	0.729576
0.6157694358311827	0.12245553009057104	748	0.590397
0.9522059875767561	0.12593103330520597	749	0.995662
0.9213862473957565	0.122641540764771	750	0.924523
0.9551993167717575	0.12249477387070531	751	0.95842
0.4884913225317766	0.13067025364312895	752	0.0983922
1.2771145124775096	0.12526020692192597	753	1.29573
1.0317168368873202	0.12014506373631387	754	1.04024
0.6371202081968957	0.12105037785644451	755	0.627629
0.9106853472191667	0.12363946032562569	756	0.948804
1.2377332550824218	0.12407512705848761	757	1.2466
1.1813810960016393	0.12192684402135193	758	1.19398
0.80103168247634	0.12816372086011601	759	0.79648
1.1478955403300493	0.12108387662473633	760	1.1524
0.9881727768976012	0.12393177644789163	761	0.975646
0.8300357310058062	0.12477125815738306	762	0.80318
1.262627219717913	0.1266116466671515	763	1.27269
1.1689454864162372	0.12314984542827653	764	1.17944
0.5885255709175192	0.12771059041840416	765	0.516034
1.3263374407383133	0.12324745538774966	766	1.32428
0.5628006610552629	0.12571367606416792	767	0.486082
1.3069070564270668	0.124796385305943	768	1.30955
0.4624327420894598	0.12941079953109408	769	0.0538298
0.707905972236534	0.12353307603383862	770	0.706655
0.856041826042878	0.12099859841012138	771	0.862943
0.9805731251222974	0.12172135245447768	772	0.981544
0.9543227926623917	0.12200802118339621	773	0.959522
1.1499744385023056	0.12200360184266325	774	1.14352
0.9363851645780139	0.12312362884413094	775	0.943217
0.9080418089559902	0.12576735478355977	776	0.913596
0.9946046932626231	0.1301062635873235	777	1.03714
0.9525922758145604	0.12332943016703023	778	0.891359
0.7563534575842076	0.12201887251559454	779	0.755912
1.521346587779088	0.13047587400256913	780	1.52206
1.3558733715683724	0.12516794787045174	781	1.27902
1.0548822220756906	0.1276343538143129	782	1.03473
0.8628927997674798	0.12246956099956555	783	0.864523
1.5293831617136422	0.1307837305983964	784	1.53368
0.8817171901427843	0.1218920319401003	785	0.883239
0.7820675908635402	0.12340116698619844	786	0.768107
0.9322769800856681	0.12314631136662176	787	0.938357
0.6989592770797008	0.12233393951160729	788	0.698288
0.42617396336246666	0.13790222811209552	789	0.0102329
0.5059324174731226	0.13198155612129844	790	0.0846445
0.6953612578808233	0.1216746641232816	791	0.696896
1.0329388871723224	0.12202366076351509	792	1.03382
0.3454454654638777	0.13084930474943918	793	0.00794513
1.1036730382271793	0.12189802910306792	794	1.10269
0.6403901219680428	0.1259124455738292	795	0.632136
0.5347909490198515	0.12578318044131756	796	0.323312
1.111791580974961	0.12565816669831398	797	1.11954
1.2638716500826186	0.127132484741438	798	1.30777
0.6930687668761205	0.12521905982685363	799	0.716248
1.1454392212418465	0.12307680428631168	800	1.14433
1.2962967039920665	0.12927504341998527	801	1.27113
1.2463329509600307	0.1252061291388382	802	1.24735
1.0850262778217248	0.12363294374496961	803	1.07339
0.7592185724473329	0.12361237191295453	804	0.75654
1.090194501646365	0.12316876109010336	805	1.09359
1.3939346404016524	0.12384587994749356	806	1.39414
0.7607635259328204	0.1262405286365972	807	0.756846
1.1347473916940494	0.12251500293735948	808	1.13774
1.0073285242782126	0.12420872526715142	809	1.01086
1.3075336103661914	0.12680759772268138	810	1.30815
0.9679971586123964	0.12382986532863219	811	0.966605
1.047534432488407	0.12159079068606289	812	1.02394
1.0754156557553478	0.12469066547294655	813	1.0759
0.8557263274784028	0.12199828888060578	814	0.853274
1.1881657568597135	0.12287526205778945	815	1.18986
1.0467259031114076	0.12171774062982076	816	1.04724
0.653466685954531	0.12408661583081812	817	0.64428
1.6173578936802857	0.1273689444694014	818	1.61621
0.8914663706873387	0.12538841573512502	819	0.895582
1.1147866267643374	0.1233720873347087	820	1.17537
0.7723813180823822	0.12794090652923698	821	0.777244
0.9677903947566944	0.1234126306759985	822	0.970939
0.9223810603375345	0.12222039674405778	823	0.925258
1.0853767846133229	0.12585758472425987	824	1.08865
0.739898863281114	0.12094291408335545	825	0.706679
0.7999065113200186	0.12361857359121328	826	0.795741
0.8345736193213402	0.1228460826178675	827	0.837124
0.8068142710606412	0.12121423590584982	828	0.809132
1.026048314762491	0.12478821169283004	829	1.06955
1.4261567608334957	0.12361711334403624	830	1.42794
1.053776531396302	0.12328578861718242	831	1.05734
0.8690716026499417	0.12427112024295742	832	0.871185
0.5862221841282418	0.1238778345373797	833	0.540159
1.3925107948530588	0.12721878406568748	834	1.31864
0.6896125445897957	0.1232679475746186	835	0.689227
1.3083066457633115	0.12737902856793193	836	1.31415
1.0282448374174005	0.1228450416398793	837	1.01329
0.9564542998800997	0.12345917508953647	838	0.957506
0.6382675423522816	0.12401472627357153	839	0.631712
1.5929942771565564	0.13127481461548313	840	1.59515
1.0205039179725484	0.12297874626032096	841	0.980131
1.3290954841586469	0.13231561002358866	842	1.3807
0.6961460981951931	0.12102326810249352	843	0.696352
0.7124390030686714	0.12191687719567008	844	0.712778
0.9941979716223429	0.12113197347278631	845	0.996758
0.6187771113589138	0.12327666220844806	846	0.600645
1.537966696002016	0.12562866665279585	847	1.53385
1.173281612407215	0.12252920155621937	848	1.16775
0.8191713941972981	0.12564255363237156	849	0.932809
0.8979441174570113	0.12504254294781678	850	0.897061
0.314830572753438	0.1352764751542239	851	0.00260406
1.6841027549826548	0.13327385961376217	852	1.68176
0.9757174672371979	0.12137394400668551	853	0.970702
0.8280411565627673	0.12727148427710383	854	0.826753
1.4536130948295263	0.1257457351543484	855	1.36574
0.854544105486586	0.12286758442733646	856	0.855576
0.8550118479313941	0.12204660569457726	857	0.861922
1.1446526247105226	0.1255999522925315	858	1.21868
0.9342817063124725	0.12305892994179242	859	0.936298
0.9355883630450065	0.12443102413151436	860	0.934995
0.29231779093163707	0.13092125373854552	861	0.00199456
0.42373523810888253	0.12965919098656883	862	0.0508175
0.817462481866379	0.12287334525570176	863	0.819732
0.049704376013850145	0.06380651574275296	864	4.49374e-05
1.188138452203178	0.12874464509936148	865	1.18765
0.4409882904287826	0.12645755780138235	866	0.0699761
0.8458311749956434	0.12565066733310318	867	0.839877
1.337549019912984	0.1278153488598777	868	1.34482
1.0705225370133231	0.1240539299721793	869	1.07524
0.889575341018636	0.12303144133629226	870	0.890177
0.642650896631729	0.12255307931364644	871	0.628524
1.160725632611484	0.13335413456188872	872	1.18672
0.6314006104108589	0.1244892441944578	873	0.617188
0.55974459153296	0.12966663115153643	874	0.499047
1.1007231429593916	0.12423522674021972	875	1.10277
0.6205544079831751	0.1296916686787645	876	0.608773
1.1389956729183794	0.12589763504970916	877	1.13409
0.7096101661023786	0.12152670454376877	878	0.713455
1.2099037383051126	0.12691739938255842	879	1.24923
0.771444924003462	0.12279544091557563	880	0.76843
0.6110534544522916	0.1242681229008632	881	0.585566
0.7600143480542895	0.12472130703157497	882	0.764478
0.9692485603604396	0.12703057380958535	883	0.970774
1.2936210323056756	0.1250264784659289	884	1.29267
0.7373683421664934	0.12389964717233751	885	0.734182
0.8518755011448585	0.12384480339764668	886	0.848159
0.7398979181405021	0.12392156855604881	887	0.737086
0.7085577544912234	0.12249216065106867	888	0.708284
0.582577315415443	0.12573480910644594	889	0.517561
1.1024613736759556	0.12287621445017431	890	1.10226
1.1538512933561262	0.1235827179223351	891	1.14672
1.3062093100972982	0.12489244468503775	892	1.3072
1.0993527307791753	0.12398315905206768	893	1.09998
0.9179001996962675	0.1271192082600698	894	0.91643
1.3867642178443955	0.12633752763544567	895	1.38563
1.642881148588912	0.12654421660621293	896	1.63822
1.0461551916842138	0.12135558456661658	897	1.06475
0.7507290766724297	0.12424006943124033	898	0.748956
0.11126440837175613	0.10303188676492704	899	0.000149042
1.0576085022687733	0.12540930855359272	900	1.06206
0.4226433870686847	0.1337884240170903	901	0.0174229
1.401268152798421	0.1265989671942101	902	1.40047
1.10479567848732	0.12176744887027592	903	1.10256
1.1808138088985205	0.12323387767260777	904	1.18033
1.1931919411141876	0.12587195308930713	905	1.16765
0.7407853076218323	0.12514977983923647	906	0.73728
1.071558337727912	0.12442129586995584	907	1.07008
1.1225822142285404	0.12331404157509024	908	1.1245
0.960800391979593	0.12139650998453023	909	0.922122
0.900605014964039	0.12331999306014434	910	0.903746
0.9266812890714055	0.12193864651042735	911	0.928062
0.8884429519018429	0.12506375395247823	912	0.876284
0.9226275949166005	0.12534350924985058	913	0.92402
0.8818890967543044	0.12106268330622985	914	0.892601
0.529762830936608	0.12249522690978942	915	0.247529
0.9639047322349448	0.12210361558430793	916	0.96162
0.5668478637050556	0.12637875097203588	917	0.402404
1.0253068837046408	0.12384044065969083	918	1.02293
1.1477710420092917	0.12205874762175416	919	1.13638
1.2280765136788983	0.13090357511619302	920	1.22256
1.0606360381255362	0.12216868852725268	921	1.0628
1.0512565597258403	0.12174646021974703	922	1.01354
1.009213020546315	0.12365889921365258	923	1.01031
1.1605864990483155	0.12364848321409017	924	1.11605
0.48767897233976776	0.1286519981437173	925	0.126385
0.8428593837819673	0.12097381199589505	926	0.835476
0.9137918874843204	0.1272021886834323	927	0.895121
1.0673519021374327	0.121744391535703	928	1.06406
1.062166739374099	0.12338473377016658	929	1.06925
1.572672185984941	0.12869026720882876	930	1.57319
1.0099237961367151	0.12284788263058881	931	1.01212
1.1868715553237421	0.12271746391987605	932	1.18484
0.9763452311695444	0.12413354643261076	933	0.942919
1.0934749980639378	0.12228718418810798	934	1.09392
0.9288323946190518	0.12494795138143548	935	0.929128
1.0048733605317677	0.1216108175544371	936	1.00591
1.4924919864810438	0.1252033244663968	937	1.48011
0.36419614604879685	0.1337641040086532	938	0.00740395
1.164354748722581	0.1220942944193316	939	1.15666
0.7359291371149783	0.12540755835283973	940	0.73281
1.051155331157356	0.12221465521100659	941	1.05195
0.6405135581437285	0.12236257205522837	942	0.638306
1.3913748565741368	0.1252428662020513	943	1.3909
0.9972776408312528	0.1224072006282597	944	0.997155
1.120835327448273	0.12464028104286717	945	1.12242
0.9447154508826362	0.12163975221337331	946	0.946608
1.0178679835710125	0.12247711109118069	947	1.01692
1.3289774603494078	0.12324041188715468	948	1.33016
1.2381584995074544	0.1272608657498197	949	1.23867
1.4713563798628193	0.12661198992855718	950	1.46881
1.4237144863699271	0.12684695743667843	951	1.42272
0.7587489535924098	0.1237345984147426	952	0.757325
1.2829998656944022	0.12819261029874232	953	1.28444
0.8817117938968936	0.12050546727229175	954	0.880826
0.918265669596511	0.1225045453183709	955	0.918135
0.7896953488967834	0.1250426570365981	956	0.794834
1.1211028928318971	0.12371886045024212	957	1.0979
0.9306711310602553	0.12302228015529705	958	0.928964
0.7909067208590561	0.12231311932451668	959	0.799837
0.8493390837377491	0.12468967135778768	960	0.844763
0.8725959474171364	0.1217518369342203	961	0.874572
1.0359989610940186	0.12290378767922715	962	1.03632
1.4442853318285649	0.1313869347012987	963	1.44437
1.4699818223287633	0.1263305680662902	964	1.46395
1.0368159385429008	0.12484641209545488	965	1.03472
0.9221279596343055	0.12282229735185926	966	0.928115
0.768493896657585	0.12534997487657445	967	0.781677
0.7945345368251844	0.12233948145541244	968	0.78899
1.0014966270893595	0.12193554928758063	969	1.01402
0.5974058068095089	0.12939894035357072	970	0.570134
1.1751178250879148	0.12351844013963592	971	1.17439
0.8644403358608796	0.12346856883132544	972	0.873895
1.004191203958075	0.12482752924862567	973	0.994398
0.7191445794886914	0.12377528280804068	974	0.716141
0.9887722805291734	0.12141201626616072	975	0.988262
1.205461112249942	0.1221405954007712	976	1.20251
0.47938314360212997	0.1237641742519981	977	0.16819
0.76387718690807	0.12178573067181989	978	0.76013
0.8684984262900067	0.12375635174881193	979	0.870815
0.85882460412197	0.12268184580723787	980	0.855211
0.7256072948235502	0.12382115539586232	981	0.723205
1.0996950048152785	0.12240399730927985	982	1.11761
1.1696743543297274	0.12217170428347326	983	1.16769
1.196663548831586	0.12401449938665964	984	1.19566
0.7915144948801135	0.1280836853330665	985	0.791491
0.7164945901568784	0.12242363817574402	986	0.742982
1.3298333548960033	0.1276295593935581	987	1.32912
0.9850613106151459	0.12562631458404028	988	0.986564
1.5087804032928136	0.12718404763818048	989	1.51055
1.3235047871448873	0.13220052572620683	990	1.33195
1.2858271615621681	0.1280205266338106	991	1.28724
0.8621776926245585	0.1312681024179366	992	0.835342
0.6417525469907055	0.12165324300860375	993	0.636108
0.5658509472491994	0.12287655005287267	994	0.473678
0.944211870917727	0.12317750998988047	995	0.94246
0.8111087271664268	0.12241640988660078	996	0.804609
0.3749309699986573	0.12632693035112666	997	0.0111599
1.247763191149246	0.1254932700089032	998	1.265
0.6623193355521956	0.1231739095074846	999	0.655282
1.2087576681371623	0.1226004126689219	1000	1.20528
0.7942910207850337	0.12434553018267136	1001	0.798128
0.927571716005377	0.12364940893899877	1002	0.944522
1.0805949642556247	0.12464572235897696	1003	1.08221
1.3656269889672088	0.12441597747510837	1004	1.36315
0.6880380633212765	0.1208005099615173	1005	0.684196
1.1099303470614177	0.12251745609122083	1006	1.10681
0.9484027746583509	0.12457245091342602	1007	0.944673
0.9667434522183272	0.12174526076120903	1008	0.995695
0.76974111239113	0.12420324417200133	1009	0.752106
1.1107981520514458	0.12393343830539738	1010	1.13643
0.5280830448934161	0.1242053237799838	1011	0.265565
0.8662964100986141	0.12225750690715492	1012	0.871827
0.9727062887327382	0.12449073245627956	1013	0.961901
1.1146147239961877	0.13075650057134397	1014	1.11591
1.1088358572898394	0.1212005932075037	1015	1.11153
0.8876904654158655	0.12204004104009558	1016	0.891683
0.5990849049108932	0.1252436194719733	1017	0.559416
0.8804415243492569	0.12266064813051393	1018	0.88056
0.9134525996689372	0.12405883738160828	1019	0.938644
1.3541261802238833	0.12743411101599122	1020	1.36278
1.6391089635439426	0.12921448211075112	1021	1.63633
1.1309073028799395	0.1266444513537117	1022	1.13133
1.1621764091275482	0.12426385354369687	1023	1.21523
